# channels number
1
# samples number
500
# sampling rate
1
# start date
01-01-0001
# start time
00:00:00.000
# channels names
Model_8_1
40.70905
-15.00026
-49.6038
-15.58947
38.92686
38.71661
-13.97446
-45.23959
-13.90749
33.93311
32.93431
-11.58075
-36.44701
-10.86416
25.61774
23.92818
-8.053431
-24.08674
-6.757363
14.79474
12.57979
-3.737788
-9.3687
-1.989111
2.523519
-6.546597E-15
0.9437361
6.266417
2.97385
-9.99472
-12.57979
5.532881
21.28813
7.645709
-21.53461
-23.92818
9.580428
34.22602
11.56915
-30.96653
-32.93431
12.69018
43.81362
14.36013
-37.36724
-38.71661
14.55772
49.11244
15.74543
-40.11018
-40.70905
15.00026
49.6038
15.58947
-38.92686
-38.71661
13.97446
45.23959
13.90749
-33.93311
-32.93431
11.58075
36.44701
10.86416
-25.61774
-23.92818
8.053431
24.08674
6.757363
-14.79474
-12.57979
3.737788
9.3687
1.989111
-2.523519
-7.477884E-15
-0.9437361
-6.266417
-2.97385
9.99472
12.57979
-5.532881
-21.28813
-7.645709
21.53461
23.92818
-9.580428
-34.22602
-11.56915
30.96653
32.93431
-12.69018
-43.81362
-14.36013
37.36724
38.71661
-14.55772
-49.11244
-15.74543
40.11018
40.70905
-15.00026
-49.6038
-15.58947
38.92686
38.71661
-13.97446
-45.23959
-13.90749
33.93311
32.93431
-11.58075
-36.44701
-10.86416
25.61774
23.92818
-8.053431
-24.08674
-6.757363
14.79474
12.57979
-3.737788
-9.3687
-1.989111
2.523519
-2.369376E-14
0.9437361
6.266417
2.97385
-9.99472
-12.57979
5.532881
21.28813
7.645709
-21.53461
-23.92818
9.580428
34.22602
11.56915
-30.96653
-32.93431
12.69018
43.81362
14.36013
-37.36724
-38.71661
14.55772
49.11244
15.74543
-40.11018
-40.70905
15.00026
49.6038
15.58947
-38.92686
-38.71661
13.97446
45.23959
13.90749
-33.93311
-32.93431
11.58075
36.44701
10.86416
-25.61774
-23.92818
8.053431
24.08674
6.757363
-14.79474
-12.57979
3.737788
9.3687
1.989111
-2.523519
5.48654E-14
-0.9437361
-6.266417
-2.97385
9.99472
12.57979
-5.532881
-21.28813
-7.645709
21.53461
23.92818
-9.580428
-34.22602
-11.56915
30.96653
32.93431
-12.69018
-43.81362
-14.36013
37.36724
38.71661
-14.55772
-49.11244
-15.74543
40.11018
40.70905
-15.00026
-49.6038
-15.58947
38.92686
38.71661
-13.97446
-45.23959
-13.90749
33.93311
32.93431
-11.58075
-36.44701
-10.86416
25.61774
23.92818
-8.053431
-24.08674
-6.757363
14.79474
12.57979
-3.737788
-9.3687
-1.989111
2.523519
-4.988014E-14
0.9437361
6.266417
2.97385
-9.99472
-12.57979
5.532881
21.28813
7.645709
-21.53461
-23.92818
9.580428
34.22602
11.56915
-30.96653
-32.93431
12.69018
43.81362
14.36013
-37.36724
-38.71661
14.55772
49.11244
15.74543
-40.11018
-40.70905
15.00026
49.6038
15.58947
-38.92686
-38.71661
13.97446
45.23959
13.90749
-33.93311
-32.93431
11.58075
36.44701
10.86416
-25.61774
-23.92818
8.053431
24.08674
6.757363
-14.79474
-12.57979
3.737788
9.3687
1.989111
-2.523519
4.489489E-14
-0.9437361
-6.266417
-2.97385
9.99472
12.57979
-5.532881
-21.28813
-7.645709
21.53461
23.92818
-9.580428
-34.22602
-11.56915
30.96653
32.93431
-12.69018
-43.81362
-14.36013
37.36724
38.71661
-14.55772
-49.11244
-15.74543
40.11018
40.70905
-15.00026
-49.6038
-15.58947
38.92686
38.71661
-13.97446
-45.23959
-13.90749
33.93311
32.93431
-11.58075
-36.44701
-10.86416
25.61774
23.92818
-8.053431
-24.08674
-6.757363
14.79474
12.57979
-3.737788
-9.3687
-1.989111
2.523519
-3.990963E-14
0.9437361
6.266417
2.97385
-9.99472
-12.57979
5.532881
21.28813
7.645709
-21.53461
-23.92818
9.580428
34.22602
11.56915
-30.96653
-32.93431
12.69018
43.81362
14.36013
-37.36724
-38.71661
14.55772
49.11244
15.74543
-40.11018
-40.70905
15.00026
49.6038
15.58947
-38.92686
-38.71661
13.97446
45.23959
13.90749
-33.93311
-32.93431
11.58075
36.44701
10.86416
-25.61774
-23.92818
8.053431
24.08674
6.757363
-14.79474
-12.57979
3.737788
9.3687
1.989111
-2.523519
3.492438E-14
-0.9437361
-6.266417
-2.97385
9.99472
12.57979
-5.532881
-21.28813
-7.645709
21.53461
23.92818
-9.580428
-34.22602
-11.56915
30.96653
32.93431
-12.69018
-43.81362
-14.36013
37.36724
38.71661
-14.55772
-49.11244
-15.74543
40.11018
40.70905
-15.00026
-49.6038
-15.58947
38.92686
38.71661
-13.97446
-45.23959
-13.90749
33.93311
32.93431
-11.58075
-36.44701
-10.86416
25.61774
23.92818
-8.053431
-24.08674
-6.757363
14.79474
12.57979
-3.737788
-9.3687
-1.989111
2.523519
-2.993912E-14
0.9437361
6.266417
2.97385
-9.99472
-12.57979
5.532881
21.28813
7.645709
-21.53461
-23.92818
9.580428
34.22602
11.56915
-30.96653
-32.93431
12.69018
43.81362
14.36013
-37.36724
-38.71661
14.55772
49.11244
15.74543
-40.11018
-40.70905
15.00026
49.6038
15.58947
-38.92686
-38.71661
13.97446
45.23959
13.90749
-33.93311
-32.93431
11.58075
36.44701
10.86416
-25.61774
-23.92818
8.053431
24.08674
6.757363
-14.79474
-12.57979
3.737788
9.3687
1.989111
-2.523519
2.495387E-14
-0.9437361
-6.266417
-2.97385
9.99472
12.57979
-5.532881
-21.28813
-7.645709
21.53461
23.92818
-9.580428
-34.22602
-11.56915
30.96653
32.93431
-12.69018
-43.81362
-14.36013
37.36724
38.71661
-14.55772
-49.11244
-15.74543
40.11018
