# channels number
7
# samples number
1000
# sampling rate
1
# start date
01-01-0001
# start time
00:00:00.000
# channels names
Model_1_1;Model_2_1;Model_3_1;Model_4_1;Model_4_2;Model_4_3;Model_4_4
0 0 1 0.00109083 0.00109083 8.726645E-05 0
0 0 0.998 0.00196349 0.005454046 0.0005235964 0.0004363309
0 0 0.996004 0.002836145 0.009816846 0.0009599163 0.0008726536
0 0 0.994012 0.003708791 0.0141789 0.001396218 0.00130896
0 0 0.9920239 0.004581425 0.01853987 0.001832493 0.001745241
0 0 0.9900399 0.005454046 0.02289943 0.002268733 0.002181489
0 0 0.9880598 0.00632665 0.02725725 0.00270493 0.002617695
0 0 0.9860837 0.007199234 0.03161299 0.003141076 0.003053851
0 0 0.9841115 0.008071797 0.03596633 0.003577162 0.00348995
0 0 0.9821433 0.008944335 0.04031692 0.004013179 0.003925981
0 0 0.9801791 0.009816846 0.04466445 0.00444912 0.004361939
0 0 0.9782187 0.01068933 0.04900857 0.004884977 0.004797813
0 0 0.9762623 0.01156178 0.05334896 0.00532074 0.005233596
0 0 0.9743097 0.01243419 0.05768529 0.005756403 0.005669279
0 0 0.9723611 0.01330656 0.06201722 0.006191955 0.006104854
0 0 0.9704164 0.0141789 0.06634444 0.00662739 0.006540313
0 0 0.9684755 0.01505119 0.0706666 0.007062699 0.006975648
0 0 0.9665386 0.01592344 0.07498338 0.007497873 0.007410849
0 0 0.9646055 0.01679563 0.07929444 0.007932904 0.007845909
0 0 0.9626763 0.01766778 0.08359948 0.008367784 0.008280821
0 0 0.9607509 0.01853987 0.08789814 0.008802505 0.008715575
0 0 0.9588295 0.01941191 0.09219011 0.009237058 0.009150161
0 0 0.9569118 0.02028389 0.09647506 0.009671437 0.009584575
0 0 0.954998 0.0211558 0.1007527 0.01010563 0.01001881
0 0 0.953088 0.02202765 0.1050226 0.01053963 0.01045285
0 0 0.9511818 0.02289943 0.1092845 0.01097343 0.01088669
0 0 0.9492794 0.02377115 0.1135381 0.01140702 0.01132032
0 0 0.9473809 0.02464279 0.1177831 0.0118404 0.01175374
0 0 0.9454861 0.02551435 0.1220191 0.01227355 0.01218693
0 0 0.9435952 0.02638584 0.1262458 0.01270646 0.0126199
0 0 0.941708 0.02725725 0.1304629 0.01313913 0.01305262
0 0 0.9398245 0.02812858 0.13467 0.01357156 0.01348509
0 0 0.9379449 0.02899981 0.1388669 0.01400372 0.01391731
0 0 0.936069 0.02987097 0.1430532 0.01443562 0.01434926
0 0 0.9341969 0.03074203 0.1472287 0.01486724 0.01478094
0 0 0.9323285 0.03161299 0.1513929 0.01529858 0.01521234
0 0 0.9304638 0.03248386 0.1555456 0.01572963 0.01564345
0 0 0.9286029 0.03335463 0.1596864 0.01616038 0.01607426
0 0 0.9267457 0.0342253 0.1638151 0.01659082 0.01650476
0 0 0.9248922 0.03509587 0.1679313 0.01702095 0.01693495
0 0 0.9230424 0.03596633 0.1720347 0.01745075 0.01736482
0 0 0.9211963 0.03683668 0.176125 0.01788022 0.01779435
0 0 0.9193539 0.03770691 0.1802019 0.01830935 0.01822355
0 0 0.9175152 0.03857704 0.1842651 0.01873813 0.0186524
0 0 0.9156802 0.03944704 0.1883142 0.01916656 0.0190809
0 0 0.9138488 0.04031692 0.1923491 0.01959462 0.01950903
0 0 0.9120211 0.04118668 0.1963692 0.0200223 0.01993679
0 0 0.9101971 0.04205632 0.2003744 0.0204496 0.02036417
0 0 0.9083767 0.04292583 0.2043644 0.02087652 0.02079117
0 0 0.9065599 0.0437952 0.2083387 0.02130304 0.02121777
0 0 0.9047468 0.04466445 0.2122973 0.02172915 0.02164396
0 0 0.9029374 0.04553355 0.2162396 0.02215485 0.02206974
0 0 0.9011315 0.04640252 0.2201655 0.02258013 0.02249511
0 0 0.8993292 0.04727135 0.2240746 0.02300497 0.02292004
0 0 0.8975306 0.04814003 0.2279667 0.02342938 0.02334454
0 0 0.8957354 0.04900857 0.2318413 0.02385334 0.02376859
0 0 0.893944 0.04987696 0.2356984 0.02427685 0.02419219
0 0 0.8921561 0.05074519 0.2395374 0.0246999 0.02461533
0 0 0.8903718 0.05161327 0.2433583 0.02512248 0.025038
0 0 0.8885911 0.0524812 0.2471606 0.02554458 0.02546019
0 0 0.8868139 0.05334896 0.2509441 0.02596619 0.02588191
0 0 0.8850402 0.05421656 0.2547085 0.0263873 0.02630312
0 0 0.8832701 0.055084 0.2584535 0.02680792 0.02672384
0 0 0.8815036 0.05595127 0.2621787 0.02722802 0.02714404
0 0 0.8797406 0.05681837 0.2658841 0.02764761 0.02756374
0 0 0.8779811 0.05768529 0.2695692 0.02806667 0.0279829
0 0 0.8762252 0.05855204 0.2732337 0.0284852 0.02840154
0 0 0.8744727 0.05941861 0.2768775 0.02890318 0.02881963
0 0 0.8727238 0.060285 0.2805001 0.02932061 0.02923717
0 0 0.8709784 0.06115121 0.2841014 0.02973749 0.02965416
0 0 0.8692364 0.06201722 0.2876811 0.0301538 0.03007058
0 0 0.8674979 0.06288306 0.2912388 0.03056953 0.03048643
0 0 0.8657629 0.06374869 0.2947744 0.03098468 0.0309017
0 0 0.8640314 0.06461414 0.2982876 0.03139925 0.03131638
0 0 0.8623033 0.06547939 0.301778 0.03181321 0.03173047
0 0 0.8605787 0.06634444 0.3052454 0.03222657 0.03214395
0 0 0.8588576 0.06720929 0.3086896 0.03263931 0.03255682
0 0 0.8571398 0.06807393 0.3121103 0.03305144 0.03296907
0 0 0.8554255 0.06893836 0.3155072 0.03346293 0.03338069
0 0 0.8537147 0.06980259 0.3188801 0.03387379 0.03379167
0 0 0.8520073 0.0706666 0.3222287 0.03428401 0.03420201
0 0 0.8503032 0.07153039 0.3255527 0.03469357 0.03461171
0 0 0.8486027 0.07239398 0.328852 0.03510246 0.03502074
0 0 0.8469055 0.07325733 0.3321262 0.0355107 0.03542911
0 0 0.8452116 0.07412047 0.3353752 0.03591825 0.03583679
0 0 0.8435212 0.07498338 0.3385985 0.03632512 0.0362438
0 0 0.8418342 0.07584606 0.3417962 0.0367313 0.03665012
0 0 0.8401505 0.07670851 0.3449677 0.03713678 0.03705574
0 0 0.8384702 0.07757072 0.348113 0.03754156 0.03746066
0 0 0.8367932 0.0784327 0.3512318 0.03794562 0.03786486
0 0 0.8351197 0.07929444 0.3543239 0.03834895 0.03826834
0 0 0.8334494 0.08015595 0.3573889 0.03875156 0.03867109
0 0 0.8317825 0.0810172 0.3604268 0.03915343 0.03907311
0 0 0.830119 0.08187821 0.3634372 0.03955455 0.03947439
0 0 0.8284587 0.08273897 0.3664199 0.03995492 0.03987491
0 0 0.8268018 0.08359948 0.3693748 0.04035453 0.04027467
0 0 0.8251482 0.08445973 0.3723014 0.04075337 0.04067367
0 0 0.8234979 0.08531973 0.3751998 0.04115143 0.04107188
0 0 0.8218509 0.08617946 0.3780695 0.04154872 0.04146932
0 0 0.8202072 0.08703893 0.3809105 0.04194521 0.04186597
0 0 0.8185668 0.08789814 0.3837225 0.0423409 0.04226183
0 0 0.8169297 0.08875708 0.3865052 0.04273579 0.04265687
0 0 0.8152958 0.08961575 0.3892585 0.04312986 0.04305111
0 0 0.8136652 0.09047414 0.3919822 0.04352311 0.04344453
0 0 0.8120379 0.09133226 0.394676 0.04391553 0.04383712
0 0 0.8104138 0.09219011 0.3973398 0.04430712 0.04422887
0 0 0.808793 0.09304767 0.3999733 0.04469786 0.04461978
0 0 0.8071754 0.09390495 0.4025763 0.04508775 0.04500984
0 0 0.8055611 0.09476195 0.4051487 0.04547679 0.04539905
0 0 0.80395 0.09561864 0.4076902 0.04586495 0.04578739
0 0 0.8023421 0.09647506 0.4102007 0.04625225 0.04617486
0 0 0.8007373 0.09733118 0.41268 0.04663866 0.04656145
0 0 0.7991359 0.098187 0.4151278 0.04702419 0.04694716
0 0 0.7975376 0.09904252 0.417544 0.04740882 0.04733197
0 0 0.7959425 0.09989774 0.4199284 0.04779255 0.04771588
0 0 0.7943506 0.1007527 0.4222808 0.04817537 0.04809888
0 0 0.7927619 0.1016073 0.4246011 0.04855727 0.04848096
0 0 0.7911764 0.1024616 0.426889 0.04893824 0.04886213
0 0 0.7895941 0.1033156 0.4291444 0.04931829 0.04924235
0 0 0.7880149 0.1041692 0.4313672 0.0496974 0.04962165
0 0 0.7864388 0.1050226 0.4335571 0.05007556 0.05
0 0 0.784866 0.1058756 0.435714 0.05045276 0.0503774
0 0 0.7832962 0.1067283 0.4378377 0.05082901 0.05075384
0 0 0.7817296 0.1075807 0.439928 0.05120429 0.05112931
0 0 0.7801662 0.1084328 0.4419849 0.05157859 0.05150381
0 0 0.7786058 0.1092845 0.4440081 0.05195191 0.05187733
0 0 0.7770486 0.1101359 0.4459974 0.05232424 0.05224986
0 0 0.7754945 0.110987 0.4479528 0.05269558 0.05262139
0 0 0.7739435 0.1118377 0.4498741 0.05306591 0.05299193
0 0 0.7723957 0.1126881 0.4517612 0.05343524 0.05336145
0 0 0.7708509 0.1135381 0.4536138 0.05380354 0.05372996
0 0 0.7693092 0.1143878 0.4554319 0.05417082 0.05409745
0 0 0.7677705 0.1152372 0.4572153 0.05453707 0.0544639
0 0 0.766235 0.1160862 0.4589639 0.05490228 0.05482932
0 0 0.7647026 0.1169348 0.4606776 0.05526645 0.0551937
0 0 0.7631732 0.1177831 0.4623561 0.05562956 0.05555702
0 0 0.7616468 0.118631 0.4639995 0.05599162 0.05591929
0 0 0.7601235 0.1194786 0.4656075 0.0563526 0.05628049
0 0 0.7586033 0.1203258 0.46718 0.05671252 0.05664063
0 0 0.757086 0.1211726 0.468717 0.05707136 0.05699968
0 0 0.7555718 0.1220191 0.4702183 0.05742911 0.05735764
0 0 0.7540607 0.1228652 0.4716837 0.05778576 0.05771452
0 0 0.7525526 0.1237109 0.4731133 0.05814132 0.05807029
0 0 0.7510475 0.1245562 0.4745068 0.05849577 0.05842497
0 0 0.7495454 0.1254012 0.4758642 0.0588491 0.05877852
0 0 0.7480463 0.1262458 0.4771854 0.05920132 0.05913097
0 0 0.7465502 0.12709 0.4784702 0.05955241 0.05948228
0 0 0.7450571 0.1279338 0.4797185 0.05990236 0.05983246
0 0 0.743567 0.1287772 0.4809304 0.06025117 0.0601815
0 0 0.7420799 0.1296202 0.4821056 0.06059884 0.0605294
0 0 0.7405957 0.1304629 0.4832441 0.06094535 0.06087614
0 0 0.7391145 0.1313051 0.4843458 0.0612907 0.06122173
0 0 0.7376363 0.1321469 0.4854106 0.06163489 0.06156615
0 0 0.736161 0.1329884 0.4864385 0.0619779 0.0619094
0 0 0.7346887 0.1338294 0.4874293 0.06231974 0.06225146
0 0 0.7332193 0.13467 0.4883829 0.06266038 0.06259235
0 0 0.7317529 0.1355102 0.4892994 0.06299984 0.06293204
0 0 0.7302894 0.13635 0.4901787 0.06333809 0.06327053
0 0 0.7288288 0.1371894 0.4910206 0.06367514 0.06360782
0 0 0.7273712 0.1380284 0.4918251 0.06401097 0.0639439
0 0 0.7259164 0.1388669 0.4925921 0.06434558 0.06427876
0 0 0.7244645 0.139705 0.4933217 0.06467897 0.0646124
0 0 0.7230156 0.1405427 0.4940136 0.06501114 0.0649448
0 0 0.7215696 0.14138 0.494668 0.06534206 0.06527597
0 0 0.7201265 0.1422168 0.4952847 0.06567174 0.0656059
0 0 0.7186862 0.1430532 0.4958636 0.06600016 0.06593458
0 0 0.7172489 0.1438892 0.4964048 0.06632734 0.06626201
0 0 0.7158144 0.1447247 0.4969082 0.06665324 0.06658816
0 0 0.7143827 0.1455598 0.4973738 0.06697789 0.06691306
0 0 0.7129539 0.1463945 0.4978015 0.06730125 0.06723668
0 0 0.7115281 0.1472287 0.4981912 0.06762333 0.06755902
0 0 0.710105 0.1480624 0.4985431 0.06794413 0.06788007
0 0 0.7086848 0.1488957 0.4988569 0.06826364 0.06819984
0 0 0.7072674 0.1497286 0.4991328 0.06858183 0.0685183
0 0 0.7058529 0.150561 0.4993707 0.06889873 0.06883546
0 0 0.7044412 0.1513929 0.4995705 0.06921431 0.0691513
0 0 0.7030323 0.1522244 0.4997323 0.06952859 0.06946584
0 0 0.7016262 0.1530554 0.499856 0.06984153 0.06977905
0 0 0.700223 0.1538859 0.4999417 0.07015314 0.07009093
0 0 0.6988225 0.154716 0.4999893 0.07046342 0.07040147
0 0 0.6974249 0.1555456 0.4999988 0.07077236 0.07071068
0 0 0.69603 0.1563747 0.4999703 0.07107995 0.07101854
0 0 0.694638 0.1572033 0.4999036 0.07138618 0.07132504
0 0 0.6932487 0.1580315 0.4997989 0.07169106 0.07163019
0 0 0.6918622 0.1588592 0.4996561 0.07199457 0.07193398
0 0 0.6904784 0.1596864 0.4994753 0.07229672 0.0722364
0 0 0.6890975 0.1605131 0.4992565 0.07259748 0.07253744
0 0 0.6877193 0.1613394 0.4989996 0.07289686 0.0728371
0 0 0.6863438 0.1621651 0.4987047 0.07319486 0.07313537
0 0 0.6849712 0.1629903 0.4983719 0.07349146 0.07343225
0 0 0.6836013 0.1638151 0.4980011 0.07378666 0.07372773
0 0 0.682234 0.1646393 0.4975924 0.07408046 0.07402182
0 0 0.6808696 0.1654631 0.4971457 0.07437285 0.07431448
0 0 0.6795079 0.1662863 0.4966612 0.07466382 0.07460574
0 0 0.6781488 0.1671091 0.496139 0.07495337 0.07489558
0 0 0.6767925 0.1679313 0.4955789 0.07524149 0.07518398
0 0 0.6754389 0.168753 0.4949811 0.07552818 0.07547096
0 0 0.6740881 0.1695742 0.4943455 0.07581344 0.0757565
0 0 0.6727399 0.1703949 0.4936723 0.07609724 0.0760406
0 0 0.6713944 0.1712151 0.4929616 0.0763796 0.07632325
0 0 0.6700516 0.1720347 0.4922133 0.07666051 0.07660444
0 0 0.6687115 0.1728538 0.4914275 0.07693996 0.07688418
0 0 0.6673741 0.1736724 0.4906043 0.07721794 0.07716246
0 0 0.6660393 0.1744905 0.4897437 0.07749445 0.07743926
0 0 0.6647072 0.175308 0.4888459 0.07776949 0.0777146
0 0 0.6633778 0.176125 0.4879107 0.07804304 0.07798845
0 0 0.6620511 0.1769415 0.4869385 0.07831511 0.07826082
0 0 0.660727 0.1777574 0.4859292 0.07858569 0.07853169
0 0 0.6594055 0.1785728 0.4848828 0.07885477 0.07880107
0 0 0.6580867 0.1793876 0.4837995 0.07912235 0.07906896
0 0 0.6567705 0.1802019 0.4826794 0.07938842 0.07933533
0 0 0.655457 0.1810157 0.4815226 0.07965299 0.0796002
0 0 0.6541461 0.1818289 0.480329 0.07991604 0.07986355
0 0 0.6528378 0.1826415 0.4790989 0.08017757 0.08012538
0 0 0.6515321 0.1834536 0.4778323 0.08043756 0.08038568
0 0 0.650229 0.1842651 0.4765293 0.08069603 0.08064446
0 0 0.6489286 0.1850761 0.47519 0.08095296 0.0809017
0 0 0.6476308 0.1858865 0.4738146 0.08120836 0.0811574
0 0 0.6463355 0.1866963 0.472403 0.0814622 0.08141156
0 0 0.6450428 0.1875056 0.4709555 0.08171449 0.08166415
0 0 0.6437528 0.1883142 0.4694721 0.08196523 0.08191521
0 0 0.6424652 0.1891224 0.467953 0.08221441 0.0821647
0 0 0.6411803 0.1899299 0.4663982 0.08246201 0.08241262
0 0 0.6398979 0.1907369 0.4648079 0.08270806 0.08265898
0 0 0.6386181 0.1915433 0.4631822 0.08295252 0.08290376
0 0 0.6373409 0.1923491 0.4615212 0.08319541 0.08314696
0 0 0.6360662 0.1931543 0.4598251 0.08343671 0.08338858
0 0 0.6347941 0.1939589 0.458094 0.08367644 0.08362862
0 0 0.6335245 0.1947629 0.456328 0.08391456 0.08386706
0 0 0.6322575 0.1955664 0.4545272 0.08415108 0.0841039
0 0 0.6309929 0.1963692 0.4526918 0.084386 0.08433914
0 0 0.6297309 0.1971715 0.450822 0.08461931 0.08457278
0 0 0.6284715 0.1979731 0.4489178 0.08485102 0.08480481
0 0 0.6272146 0.1987741 0.4469794 0.08508111 0.08503522
0 0 0.6259601 0.1995746 0.445007 0.08530958 0.08526402
0 0 0.6247082 0.2003744 0.4430007 0.08553643 0.08549119
0 0 0.6234588 0.2011736 0.4409606 0.08576164 0.08571673
0 0 0.6222119 0.2019722 0.438887 0.08598523 0.08594064
0 0 0.6209674 0.2027702 0.43678 0.08620717 0.08616292
0 0 0.6197255 0.2035676 0.4346397 0.08642748 0.08638355
0 0 0.618486 0.2043644 0.4324663 0.08664614 0.08660254
0 0 0.6172491 0.2051605 0.4302599 0.08686315 0.08681988
0 0 0.6160146 0.205956 0.4280208 0.08707851 0.08703557
0 0 0.6147826 0.2067509 0.4257491 0.08729221 0.0872496
0 0 0.613553 0.2075451 0.423445 0.08750425 0.08746197
0 0 0.6123259 0.2083387 0.4211086 0.08771462 0.08767267
0 0 0.6111012 0.2091317 0.4187402 0.08792332 0.08788171
0 0 0.609879 0.2099241 0.4163398 0.08813035 0.08808907
0 0 0.6086593 0.2107158 0.4139078 0.08833569 0.08829476
0 0 0.607442 0.2115068 0.4114442 0.08853936 0.08849876
0 0 0.606227 0.2122973 0.4089494 0.08874135 0.08870108
0 0 0.6050146 0.213087 0.4064233 0.08894163 0.08890171
0 0 0.6038046 0.2138762 0.4038664 0.08914024 0.08910065
0 0 0.602597 0.2146646 0.4012786 0.08933714 0.08929789
0 0 0.6013918 0.2154524 0.3986603 0.08953234 0.08949344
0 0 0.600189 0.2162396 0.3960117 0.08972584 0.08968727
0 0 0.5989886 0.2170261 0.3933329 0.08991762 0.0898794
0 0 0.5977907 0.2178119 0.3906241 0.0901077 0.09006982
0 0 0.596595 0.2185971 0.3878856 0.09029606 0.09025853
0 0 0.5954019 0.2193816 0.3851175 0.0904827 0.09044551
0 0 0.594211 0.2201655 0.3823201 0.09066763 0.09063078
0 0 0.5930226 0.2209487 0.3794937 0.09085082 0.09081431
0 0 0.5918366 0.2217312 0.3766382 0.09103228 0.09099612
0 0 0.5906529 0.222513 0.3737542 0.09121201 0.0911762
0 0 0.5894716 0.2232941 0.3708416 0.09139001 0.09135455
0 0 0.5882927 0.2240746 0.3679008 0.09156626 0.09153115
0 0 0.5871161 0.2248544 0.364932 0.09174077 0.09170601
0 0 0.5859419 0.2256335 0.3619354 0.09191354 0.09187912
0 0 0.58477 0.2264119 0.3589113 0.09208455 0.09205049
0 0 0.5836005 0.2271896 0.3558598 0.09225381 0.0922201
0 0 0.5824332 0.2279667 0.3527812 0.09242132 0.09238795
0 0 0.5812684 0.228743 0.3496758 0.09258706 0.09255405
0 0 0.5801058 0.2295186 0.3465437 0.09275104 0.09271839
0 0 0.5789456 0.2302936 0.3433852 0.09291326 0.09288096
0 0 0.5777878 0.2310678 0.3402006 0.0930737 0.09304176
0 0 0.5766321 0.2318413 0.3369901 0.09323238 0.09320079
0 0 0.5754789 0.2326142 0.3337539 0.09338928 0.09335804
0 0 0.5743279 0.2333863 0.3304923 0.0935444 0.09351352
0 0 0.5731792 0.2341577 0.3272055 0.09369774 0.09366722
0 0 0.5720329 0.2349284 0.3238938 0.0938493 0.09381913
0 0 0.5708889 0.2356984 0.3205574 0.09399907 0.09396926
0 0 0.5697471 0.2364676 0.3171966 0.09414706 0.0941176
0 0 0.5686076 0.2372362 0.3138117 0.09429324 0.09426415
0 0 0.5674704 0.238004 0.3104029 0.09443764 0.0944089
0 0 0.5663354 0.2387711 0.3069704 0.09458023 0.09455185
0 0 0.5652028 0.2395374 0.3035146 0.09472103 0.09469301
0 0 0.5640724 0.2403031 0.3000356 0.09486002 0.09483237
0 0 0.5629442 0.241068 0.2965338 0.0949972 0.09496991
0 0 0.5618183 0.2418322 0.2930094 0.09513258 0.09510565
0 0 0.5606947 0.2425956 0.2894627 0.09526615 0.09523958
0 0 0.5595733 0.2433583 0.285894 0.0953979 0.09537169
0 0 0.5584542 0.2441203 0.2823035 0.09552784 0.095502
0 0 0.5573372 0.2448815 0.2786914 0.09565596 0.09563047
0 0 0.5562226 0.2456419 0.2750582 0.09578225 0.09575713
0 0 0.5551101 0.2464016 0.271404 0.09590672 0.09588198
0 0 0.5539999 0.2471606 0.2677292 0.09602937 0.09600499
0 0 0.5528919 0.2479188 0.2640339 0.09615019 0.09612617
0 0 0.5517861 0.2486763 0.2603186 0.09626918 0.09624553
0 0 0.5506825 0.249433 0.2565834 0.09638633 0.09636305
0 0 0.5495812 0.2501889 0.2528287 0.09650165 0.09647873
0 0 0.548482 0.2509441 0.2490547 0.09661514 0.09659258
0 0 0.547385 0.2516985 0.2452618 0.09672678 0.09670459
0 0 0.5462903 0.2524522 0.2414502 0.09683657 0.09681477
0 0 0.5451977 0.253205 0.2376202 0.09694453 0.09692309
0 0 0.5441073 0.2539571 0.2337721 0.09705064 0.09702957
0 0 0.5430191 0.2547085 0.2299062 0.09715492 0.09713421
0 0 0.5419331 0.255459 0.2260228 0.09725732 0.09723699
0 0 0.5408492 0.2562088 0.2221221 0.09735789 0.09733792
0 0 0.5397675 0.2569578 0.2182046 0.0974566 0.09743701
0 0 0.5386879 0.257706 0.2142705 0.09755345 0.09753423
0 0 0.5376106 0.2584535 0.21032 0.09764845 0.0976296
0 0 0.5365353 0.2592001 0.2063535 0.09774159 0.09772311
0 0 0.5354623 0.259946 0.2023713 0.09783287 0.09781476
0 0 0.5343913 0.260691 0.1983737 0.09792228 0.09790455
0 0 0.5333226 0.2614353 0.194361 0.09800983 0.09799247
0 0 0.5322559 0.2621787 0.1903335 0.09809551 0.09807853
0 0 0.5311914 0.2629214 0.1862915 0.09817933 0.09816272
0 0 0.530129 0.2636633 0.1822353 0.09826128 0.09824504
0 0 0.5290688 0.2644044 0.1781652 0.09834135 0.09832549
0 0 0.5280106 0.2651446 0.1740815 0.09841956 0.09840407
0 0 0.5269546 0.2658841 0.1699846 0.09849589 0.09848078
0 0 0.5259007 0.2666227 0.1658748 0.09857035 0.09855561
0 0 0.5248489 0.2673606 0.1617523 0.09864292 0.09862856
0 0 0.5237992 0.2680976 0.1576175 0.09871363 0.09869964
0 0 0.5227516 0.2688338 0.1534707 0.09878245 0.09876884
0 0 0.5217061 0.2695692 0.1493122 0.09884939 0.09883615
0 0 0.5206627 0.2703037 0.1451423 0.09891444 0.09890158
0 0 0.5196214 0.2710375 0.1409614 0.09897763 0.09896514
0 0 0.5185821 0.2717704 0.1367698 0.09903891 0.09902681
0 0 0.517545 0.2725025 0.1325677 0.09909832 0.09908659
0 0 0.5165099 0.2732337 0.1283555 0.09915584 0.09914449
0 0 0.5154768 0.2739641 0.1241336 0.09921147 0.09920049
0 0 0.5144459 0.2746937 0.1199022 0.09926521 0.09925462
0 0 0.513417 0.2754225 0.1156617 0.09931707 0.09930684
0 0 0.5123902 0.2761504 0.1114124 0.09936703 0.09935719
0 0 0.5113654 0.2768775 0.1071546 0.09941509 0.09940563
0 0 0.5103427 0.2776037 0.1028886 0.09946127 0.09945219
0 0 0.509322 0.2783291 0.0986148 0.09950556 0.09949685
0 0 0.5083033 0.2790536 0.09433348 0.09954794 0.09953962
0 0 0.5072867 0.2797773 0.09004498 0.09958844 0.09958049
0 0 0.5062721 0.2805001 0.08574963 0.09962704 0.09961947
0 0 0.5052596 0.2812221 0.08144774 0.09966374 0.09965655
0 0 0.5042491 0.2819432 0.07713965 0.09969854 0.09969173
0 0 0.5032406 0.2826635 0.07282569 0.09973145 0.09972502
0 0 0.5022341 0.2833829 0.06850617 0.09976245 0.0997564
0 0 0.5012296 0.2841014 0.06418144 0.09979156 0.09978589
0 0 0.5002272 0.2848191 0.05985183 0.09981877 0.09981348
0 0 0.4992267 0.2855359 0.05551765 0.09984408 0.09983917
0 0 0.4982283 0.2862518 0.05117925 0.09986749 0.09986296
0 0 0.4972318 0.2869669 0.04683695 0.09988899 0.09988484
0 0 0.4962373 0.2876811 0.04249109 0.09990859 0.09990482
0 0 0.4952449 0.2883944 0.03814199 0.09992629 0.0999229
0 0 0.4942544 0.2891068 0.03378998 0.09994209 0.09993909
0 0 0.4932659 0.2898184 0.0294354 0.09995598 0.09995336
0 0 0.4922794 0.2905291 0.02507858 0.09996798 0.09996573
0 0 0.4912948 0.2912388 0.02071985 0.09997807 0.0999762
0 0 0.4903122 0.2919478 0.01635954 0.09998626 0.09998477
0 0 0.4893316 0.2926558 0.01199799 0.09999254 0.09999143
0 0 0.4883529 0.2933629 0.007635518 0.09999692 0.09999619
0 0 0.4873762 0.2940691 0.003272469 0.09999939 0.09999905
0 0 0.4864014 0.2947744 -0.00109083 0.09999996 0.1
0 0 0.4854287 0.2954789 -0.005454046 0.09999863 0.09999905
0 0 0.4844578 0.2961824 -0.009816846 0.09999539 0.09999619
0 0 0.4834889 0.296885 -0.0141789 0.09999025 0.09999143
0 0 0.4825219 0.2975867 -0.01853987 0.09998321 0.09998477
0 0 0.4815569 0.2982876 -0.02289943 0.09997426 0.0999762
0 0 0.4805937 0.2989875 -0.02725725 0.09996341 0.09996573
0 0 0.4796326 0.2996865 -0.03161299 0.09995066 0.09995336
0 0 0.4786733 0.3003846 -0.03596633 0.099936 0.09993909
0 0 0.4777159 0.3010817 -0.04031692 0.09991944 0.0999229
0 0 0.4767605 0.301778 -0.04466445 0.09990098 0.09990482
0 0 0.475807 0.3024733 -0.04900857 0.09988061 0.09988484
0 0 0.4748554 0.3031677 -0.05334896 0.09985835 0.09986296
0 0 0.4739057 0.3038612 -0.05768529 0.09983418 0.09983917
0 0 0.4729578 0.3045538 -0.06201722 0.09980811 0.09981348
0 0 0.4720119 0.3052454 -0.06634444 0.09978015 0.09978589
0 0 0.4710679 0.3059361 -0.0706666 0.09975028 0.0997564
0 0 0.4701258 0.3066259 -0.07498338 0.09971851 0.09972502
0 0 0.4691855 0.3073147 -0.07929444 0.09968485 0.09969173
0 0 0.4682471 0.3080026 -0.08359948 0.09964929 0.09965655
0 0 0.4673107 0.3086896 -0.08789814 0.09961183 0.09961947
0 0 0.466376 0.3093756 -0.09219011 0.09957247 0.09958049
0 0 0.4654433 0.3100607 -0.09647506 0.09953122 0.09953962
0 0 0.4645124 0.3107448 -0.1007527 0.09948807 0.09949685
0 0 0.4635834 0.311428 -0.1050226 0.09944303 0.09945219
0 0 0.4626562 0.3121103 -0.1092845 0.09939609 0.09940563
0 0 0.4617309 0.3127916 -0.1135381 0.09934727 0.09935719
0 0 0.4608074 0.3134719 -0.1177831 0.09929655 0.09930684
0 0 0.4598858 0.3141513 -0.1220191 0.09924394 0.09925462
0 0 0.458966 0.3148297 -0.1262458 0.09918945 0.09920049
0 0 0.4580481 0.3155072 -0.1304629 0.09913306 0.09914449
0 0 0.457132 0.3161837 -0.13467 0.09907478 0.09908659
0 0 0.4562178 0.3168592 -0.1388669 0.09901462 0.09902681
0 0 0.4553053 0.3175338 -0.1430532 0.09895258 0.09896514
0 0 0.4543947 0.3182074 -0.1472287 0.09888865 0.09890158
0 0 0.4534859 0.3188801 -0.1513929 0.09882284 0.09883615
0 0 0.452579 0.3195517 -0.1555456 0.09875514 0.09876884
0 0 0.4516738 0.3202224 -0.1596864 0.09868557 0.09869964
0 0 0.4507704 0.3208922 -0.1638151 0.09861412 0.09862856
0 0 0.4498689 0.3215609 -0.1679313 0.09854079 0.09855561
0 0 0.4489692 0.3222287 -0.1720347 0.09846558 0.09848078
0 0 0.4480712 0.3228954 -0.176125 0.0983885 0.09840407
0 0 0.4471751 0.3235613 -0.1802019 0.09830955 0.09832549
0 0 0.4462807 0.3242261 -0.1842651 0.09822872 0.09824504
0 0 0.4453882 0.3248899 -0.1883142 0.09814603 0.09816272
0 0 0.4444974 0.3255527 -0.1923491 0.09806146 0.09807853
0 0 0.4436084 0.3262146 -0.1963692 0.09797504 0.09799247
0 0 0.4427212 0.3268754 -0.2003744 0.09788674 0.09790455
0 0 0.4418357 0.3275353 -0.2043644 0.09779658 0.09781476
0 0 0.4409521 0.3281941 -0.2083387 0.09770456 0.09772311
0 0 0.4400702 0.328852 -0.2122973 0.09761067 0.0976296
0 0 0.43919 0.3295088 -0.2162396 0.09751493 0.09753423
0 0 0.4383116 0.3301647 -0.2201655 0.09741734 0.09743701
0 0 0.437435 0.3308195 -0.2240746 0.09731789 0.09733792
0 0 0.4365602 0.3314734 -0.2279667 0.09721658 0.09723699
0 0 0.435687 0.3321262 -0.2318413 0.09711343 0.09713421
0 0 0.4348156 0.332778 -0.2356984 0.09700842 0.09702957
0 0 0.433946 0.3334288 -0.2395374 0.09690157 0.09692309
0 0 0.4330781 0.3340786 -0.2433583 0.09679288 0.09681477
0 0 0.432212 0.3347274 -0.2471606 0.09668234 0.09670459
0 0 0.4313475 0.3353752 -0.2509441 0.09656996 0.09659258
0 0 0.4304849 0.3360219 -0.2547085 0.09645575 0.09647873
0 0 0.4296239 0.3366676 -0.2584535 0.09633969 0.09636305
0 0 0.4287646 0.3373123 -0.2621787 0.0962218 0.09624553
0 0 0.4279071 0.3379559 -0.2658841 0.09610208 0.09612617
0 0 0.4270513 0.3385985 -0.2695692 0.09598053 0.09600499
0 0 0.4261972 0.3392401 -0.2732337 0.09585715 0.09588198
0 0 0.4253448 0.3398807 -0.2768775 0.09573195 0.09575713
0 0 0.4244941 0.3405202 -0.2805001 0.09560493 0.09563047
0 0 0.4236451 0.3411587 -0.2841014 0.09547608 0.095502
0 0 0.4227978 0.3417962 -0.2876811 0.09534542 0.09537169
0 0 0.4219522 0.3424326 -0.2912388 0.09521294 0.09523958
0 0 0.4211083 0.3430679 -0.2947744 0.09507865 0.09510565
0 0 0.4202661 0.3437022 -0.2982876 0.09494255 0.09496991
0 0 0.4194256 0.3443355 -0.301778 0.09480464 0.09483237
0 0 0.4185867 0.3449677 -0.3052454 0.09466492 0.09469301
0 0 0.4177496 0.3455989 -0.3086896 0.09452341 0.09455185
0 0 0.4169141 0.346229 -0.3121103 0.0943801 0.0944089
0 0 0.4160802 0.3468581 -0.3155072 0.09423498 0.09426415
0 0 0.4152481 0.3474861 -0.3188801 0.09408808 0.0941176
0 0 0.4144176 0.348113 -0.3222287 0.09393938 0.09396926
0 0 0.4135887 0.3487389 -0.3255527 0.09378889 0.09381913
0 0 0.4127616 0.3493637 -0.328852 0.09363662 0.09366722
0 0 0.411936 0.3499875 -0.3321262 0.09348257 0.09351352
0 0 0.4111122 0.3506102 -0.3353752 0.09332673 0.09335804
0 0 0.4102899 0.3512318 -0.3385985 0.09316912 0.09320079
0 0 0.4094694 0.3518524 -0.3417962 0.09300974 0.09304176
0 0 0.4086504 0.3524719 -0.3449677 0.09284858 0.09288096
0 0 0.4078331 0.3530903 -0.348113 0.09268566 0.09271839
0 0 0.4070175 0.3537076 -0.3512318 0.09252097 0.09255405
0 0 0.4062034 0.3543239 -0.3543239 0.09235452 0.09238795
0 0 0.405391 0.3549391 -0.3573889 0.09218632 0.0922201
0 0 0.4045802 0.3555532 -0.3604268 0.09201635 0.09205049
0 0 0.4037711 0.3561662 -0.3634372 0.09184464 0.09187912
0 0 0.4029635 0.3567781 -0.3664199 0.09167118 0.09170601
0 0 0.4021576 0.3573889 -0.3693748 0.09149597 0.09153115
0 0 0.4013533 0.3579987 -0.3723014 0.09131902 0.09135455
0 0 0.4005506 0.3586074 -0.3751998 0.09114033 0.0911762
0 0 0.3997495 0.3592149 -0.3780695 0.09095991 0.09099612
0 0 0.39895 0.3598214 -0.3809105 0.09077775 0.09081431
0 0 0.3981521 0.3604268 -0.3837225 0.09059387 0.09063078
0 0 0.3973558 0.3610311 -0.3865052 0.09040826 0.09044551
0 0 0.3965611 0.3616343 -0.3892585 0.09022093 0.09025853
0 0 0.395768 0.3622364 -0.3919822 0.09003188 0.09006982
0 0 0.3949764 0.3628373 -0.394676 0.08984111 0.0898794
0 0 0.3941865 0.3634372 -0.3973398 0.08964864 0.08968727
0 0 0.3933981 0.364036 -0.3999733 0.08945446 0.08949344
0 0 0.3926113 0.3646336 -0.4025763 0.08925858 0.08929789
0 0 0.3918261 0.3652302 -0.4051487 0.089061 0.08910065
0 0 0.3910424 0.3658256 -0.4076902 0.08886173 0.08890171
0 0 0.3902603 0.3664199 -0.4102007 0.08866075 0.08870108
0 0 0.3894798 0.3670131 -0.41268 0.0884581 0.08849876
0 0 0.3887008 0.3676052 -0.4151278 0.08825376 0.08829476
0 0 0.3879234 0.3681962 -0.417544 0.08804774 0.08808907
0 0 0.3871476 0.368786 -0.4199284 0.08784004 0.08788171
0 0 0.3863733 0.3693748 -0.4222808 0.08763067 0.08767267
0 0 0.3856006 0.3699623 -0.4246011 0.08741963 0.08746197
0 0 0.3848293 0.3705488 -0.426889 0.08720693 0.0872496
0 0 0.3840597 0.3711342 -0.4291444 0.08699256 0.08703557
0 0 0.3832916 0.3717183 -0.4313672 0.08677655 0.08681988
0 0 0.382525 0.3723014 -0.4335571 0.08655887 0.08660254
0 0 0.3817599 0.3728834 -0.435714 0.08633956 0.08638355
0 0 0.3809964 0.3734642 -0.4378377 0.08611859 0.08616292
0 0 0.3802344 0.3740439 -0.439928 0.08589599 0.08594064
0 0 0.379474 0.3746224 -0.4419849 0.08567175 0.08571673
0 0 0.378715 0.3751998 -0.4440081 0.08544588 0.08549119
0 0 0.3779576 0.375776 -0.4459974 0.08521838 0.08526402
0 0 0.3772017 0.3763511 -0.4479528 0.08498927 0.08503522
0 0 0.3764473 0.3769251 -0.4498741 0.08475854 0.08480481
0 0 0.3756944 0.3774979 -0.4517612 0.08452618 0.08457278
0 0 0.374943 0.3780695 -0.4536138 0.08429223 0.08433914
0 0 0.3741931 0.3786401 -0.4554319 0.08405666 0.0841039
0 0 0.3734447 0.3792094 -0.4572153 0.08381949 0.08386706
0 0 0.3726978 0.3797776 -0.4589639 0.08358074 0.08362862
0 0 0.3719524 0.3803446 -0.4606776 0.08334038 0.08338858
0 0 0.3712085 0.3809105 -0.4623561 0.08309845 0.08314696
0 0 0.3704661 0.3814752 -0.4639995 0.08285493 0.08290376
0 0 0.3697252 0.3820388 -0.4656075 0.08260983 0.08265898
0 0 0.3689857 0.3826012 -0.46718 0.08236316 0.08241262
0 0 0.3682477 0.3831624 -0.468717 0.08211492 0.0821647
1 1 0.3675112 0.3837225 -0.4702183 0.08186512 0.08191521
0 1 0.3667762 0.3842814 -0.4716837 0.08161376 0.08166415
0 1 0.3660427 0.3848391 -0.4731133 0.08136085 0.08141156
0 1 0.3653106 0.3853956 -0.4745068 0.08110638 0.0811574
0 1 0.36458 0.385951 -0.4758642 0.08085038 0.0809017
0 1 0.3638508 0.3865052 -0.4771854 0.08059283 0.08064446
0 1 0.3631231 0.3870583 -0.4784702 0.08033375 0.08038568
0 1 0.3623969 0.3876101 -0.4797185 0.08007314 0.08012538
0 1 0.3616721 0.3881608 -0.4809304 0.079811 0.07986355
0 1 0.3609487 0.3887102 -0.4821056 0.07954735 0.0796002
0 1 0.3602268 0.3892585 -0.4832441 0.07928218 0.07933533
0 1 0.3595064 0.3898056 -0.4843458 0.0790155 0.07906896
0 1 0.3587874 0.3903516 -0.4854106 0.07874732 0.07880107
0 1 0.3580698 0.3908963 -0.4864385 0.07847764 0.07853169
0 1 0.3573537 0.3914399 -0.4874293 0.07820646 0.07826082
0 1 0.3566389 0.3919822 -0.4883829 0.0779338 0.07798845
0 1 0.3559256 0.3925233 -0.4892994 0.07765965 0.0777146
0 1 0.3552138 0.3930633 -0.4901787 0.07738402 0.07743926
0 1 0.3545034 0.3936021 -0.4910206 0.07710692 0.07716246
0 1 0.3537944 0.3941396 -0.4918251 0.07682835 0.07688418
0 1 0.3530868 0.394676 -0.4925921 0.07654832 0.07660444
0 1 0.3523806 0.3952112 -0.4933217 0.07626683 0.07632325
0 1 0.3516759 0.3957452 -0.4940136 0.07598389 0.0760406
0 1 0.3509725 0.3962779 -0.494668 0.07569951 0.0757565
0 1 0.3502706 0.3968094 -0.4952847 0.07541367 0.07547096
0 1 0.34957 0.3973398 -0.4958636 0.07512642 0.07518398
0 1 0.3488709 0.3978689 -0.4964048 0.07483772 0.07489558
0 1 0.3481731 0.3983968 -0.4969082 0.0745476 0.07460574
0 1 0.3474768 0.3989235 -0.4973738 0.07425606 0.07431448
0 1 0.3467818 0.399449 -0.4978015 0.07396311 0.07402182
0 1 0.3460883 0.3999733 -0.4981912 0.07366875 0.07372773
0 1 0.3453961 0.4004963 -0.4985431 0.07337299 0.07343225
0 1 0.3447053 0.4010182 -0.4988569 0.07307582 0.07313537
0 1 0.3440159 0.4015388 -0.4991328 0.07277728 0.0728371
0 1 0.3433279 0.4020582 -0.4993707 0.07247734 0.07253744
0 1 0.3426412 0.4025763 -0.4995705 0.07217602 0.0722364
0 1 0.3419559 0.4030932 -0.4997323 0.07187333 0.07193398
0 1 0.341272 0.403609 -0.499856 0.07156927 0.07163019
0 1 0.3405895 0.4041235 -0.4999417 0.07126385 0.07132504
0 1 0.3399083 0.4046367 -0.4999893 0.07095707 0.07101854
0 1 0.3392285 0.4051487 -0.4999988 0.07064895 0.07071068
0 1 0.33855 0.4056595 -0.4999703 0.07033947 0.07040147
0 1 0.3378729 0.406169 -0.4999036 0.07002866 0.07009093
0 1 0.3371972 0.4066773 -0.4997989 0.06971651 0.06977905
0 1 0.3365228 0.4071844 -0.4996561 0.06940304 0.06946584
0 1 0.3358497 0.4076902 -0.4994753 0.06908824 0.0691513
0 1 0.335178 0.4081948 -0.4992565 0.06877213 0.06883546
0 1 0.3345077 0.4086982 -0.4989996 0.06845471 0.0685183
0 1 0.3338387 0.4092003 -0.4987047 0.06813598 0.06819984
0 1 0.333171 0.4097011 -0.4983719 0.06781597 0.06788007
0 1 0.3325046 0.4102007 -0.4980011 0.06749465 0.06755902
0 1 0.3318396 0.4106991 -0.4975924 0.06717206 0.06723668
0 1 0.331176 0.4111962 -0.4971457 0.06684818 0.06691306
0 1 0.3305136 0.411692 -0.4966612 0.06652304 0.06658816
0 1 0.3298526 0.4121866 -0.496139 0.06619662 0.06626201
0 1 0.3291929 0.41268 -0.4955789 0.06586894 0.06593458
0 1 0.3285345 0.413172 -0.4949811 0.06554002 0.0656059
0 1 0.3278774 0.4136629 -0.4943455 0.06520984 0.06527597
0 1 0.3272217 0.4141524 -0.4936723 0.06487842 0.0649448
0 1 0.3265672 0.4146408 -0.4929616 0.06454577 0.0646124
0 1 0.3259141 0.4151278 -0.4922133 0.06421189 0.06427876
0 1 0.3252622 0.4156136 -0.4914275 0.06387679 0.0639439
0 1 0.3246117 0.4160981 -0.4906043 0.06354046 0.06360782
0 1 0.3239625 0.4165813 -0.4897437 0.06320293 0.06327053
0 1 0.3233146 0.4170633 -0.4888459 0.0628642 0.06293204
0 1 0.322668 0.417544 -0.4879107 0.06252427 0.06259235
0 1 0.3220226 0.4180234 -0.4869385 0.06218315 0.06225146
0 1 0.3213786 0.4185016 -0.4859292 0.06184084 0.0619094
0 1 0.3207358 0.4189785 -0.4848828 0.06149736 0.06156615
0 1 0.3200943 0.4194541 -0.4837995 0.0611527 0.06122173
0 1 0.3194542 0.4199284 -0.4826794 0.06080689 0.06087614
0 1 0.3188152 0.4204015 -0.4815226 0.06045991 0.0605294
0 1 0.3181776 0.4208732 -0.480329 0.06011179 0.0601815
0 1 0.3175412 0.4213437 -0.4790989 0.05976252 0.05983246
0 1 0.3169062 0.4218129 -0.4778323 0.05941211 0.05948228
0 1 0.3162723 0.4222808 -0.4765293 0.05906057 0.05913097
0 1 0.3156398 0.4227475 -0.47519 0.0587079 0.05877852
0 1 0.3150086 0.4232128 -0.4738146 0.05835412 0.05842497
0 1 0.3143785 0.4236768 -0.472403 0.05799923 0.05807029
0 1 0.3137498 0.4241396 -0.4709555 0.05764323 0.05771452
0 1 0.3131223 0.4246011 -0.4694721 0.05728614 0.05735764
0 1 0.312496 0.4250613 -0.467953 0.05692795 0.05699968
0 1 0.311871 0.4255202 -0.4663982 0.05656868 0.05664063
0 1 0.3112473 0.4259777 -0.4648079 0.05620834 0.05628049
0 1 0.3106248 0.426434 -0.4631822 0.05584692 0.05591929
0 1 0.3100035 0.426889 -0.4615212 0.05548444 0.05555702
0 1 0.3093835 0.4273427 -0.4598251 0.05512091 0.0551937
0 1 0.3087648 0.4277951 -0.458094 0.05475632 0.05482932
0 1 0.3081472 0.4282462 -0.456328 0.05439069 0.0544639
0 1 0.3075309 0.428696 -0.4545272 0.05402403 0.05409745
0 1 0.3069159 0.4291444 -0.4526918 0.05365634 0.05372996
0 1 0.306302 0.4295916 -0.450822 0.05328763 0.05336145
0 1 0.3056895 0.4300375 -0.4489178 0.0529179 0.05299193
0 1 0.3050781 0.430482 -0.4469794 0.05254716 0.05262139
0 1 0.3044679 0.4309253 -0.445007 0.05217543 0.05224986
0 1 0.303859 0.4313672 -0.4430007 0.0518027 0.05187733
0 1 0.3032513 0.4318078 -0.4409606 0.05142898 0.05150381
0 1 0.3026448 0.4322471 -0.438887 0.05105429 0.05112931
0 1 0.3020395 0.4326851 -0.43678 0.05067863 0.05075384
0 1 0.3014354 0.4331217 -0.4346397 0.050302 0.0503774
0 1 0.3008325 0.4335571 -0.4324663 0.04992441 0.05
0 1 0.3002309 0.4339911 -0.4302599 0.04954587 0.04962165
0 1 0.2996304 0.4344238 -0.4280208 0.04916639 0.04924235
0 1 0.2990311 0.4348552 -0.4257491 0.04878597 0.04886213
0 1 0.2984331 0.4352852 -0.423445 0.04840462 0.04848096
0 1 0.2978362 0.435714 -0.4211086 0.04802235 0.04809888
0 1 0.2972405 0.4361414 -0.4187402 0.04763917 0.04771588
0 1 0.2966461 0.4365674 -0.4163398 0.04725508 0.04733197
0 1 0.2960528 0.4369922 -0.4139078 0.04687009 0.04694716
0 1 0.2954606 0.4374156 -0.4114442 0.04648421 0.04656145
0 1 0.2948697 0.4378377 -0.4089494 0.04609744 0.04617486
0 1 0.29428 0.4382584 -0.4064233 0.04570979 0.04578739
0 1 0.2936914 0.4386778 -0.4038664 0.04532128 0.04539905
0 1 0.2931041 0.4390959 -0.4012786 0.0449319 0.04500984
0 1 0.2925178 0.4395126 -0.3986603 0.04454167 0.04461978
0 1 0.2919328 0.439928 -0.3960117 0.04415058 0.04422887
0 1 0.2913489 0.4403421 -0.3933329 0.04375866 0.04383712
0 1 0.2907662 0.4407548 -0.3906241 0.04336591 0.04344453
0 1 0.2901847 0.4411662 -0.3878856 0.04297233 0.04305111
0 1 0.2896043 0.4415762 -0.3851175 0.04257793 0.04265687
0 1 0.2890251 0.4419849 -0.3823201 0.04218272 0.04226183
0 1 0.2884471 0.4423922 -0.3794937 0.04178671 0.04186597
0 1 0.2878702 0.4427982 -0.3766382 0.0413899 0.04146932
0 1 0.2872944 0.4432028 -0.3737542 0.0409923 0.04107188
0 1 0.2867199 0.4436061 -0.3708416 0.04059393 0.04067367
0 1 0.2861464 0.4440081 -0.3679008 0.04019478 0.04027467
0 1 0.2855741 0.4444086 -0.364932 0.03979486 0.03987491
0 1 0.285003 0.4448079 -0.3619354 0.03939419 0.03947439
0 1 0.284433 0.4452057 -0.3589113 0.03899277 0.03907311
0 1 0.2838641 0.4456023 -0.3558598 0.0385906 0.03867109
0 1 0.2832964 0.4459974 -0.3527812 0.0381877 0.03826834
0 1 0.2827298 0.4463912 -0.3496758 0.03778408 0.03786486
0 1 0.2821643 0.4467837 -0.3465437 0.03737973 0.03746066
0 1 0.2816 0.4471748 -0.3433852 0.03697468 0.03705574
0 1 0.2810368 0.4475645 -0.3402006 0.03656891 0.03665012
0 1 0.2804747 0.4479528 -0.3369901 0.03616246 0.0362438
0 1 0.2799138 0.4483398 -0.3337539 0.03575531 0.03583679
0 1 0.2793539 0.4487255 -0.3304923 0.03534748 0.03542911
0 1 0.2787952 0.4491097 -0.3272055 0.03493898 0.03502074
0 1 0.2782376 0.4494926 -0.3238938 0.03452982 0.03461171
0 1 0.2776812 0.4498741 -0.3205574 0.03412 0.03420201
0 1 0.2771258 0.4502543 -0.3171966 0.03370953 0.03379167
0 1 0.2765715 0.4506331 -0.3138117 0.03329841 0.03338069
0 1 0.2760184 0.4510105 -0.3104029 0.03288667 0.03296907
0 1 0.2754664 0.4513865 -0.3069704 0.03247429 0.03255682
0 1 0.2749154 0.4517612 -0.3035146 0.0320613 0.03214395
0 1 0.2743656 0.4521345 -0.3000356 0.0316477 0.03173047
0 1 0.2738169 0.4525064 -0.2965338 0.03123349 0.03131638
0 1 0.2732692 0.4528769 -0.2930094 0.03081869 0.0309017
0 1 0.2727227 0.4532461 -0.2894627 0.03040331 0.03048643
0 1 0.2721772 0.4536138 -0.285894 0.02998734 0.03007058
0 1 0.2716329 0.4539802 -0.2823035 0.0295708 0.02965416
0 1 0.2710896 0.4543452 -0.2786914 0.02915371 0.02923717
0 1 0.2705474 0.4547088 -0.2750582 0.02873605 0.02881963
0 1 0.2700064 0.4550711 -0.271404 0.02831785 0.02840154
0 1 0.2694663 0.4554319 -0.2677292 0.02789911 0.0279829
0 1 0.2689274 0.4557914 -0.2640339 0.02747984 0.02756374
0 1 0.2683896 0.4561495 -0.2603186 0.02706004 0.02714404
0 1 0.2678528 0.4565061 -0.2565834 0.02663974 0.02672384
0 1 0.2673171 0.4568614 -0.2528287 0.02621892 0.02630312
0 1 0.2667824 0.4572153 -0.2490547 0.0257976 0.02588191
0 1 0.2662489 0.4575678 -0.2452618 0.02537579 0.02546019
0 1 0.2657164 0.4579189 -0.2414502 0.0249535 0.025038
0 1 0.2651849 0.4582687 -0.2376202 0.02453074 0.02461533
0 1 0.2646546 0.458617 -0.2337721 0.02410751 0.02419219
0 1 0.2641253 0.4589639 -0.2299062 0.02368381 0.02376859
0 1 0.263597 0.4593094 -0.2260228 0.02325967 0.02334454
0 1 0.2630698 0.4596536 -0.2221221 0.02283509 0.02292004
0 1 0.2625437 0.4599963 -0.2182046 0.02241007 0.02249511
0 1 0.2620186 0.4603376 -0.2142705 0.02198462 0.02206974
0 1 0.2614946 0.4606776 -0.21032 0.02155876 0.02164396
0 1 0.2609716 0.4610161 -0.2063535 0.02113248 0.02121777
0 1 0.2604496 0.4613532 -0.2023713 0.0207058 0.02079117
0 1 0.2599287 0.4616889 -0.1983737 0.02027873 0.02036417
0 1 0.2594089 0.4620232 -0.194361 0.01985127 0.01993679
0 1 0.2588901 0.4623561 -0.1903335 0.01942343 0.01950903
0 1 0.2583723 0.4626876 -0.1862915 0.01899523 0.0190809
0 1 0.2578555 0.4630177 -0.1822353 0.01856666 0.0186524
0 1 0.2573398 0.4633464 -0.1781652 0.01813774 0.01822355
0 1 0.2568251 0.4636736 -0.1740815 0.01770847 0.01779435
0 1 0.2563115 0.4639995 -0.1699846 0.01727887 0.01736482
0 1 0.2557989 0.4643239 -0.1658748 0.01684894 0.01693495
0 1 0.2552873 0.4646469 -0.1617523 0.01641868 0.01650476
0 1 0.2547767 0.4649685 -0.1576175 0.01598812 0.01607426
0 1 0.2542672 0.4652887 -0.1534707 0.01555725 0.01564345
0 1 0.2537586 0.4656075 -0.1493122 0.01512608 0.01521234
0 1 0.2532511 0.4659248 -0.1451423 0.01469463 0.01478094
0 1 0.2527446 0.4662408 -0.1409614 0.01426289 0.01434926
0 1 0.2522391 0.4665553 -0.1367698 0.01383089 0.01391731
0 1 0.2517346 0.4668683 -0.1325677 0.01339862 0.01348509
0 1 0.2512312 0.46718 -0.1283555 0.01296609 0.01305262
0 1 0.2507287 0.4674903 -0.1241336 0.01253332 0.0126199
0 1 0.2502272 0.4677991 -0.1199022 0.01210031 0.01218693
0 1 0.2497268 0.4681065 -0.1156617 0.01166707 0.01175374
0 1 0.2492273 0.4684125 -0.1114124 0.01123361 0.01132032
0 1 0.2487289 0.468717 -0.1071546 0.01079994 0.01088669
0 1 0.2482314 0.4690201 -0.1028886 0.01036605 0.01045285
0 1 0.2477349 0.4693218 -0.0986148 0.009931975 0.01001881
0 1 0.2472395 0.469622 -0.09433348 0.009497707 0.009584575
0 1 0.246745 0.4699209 -0.09004498 0.009063258 0.009150161
0 1 0.2462515 0.4702183 -0.08574963 0.008628637 0.008715575
0 1 0.245759 0.4705142 -0.08144774 0.008193851 0.008280821
0 1 0.2452675 0.4708088 -0.07713965 0.007758909 0.007845909
0 1 0.2447769 0.4711019 -0.07282569 0.00732382 0.007410849
0 1 0.2442874 0.4713935 -0.06850617 0.006888591 0.006975648
0 1 0.2437988 0.4716837 -0.06418144 0.006453231 0.006540313
0 1 0.2433112 0.4719725 -0.05985183 0.006017748 0.006104854
0 1 0.2428246 0.4722599 -0.05551765 0.005582151 0.005669279
0 1 0.242339 0.4725458 -0.05117925 0.005146447 0.005233596
0 1 0.2418543 0.4728303 -0.04683695 0.004710645 0.004797813
0 1 0.2413706 0.4731133 -0.04249109 0.004274754 0.004361939
0 1 0.2408878 0.4733949 -0.03814199 0.003838781 0.003925981
0 1 0.2404061 0.473675 -0.03378998 0.003402735 0.00348995
0 1 0.2399252 0.4739538 -0.0294354 0.002966624 0.003053851
0 1 0.2394454 0.474231 -0.02507858 0.002530457 0.002617695
0 1 0.2389665 0.4745068 -0.02071985 0.002094242 0.002181489
0 1 0.2384886 0.4747812 -0.01635954 0.001657987 0.001745241
0 1 0.2380116 0.4750541 -0.01199799 0.0012217 0.00130896
0 1 0.2375356 0.4753256 -0.007635518 0.0007853901 0.0008726536
0 1 0.2370605 0.4755956 -0.003272469 0.0003490651 0.0004363309
0 1 0.2365864 0.4758642 0.00109083 -8.726645E-05 1.224606E-17
0 1 0.2361132 0.4761313 0.005454046 -0.0005235964 -0.0004363309
0 1 0.235641 0.476397 0.009816846 -0.0009599163 -0.0008726536
0 1 0.2351697 0.4766613 0.0141789 -0.001396218 -0.00130896
0 1 0.2346994 0.476924 0.01853987 -0.001832493 -0.001745241
0 1 0.23423 0.4771854 0.02289943 -0.002268733 -0.002181489
0 1 0.2337615 0.4774452 0.02725725 -0.00270493 -0.002617695
0 1 0.233294 0.4777037 0.03161299 -0.003141076 -0.003053851
0 1 0.2328274 0.4779606 0.03596633 -0.003577162 -0.00348995
0 1 0.2323617 0.4782161 0.04031692 -0.004013179 -0.003925981
0 1 0.231897 0.4784702 0.04466445 -0.00444912 -0.004361939
0 1 0.2314332 0.4787228 0.04900857 -0.004884977 -0.004797813
0 1 0.2309703 0.4789739 0.05334896 -0.00532074 -0.005233596
0 1 0.2305084 0.4792236 0.05768529 -0.005756403 -0.005669279
0 1 0.2300474 0.4794718 0.06201722 -0.006191955 -0.006104854
0 1 0.2295873 0.4797185 0.06634444 -0.00662739 -0.006540313
0 1 0.2291281 0.4799638 0.0706666 -0.007062699 -0.006975648
0 1 0.2286699 0.4802077 0.07498338 -0.007497873 -0.007410849
0 1 0.2282125 0.48045 0.07929444 -0.007932904 -0.007845909
0 1 0.2277561 0.4806909 0.08359948 -0.008367784 -0.008280821
0 1 0.2273006 0.4809304 0.08789814 -0.008802505 -0.008715575
0 1 0.226846 0.4811684 0.09219011 -0.009237058 -0.009150161
0 1 0.2263923 0.4814049 0.09647506 -0.009671437 -0.009584575
0 1 0.2259395 0.4816399 0.1007527 -0.01010563 -0.01001881
0 1 0.2254876 0.4818735 0.1050226 -0.01053963 -0.01045285
0 1 0.2250367 0.4821056 0.1092845 -0.01097343 -0.01088669
0 1 0.2245866 0.4823362 0.1135381 -0.01140702 -0.01132032
0 1 0.2241374 0.4825654 0.1177831 -0.0118404 -0.01175374
0 1 0.2236891 0.4827931 0.1220191 -0.01227355 -0.01218693
0 1 0.2232417 0.4830193 0.1262458 -0.01270646 -0.0126199
0 1 0.2227953 0.4832441 0.1304629 -0.01313913 -0.01305262
0 1 0.2223497 0.4834674 0.13467 -0.01357156 -0.01348509
0 1 0.221905 0.4836892 0.1388669 -0.01400372 -0.01391731
0 1 0.2214612 0.4839095 0.1430532 -0.01443562 -0.01434926
0 1 0.2210183 0.4841284 0.1472287 -0.01486724 -0.01478094
0 1 0.2205762 0.4843458 0.1513929 -0.01529858 -0.01521234
0 1 0.2201351 0.4845617 0.1555456 -0.01572963 -0.01564345
0 1 0.2196948 0.4847761 0.1596864 -0.01616038 -0.01607426
0 1 0.2192554 0.4849891 0.1638151 -0.01659082 -0.01650476
0 1 0.2188169 0.4852006 0.1679313 -0.01702095 -0.01693495
0 1 0.2183793 0.4854106 0.1720347 -0.01745075 -0.01736482
0 1 0.2179425 0.4856191 0.176125 -0.01788022 -0.01779435
0 1 0.2175066 0.4858262 0.1802019 -0.01830935 -0.01822355
0 1 0.2170716 0.4860317 0.1842651 -0.01873813 -0.0186524
0 1 0.2166374 0.4862359 0.1883142 -0.01916656 -0.0190809
0 1 0.2162042 0.4864385 0.1923491 -0.01959462 -0.01950903
0 1 0.2157718 0.4866396 0.1963692 -0.0200223 -0.01993679
0 1 0.2153402 0.4868392 0.2003744 -0.0204496 -0.02036417
0 1 0.2149096 0.4870374 0.2043644 -0.02087652 -0.02079117
0 1 0.2144797 0.4872341 0.2083387 -0.02130304 -0.02121777
0 1 0.2140508 0.4874293 0.2122973 -0.02172915 -0.02164396
0 1 0.2136227 0.487623 0.2162396 -0.02215485 -0.02206974
0 1 0.2131954 0.4878152 0.2201655 -0.02258013 -0.02249511
0 1 0.212769 0.4880059 0.2240746 -0.02300497 -0.02292004
0 1 0.2123435 0.4881952 0.2279667 -0.02342938 -0.02334454
0 1 0.2119188 0.4883829 0.2318413 -0.02385334 -0.02376859
0 1 0.211495 0.4885692 0.2356984 -0.02427685 -0.02419219
0 1 0.211072 0.488754 0.2395374 -0.0246999 -0.02461533
0 1 0.2106498 0.4889373 0.2433583 -0.02512248 -0.025038
0 1 0.2102285 0.4891191 0.2471606 -0.02554458 -0.02546019
0 1 0.2098081 0.4892994 0.2509441 -0.02596619 -0.02588191
0 1 0.2093885 0.4894783 0.2547085 -0.0263873 -0.02630312
0 1 0.2089697 0.4896556 0.2584535 -0.02680792 -0.02672384
0 1 0.2085517 0.4898314 0.2621787 -0.02722802 -0.02714404
0 1 0.2081346 0.4900058 0.2658841 -0.02764761 -0.02756374
0 1 0.2077184 0.4901787 0.2695692 -0.02806667 -0.0279829
0 1 0.2073029 0.49035 0.2732337 -0.0284852 -0.02840154
0 1 0.2068883 0.4905199 0.2768775 -0.02890318 -0.02881963
0 1 0.2064746 0.4906883 0.2805001 -0.02932061 -0.02923717
0 1 0.2060616 0.4908552 0.2841014 -0.02973749 -0.02965416
0 1 0.2056495 0.4910206 0.2876811 -0.0301538 -0.03007058
0 1 0.2052382 0.4911845 0.2912388 -0.03056953 -0.03048643
0 1 0.2048277 0.4913469 0.2947744 -0.03098468 -0.0309017
0 1 0.204418 0.4915078 0.2982876 -0.03139925 -0.03131638
0 1 0.2040092 0.4916672 0.301778 -0.03181321 -0.03173047
0 1 0.2036012 0.4918251 0.3052454 -0.03222657 -0.03214395
0 1 0.203194 0.4919815 0.3086896 -0.03263931 -0.03255682
0 1 0.2027876 0.4921364 0.3121103 -0.03305144 -0.03296907
0 1 0.202382 0.4922898 0.3155072 -0.03346293 -0.03338069
0 1 0.2019773 0.4924417 0.3188801 -0.03387379 -0.03379167
0 1 0.2015733 0.4925921 0.3222287 -0.03428401 -0.03420201
0 1 0.2011702 0.492741 0.3255527 -0.03469357 -0.03461171
0 1 0.2007678 0.4928885 0.328852 -0.03510246 -0.03502074
0 1 0.2003663 0.4930344 0.3321262 -0.0355107 -0.03542911
0 1 0.1999656 0.4931788 0.3353752 -0.03591825 -0.03583679
0 1 0.1995656 0.4933217 0.3385985 -0.03632512 -0.0362438
0 1 0.1991665 0.4934631 0.3417962 -0.0367313 -0.03665012
0 1 0.1987682 0.493603 0.3449677 -0.03713678 -0.03705574
0 1 0.1983706 0.4937414 0.348113 -0.03754156 -0.03746066
0 1 0.1979739 0.4938782 0.3512318 -0.03794562 -0.03786486
0 1 0.1975779 0.4940136 0.3543239 -0.03834895 -0.03826834
0 1 0.1971828 0.4941475 0.3573889 -0.03875156 -0.03867109
0 1 0.1967884 0.4942799 0.3604268 -0.03915343 -0.03907311
0 1 0.1963948 0.4944108 0.3634372 -0.03955455 -0.03947439
0 1 0.1960021 0.4945401 0.3664199 -0.03995492 -0.03987491
0 1 0.19561 0.494668 0.3693748 -0.04035453 -0.04027467
0 1 0.1952188 0.4947943 0.3723014 -0.04075337 -0.04067367
0 1 0.1948284 0.4949192 0.3751998 -0.04115143 -0.04107188
0 1 0.1944387 0.4950425 0.3780695 -0.04154872 -0.04146932
0 1 0.1940499 0.4951644 0.3809105 -0.04194521 -0.04186597
0 1 0.1936617 0.4952847 0.3837225 -0.0423409 -0.04226183
0 1 0.1932744 0.4954035 0.3865052 -0.04273579 -0.04265687
0 1 0.1928879 0.4955208 0.3892585 -0.04312986 -0.04305111
0 1 0.1925021 0.4956366 0.3919822 -0.04352311 -0.04344453
0 1 0.1921171 0.4957509 0.394676 -0.04391553 -0.04383712
0 1 0.1917329 0.4958636 0.3973398 -0.04430712 -0.04422887
0 1 0.1913494 0.4959749 0.3999733 -0.04469786 -0.04461978
0 1 0.1909667 0.4960847 0.4025763 -0.04508775 -0.04500984
0 1 0.1905848 0.4961929 0.4051487 -0.04547679 -0.04539905
0 1 0.1902036 0.4962996 0.4076902 -0.04586495 -0.04578739
0 1 0.1898232 0.4964048 0.4102007 -0.04625225 -0.04617486
0 1 0.1894435 0.4965085 0.41268 -0.04663866 -0.04656145
0 1 0.1890647 0.4966107 0.4151278 -0.04702419 -0.04694716
0 1 0.1886865 0.4967114 0.417544 -0.04740882 -0.04733197
0 1 0.1883091 0.4968106 0.4199284 -0.04779255 -0.04771588
0 1 0.1879325 0.4969082 0.4222808 -0.04817537 -0.04809888
0 1 0.1875567 0.4970044 0.4246011 -0.04855727 -0.04848096
0 1 0.1871816 0.497099 0.426889 -0.04893824 -0.04886213
0 1 0.1868072 0.4971921 0.4291444 -0.04931829 -0.04924235
0 1 0.1864336 0.4972837 0.4313672 -0.0496974 -0.04962165
0 1 0.1860607 0.4973738 0.4335571 -0.05007556 -0.05
0 1 0.1856886 0.4974624 0.435714 -0.05045276 -0.0503774
0 1 0.1853172 0.4975494 0.4378377 -0.05082901 -0.05075384
0 1 0.1849466 0.4976349 0.439928 -0.05120429 -0.05112931
0 1 0.1845767 0.497719 0.4419849 -0.05157859 -0.05150381
0 1 0.1842075 0.4978015 0.4440081 -0.05195191 -0.05187733
0 1 0.1838391 0.4978825 0.4459974 -0.05232424 -0.05224986
0 1 0.1834714 0.4979619 0.4479528 -0.05269558 -0.05262139
0 1 0.1831045 0.4980399 0.4498741 -0.05306591 -0.05299193
0 1 0.1827383 0.4981163 0.4517612 -0.05343524 -0.05336145
0 1 0.1823728 0.4981912 0.4536138 -0.05380354 -0.05372996
0 1 0.1820081 0.4982646 0.4554319 -0.05417082 -0.05409745
0 1 0.1816441 0.4983365 0.4572153 -0.05453707 -0.0544639
0 1 0.1812808 0.4984069 0.4589639 -0.05490228 -0.05482932
0 1 0.1809182 0.4984757 0.4606776 -0.05526645 -0.0551937
0 1 0.1805564 0.4985431 0.4623561 -0.05562956 -0.05555702
0 1 0.1801953 0.4986089 0.4639995 -0.05599162 -0.05591929
0 1 0.1798349 0.4986732 0.4656075 -0.0563526 -0.05628049
0 1 0.1794752 0.4987359 0.46718 -0.05671252 -0.05664063
0 1 0.1791162 0.4987972 0.468717 -0.05707136 -0.05699968
0 1 0.178758 0.4988569 0.4702183 -0.05742911 -0.05735764
0 1 0.1784005 0.4989151 0.4716837 -0.05778576 -0.05771452
0 1 0.1780437 0.4989718 0.4731133 -0.05814132 -0.05807029
0 1 0.1776876 0.499027 0.4745068 -0.05849577 -0.05842497
0 1 0.1773322 0.4990807 0.4758642 -0.0588491 -0.05877852
0 1 0.1769776 0.4991328 0.4771854 -0.05920132 -0.05913097
0 1 0.1766236 0.4991834 0.4784702 -0.05955241 -0.05948228
0 1 0.1762704 0.4992325 0.4797185 -0.05990236 -0.05983246
0 1 0.1759178 0.4992801 0.4809304 -0.06025117 -0.0601815
0 1 0.175566 0.4993261 0.4821056 -0.06059884 -0.0605294
0 1 0.1752149 0.4993707 0.4832441 -0.06094535 -0.06087614
0 1 0.1748644 0.4994137 0.4843458 -0.0612907 -0.06122173
0 1 0.1745147 0.4994552 0.4854106 -0.06163489 -0.06156615
0 1 0.1741657 0.4994951 0.4864385 -0.0619779 -0.0619094
0 1 0.1738173 0.4995336 0.4874293 -0.06231974 -0.06225146
0 1 0.1734697 0.4995705 0.4883829 -0.06266038 -0.06259235
0 1 0.1731228 0.4996059 0.4892994 -0.06299984 -0.06293204
0 1 0.1727765 0.4996398 0.4901787 -0.06333809 -0.06327053
0 1 0.172431 0.4996721 0.4910206 -0.06367514 -0.06360782
0 1 0.1720861 0.499703 0.4918251 -0.06401097 -0.0639439
0 1 0.1717419 0.4997323 0.4925921 -0.06434558 -0.06427876
0 1 0.1713984 0.4997601 0.4933217 -0.06467897 -0.0646124
0 1 0.1710556 0.4997863 0.4940136 -0.06501114 -0.0649448
0 1 0.1707135 0.4998111 0.494668 -0.06534206 -0.06527597
0 1 0.1703721 0.4998343 0.4952847 -0.06567174 -0.0656059
0 1 0.1700314 0.499856 0.4958636 -0.06600016 -0.06593458
0 1 0.1696913 0.4998762 0.4964048 -0.06632734 -0.06626201
0 1 0.1693519 0.4998949 0.4969082 -0.06665324 -0.06658816
0 1 0.1690132 0.499912 0.4973738 -0.06697789 -0.06691306
0 1 0.1686752 0.4999276 0.4978015 -0.06730125 -0.06723668
0 1 0.1683378 0.4999417 0.4981912 -0.06762333 -0.06755902
0 1 0.1680012 0.4999543 0.4985431 -0.06794413 -0.06788007
0 1 0.1676652 0.4999653 0.4988569 -0.06826364 -0.06819984
0 1 0.1673298 0.4999748 0.4991328 -0.06858183 -0.0685183
0 1 0.1669952 0.4999828 0.4993707 -0.06889873 -0.06883546
0 1 0.1666612 0.4999893 0.4995705 -0.06921431 -0.0691513
0 1 0.1663279 0.4999942 0.4997323 -0.06952859 -0.06946584
0 1 0.1659952 0.4999977 0.499856 -0.06984153 -0.06977905
0 1 0.1656632 0.4999996 0.4999417 -0.07015314 -0.07009093
0 1 0.1653319 0.4999999 0.4999893 -0.07046342 -0.07040147
0 1 0.1650012 0.4999988 0.4999988 -0.07077236 -0.07071068
0 1 0.1646712 0.4999962 0.4999703 -0.07107995 -0.07101854
0 1 0.1643419 0.499992 0.4999036 -0.07138618 -0.07132504
0 1 0.1640132 0.4999862 0.4997989 -0.07169106 -0.07163019
0 1 0.1636852 0.499979 0.4996561 -0.07199457 -0.07193398
0 1 0.1633578 0.4999703 0.4994753 -0.07229672 -0.0722364
0 1 0.1630311 0.49996 0.4992565 -0.07259748 -0.07253744
0 1 0.162705 0.4999482 0.4989996 -0.07289686 -0.0728371
0 1 0.1623796 0.4999349 0.4987047 -0.07319486 -0.07313537
0 1 0.1620549 0.49992 0.4983719 -0.07349146 -0.07343225
0 1 0.1617307 0.4999036 0.4980011 -0.07378666 -0.07372773
0 1 0.1614073 0.4998857 0.4975924 -0.07408046 -0.07402182
0 1 0.1610845 0.4998663 0.4971457 -0.07437285 -0.07431448
0 1 0.1607623 0.4998454 0.4966612 -0.07466382 -0.07460574
0 1 0.1604408 0.4998229 0.496139 -0.07495337 -0.07489558
0 1 0.1601199 0.4997989 0.4955789 -0.07524149 -0.07518398
0 1 0.1597997 0.4997734 0.4949811 -0.07552818 -0.07547096
0 1 0.1594801 0.4997464 0.4943455 -0.07581344 -0.0757565
0 1 0.1591611 0.4997178 0.4936723 -0.07609724 -0.0760406
0 1 0.1588428 0.4996878 0.4929616 -0.0763796 -0.07632325
0 1 0.1585251 0.4996561 0.4922133 -0.07666051 -0.07660444
0 1 0.158208 0.499623 0.4914275 -0.07693996 -0.07688418
0 1 0.1578916 0.4995884 0.4906043 -0.07721794 -0.07716246
0 1 0.1575758 0.4995522 0.4897437 -0.07749445 -0.07743926
0 1 0.1572607 0.4995145 0.4888459 -0.07776949 -0.0777146
0 1 0.1569462 0.4994753 0.4879107 -0.07804304 -0.07798845
0 1 0.1566323 0.4994346 0.4869385 -0.07831511 -0.07826082
0 1 0.156319 0.4993924 0.4859292 -0.07858569 -0.07853169
0 1 0.1560064 0.4993486 0.4848828 -0.07885477 -0.07880107
0 1 0.1556944 0.4993033 0.4837995 -0.07912235 -0.07906896
0 1 0.155383 0.4992565 0.4826794 -0.07938842 -0.07933533
0 1 0.1550722 0.4992082 0.4815226 -0.07965299 -0.0796002
0 1 0.1547621 0.4991583 0.480329 -0.07991604 -0.07986355
0 1 0.1544525 0.4991069 0.4790989 -0.08017757 -0.08012538
0 1 0.1541436 0.499054 0.4778323 -0.08043756 -0.08038568
0 1 0.1538353 0.4989996 0.4765293 -0.08069603 -0.08064446
0 1 0.1535277 0.4989437 0.47519 -0.08095296 -0.0809017
0 1 0.1532206 0.4988862 0.4738146 -0.08120836 -0.0811574
0 1 0.1529142 0.4988272 0.472403 -0.0814622 -0.08141156
0 1 0.1526083 0.4987668 0.4709555 -0.08171449 -0.08166415
0 1 0.1523031 0.4987047 0.4694721 -0.08196523 -0.08191521
0 1 0.1519985 0.4986412 0.467953 -0.08221441 -0.0821647
0 1 0.1516945 0.4985762 0.4663982 -0.08246201 -0.08241262
0 1 0.1513911 0.4985096 0.4648079 -0.08270806 -0.08265898
0 1 0.1510883 0.4984415 0.4631822 -0.08295252 -0.08290376
0 1 0.1507862 0.4983719 0.4615212 -0.08319541 -0.08314696
0 1 0.1504846 0.4983008 0.4598251 -0.08343671 -0.08338858
0 1 0.1501836 0.4982281 0.458094 -0.08367644 -0.08362862
0 1 0.1498833 0.498154 0.456328 -0.08391456 -0.08386706
0 1 0.1495835 0.4980783 0.4545272 -0.08415108 -0.0841039
0 1 0.1492843 0.4980011 0.4526918 -0.084386 -0.08433914
0 1 0.1489858 0.4979224 0.450822 -0.08461931 -0.08457278
0 1 0.1486878 0.4978422 0.4489178 -0.08485102 -0.08480481
0 1 0.1483904 0.4977604 0.4469794 -0.08508111 -0.08503522
0 1 0.1480936 0.4976771 0.445007 -0.08530958 -0.08526402
0 1 0.1477975 0.4975924 0.4430007 -0.08553643 -0.08549119
0 1 0.1475019 0.4975061 0.4409606 -0.08576164 -0.08571673
0 1 0.1472068 0.4974183 0.438887 -0.08598523 -0.08594064
0 1 0.1469124 0.4973289 0.43678 -0.08620717 -0.08616292
0 1 0.1466186 0.4972381 0.4346397 -0.08642748 -0.08638355
0 1 0.1463254 0.4971457 0.4324663 -0.08664614 -0.08660254
0 1 0.1460327 0.4970519 0.4302599 -0.08686315 -0.08681988
0 1 0.1457407 0.4969565 0.4280208 -0.08707851 -0.08703557
0 1 0.1454492 0.4968596 0.4257491 -0.08729221 -0.0872496
0 1 0.1451583 0.4967612 0.423445 -0.08750425 -0.08746197
0 1 0.144868 0.4966612 0.4211086 -0.08771462 -0.08767267
0 1 0.1445782 0.4965598 0.4187402 -0.08792332 -0.08788171
0 1 0.1442891 0.4964569 0.4163398 -0.08813035 -0.08808907
0 1 0.1440005 0.4963524 0.4139078 -0.08833569 -0.08829476
0 1 0.1437125 0.4962464 0.4114442 -0.08853936 -0.08849876
0 1 0.1434251 0.496139 0.4089494 -0.08874135 -0.08870108
0 1 0.1431382 0.49603 0.4064233 -0.08894163 -0.08890171
0 1 0.1428519 0.4959195 0.4038664 -0.08914024 -0.08910065
0 1 0.1425662 0.4958074 0.4012786 -0.08933714 -0.08929789
0 1 0.1422811 0.4956939 0.3986603 -0.08953234 -0.08949344
0 1 0.1419965 0.4955789 0.3960117 -0.08972584 -0.08968727
0 1 0.1417125 0.4954623 0.3933329 -0.08991762 -0.0898794
0 1 0.1414291 0.4953443 0.3906241 -0.0901077 -0.09006982
0 1 0.1411463 0.4952247 0.3878856 -0.09029606 -0.09025853
0 1 0.140864 0.4951036 0.3851175 -0.0904827 -0.09044551
0 1 0.1405822 0.4949811 0.3823201 -0.09066763 -0.09063078
0 1 0.1403011 0.494857 0.3794937 -0.09085082 -0.09081431
0 1 0.1400205 0.4947314 0.3766382 -0.09103228 -0.09099612
0 1 0.1397404 0.4946043 0.3737542 -0.09121201 -0.0911762
0 1 0.139461 0.4944756 0.3708416 -0.09139001 -0.09135455
0 1 0.139182 0.4943455 0.3679008 -0.09156626 -0.09153115
0 1 0.1389037 0.4942139 0.364932 -0.09174077 -0.09170601
0 1 0.1386259 0.4940808 0.3619354 -0.09191354 -0.09187912
0 1 0.1383486 0.4939461 0.3589113 -0.09208455 -0.09205049
0 1 0.1380719 0.49381 0.3558598 -0.09225381 -0.0922201
0 1 0.1377958 0.4936723 0.3527812 -0.09242132 -0.09238795
0 1 0.1375202 0.4935332 0.3496758 -0.09258706 -0.09255405
0 1 0.1372451 0.4933926 0.3465437 -0.09275104 -0.09271839
0 1 0.1369706 0.4932504 0.3433852 -0.09291326 -0.09288096
0 1 0.1366967 0.4931068 0.3402006 -0.0930737 -0.09304176
0 1 0.1364233 0.4929616 0.3369901 -0.09323238 -0.09320079
0 1 0.1361505 0.4928149 0.3337539 -0.09338928 -0.09335804
0 1 0.1358782 0.4926668 0.3304923 -0.0935444 -0.09351352
0 1 0.1356064 0.4925171 0.3272055 -0.09369774 -0.09366722
0 1 0.1353352 0.492366 0.3238938 -0.0938493 -0.09381913
