# channels number
1
# samples number
1000
# sampling rate
1
# start date
01-01-0001
# start time
00:00:00.000
# channels names
Model_12_1
0.001481275
-0.0709144
-0.2142838
0.3104997
-0.301449
0.1937249
-0.2592391
0.3349228
-0.4432737
0.2218099
-0.07686136
0.851513
-2.228501
2.295167
-1.2868
0.005756387
1.122994
-2.220991
2.881035
-2.893401
2.443846
-1.867154
0.7811167
0.1691445
-0.7733139
0.6447525
-0.2323616
-0.2389567
0.4857506
-0.3603607
0.141012
0.4914735
-0.9240047
1.110386
-0.966687
0.6632242
-0.6524664
0.6690809
0.02526087
-1.019318
1.307561
-0.8693709
0.003078576
0.4701938
-0.5733752
0.7545518
-0.5674763
0.7935393
-0.9286129
0.8266346
-0.4857226
0.4273013
-0.6258808
1.249205
-1.523429
1.321707
-0.8668958
-0.02051685
0.5630183
-0.4434273
0.1056217
-0.3997389
0.4752836
-0.5878904
0.4330091
-0.3276989
0.05195116
0.2717915
-0.04972098
-0.4131363
1.042615
-0.4775522
-0.5963585
1.627443
-1.576901
0.9085592
0.3982429
-1.198228
1.742063
-1.371533
0.9433112
-0.4653653
0.4215311
-1.000877
0.8733295
-0.5567604
-0.0195022
-0.1688412
0.4495822
-0.2666072
-0.5901394
1.395905
-1.672459
1.640856
-1.78402
2.10999
-2.369773
2.517726
-2.385977
1.095999
0.3534093
-0.8131101
0.4201644
0.003564808
0.02596472
-0.08548561
-0.06390423
0.06686506
0.2351579
-0.2391337
-0.02772345
-0.03071239
0.1059293
0.4202253
-1.67928
1.730036
-0.8988945
0.1414636
0.503964
-0.5222914
0.7469877
-0.8276206
0.5518488
-0.4068582
0.3931454
-0.09679958
-0.3996393
1.185854
-1.879713
1.437164
0.01646763
-1.644734
2.233585
-2.000539
1.503574
-1.490291
1.432706
-0.8988068
0.04131933
-0.03228529
0.4186006
-0.3018237
-0.6800427
1.862202
-2.414175
2.109209
-1.394619
1.163025
-1.766565
2.44888
-2.503229
2.383637
-1.899574
1.530834
-0.7319697
0.07130218
0.2288024
-0.1090778
0.1917423
-0.4411041
0.5576342
-0.3008155
0.4117388
-0.5017534
0.5083047
0.2073916
-0.6490753
1.199061
-1.223378
0.6433064
-0.6259958
0.5582097
-0.4614506
0.6845357
-0.5915219
0.6792509
-0.4245272
0.5951386
-0.6915118
0.6960865
-0.2223363
-0.4578683
1.120781
-1.149225
0.9142951
-0.9465232
1.054811
-1.528346
1.334458
-0.6307281
0.02658086
0.3576215
-0.6688018
0.4069601
0.6830821
-1.628061
1.0521
0.4336858
-1.443188
1.709707
-1.752405
1.567954
-0.5700039
-0.3640212
0.7661904
-0.1101131
-0.7637777
0.9929612
-0.8110994
1.087541
-1.23956
0.8949501
0.5328288
-1.67942
2.311944
-2.163806
1.708179
-1.502645
1.297386
-0.7434368
0.5140191
-0.8113338
0.9583821
-0.9886745
0.8496238
-0.6244845
0.4992853
0.04526923
-0.6215384
0.7556562
-0.5908632
0.3909023
-0.3251697
0.6468521
-0.8694469
1.014353
-1.311944
1.793235
-2.118808
1.963057
-1.668639
1.942105
-2.075436
1.457586
-0.3748584
0.07517765
-0.4516495
0.7993537
-1.003621
0.7166561
-0.3185059
-0.3377783
0.3584165
0.09969848
-0.9289233
1.236365
-0.4375622
-1.174341
2.025422
-1.437412
0.5435629
0.1679992
-0.3626871
0.505255
-0.4485179
0.09472167
0.4232532
-1.123423
1.730697
-1.514382
0.331926
0.9123952
-1.848253
1.761208
-1.233832
0.7478004
-0.02756411
-0.6675985
1.908237
-2.581791
3.060116
-2.818872
2.107214
-1.192819
0.8359559
-0.8661053
0.9405175
-0.9604401
0.7618767
-0.7124924
0.9099084
-1.605309
2.231951
-1.886239
0.7397826
0.5567096
-0.8333772
0.2174847
0.1900888
-0.3630638
0.02912179
0.8359416
-1.029244
0.7988729
-0.1821353
0.2194738
-0.5844757
1.231488
-1.226574
1.354373
-0.9064581
0.1670597
0.570259
0.0644094
-1.034447
1.365835
-0.9061578
0.7027792
-0.9092726
-0.1879156
1.482246
-2.248539
1.688244
-0.372819
0.01934756
0.3301209
-0.7658553
1.063784
-1.321709
1.339944
-1.255105
0.6390464
-0.2414996
0.2570607
-0.6284865
0.3511802
0.3309083
-0.4265986
-0.02000479
0.3633636
0.02472051
-0.8952492
1.603597
-2.19819
2.486081
-2.847425
2.75043
-2.199848
1.386096
-0.7883441
0.4478871
-0.02915991
-0.370539
0.219909
0.2370543
-0.5974146
0.1677015
1.036353
-2.323349
2.560904
-1.600562
0.853749
-0.6551139
1.200778
-1.554132
1.450706
-0.8295186
0.4688798
-0.7698499
1.09108
-1.193839
1.216436
-0.913089
0.5974595
-0.5283561
1.05592
-1.459582
1.812141
-1.903465
1.635984
-0.914142
0.5178568
-0.4829188
0.6679378
-0.2574599
0.1174285
-0.1039902
0.6797391
-1.134104
1.140835
-0.803216
0.3229693
-0.1172155
0.4518363
-0.6400189
0.400392
0.09257574
-0.322253
0.2167885
-0.35743
0.3380439
-0.6495437
0.8204436
-1.454727
1.351761
-1.010785
0.7236652
-0.8337458
0.4629728
0.5844727
-1.274016
1.10606
0.08725296
-0.5163712
0.7837893
-1.130611
1.95747
-2.393682
2.58027
-2.159719
2.011072
-2.116972
1.62334
-1.261811
1.268817
-0.6768515
-0.2918605
0.8715492
-0.6322612
-0.3059623
1.042816
-1.158757
0.8701166
-0.5956202
0.006637566
0.1396926
0.406177
-0.2080381
-0.4137922
1.011927
-1.082251
1.320048
-1.683937
1.890104
-1.374058
0.7439103
-0.5549247
0.4409418
0.1306994
-0.6713746
0.8280908
-0.6345891
0.5425895
-0.3754213
-0.2372648
0.7430864
-0.6135427
0.3714399
-0.3831415
1.056259
-0.8965419
0.27093
0.359707
-0.6529251
0.2900853
0.4531551
-0.06320628
-1.634381
3.206898
-3.325593
1.81792
0.06998355
-0.603388
-0.2125946
1.448346
-1.928266
1.57118
-0.6172305
-0.06055781
0.6179118
-0.7641844
0.4997325
0.9586478
-2.500021
3.242581
-2.203446
0.9023769
0.2400758
-0.458849
-0.348995
0.7171875
-0.3029519
-0.5751914
0.973858
-0.4901182
0.3726869
-0.5648527
1.333444
-1.542788
1.077095
-0.4308099
0.269232
-0.2890668
0.5684914
-0.6684611
0.7772123
-0.4696842
0.5466571
-0.06069854
0.1939698
0.08409896
-0.4008437
0.3983105
-0.4093398
0.4095306
0.02172646
-0.02297089
-0.2064096
0.3294888
-0.469894
0.08873568
0.2329144
0.2056234
-1.044948
1.857614
-1.746158
1.071479
-0.7874421
0.7801037
-0.7322668
0.07968403
0.8146732
-1.458848
1.243842
0.06797106
-1.562486
1.41192
-0.3370322
-0.60043
0.5773671
-0.4482359
0.4778204
-0.559614
0.1001605
0.7129975
-1.254231
1.349907
-1.02331
0.7179502
-0.2947635
0.6001622
-1.239538
1.646988
-1.69209
0.9279796
-0.3451509
0.05459976
-0.4084859
1.560283
-2.177556
2.043354
-1.724985
0.9116564
-0.2795908
0.1312237
-0.06688096
0.2717366
-0.4266334
0.5367466
-0.02441962
-0.6425751
1.160711
-1.682902
1.717903
-0.9298134
-0.293561
0.938615
-0.5567815
-0.5489916
1.067307
-0.1235789
-1.388921
1.896046
-1.3934
0.7912554
-0.561198
0.9284803
-1.074423
0.696542
-0.3793095
0.5606014
-1.445767
1.812737
-0.7570754
-0.5537605
1.440163
-1.486598
1.317909
-1.156551
1.712177
-1.948485
2.061547
-1.757136
1.770736
-2.065546
2.343541
-2.660775
2.823487
-2.63588
2.433471
-2.025481
1.142826
0.1101022
-0.8299665
0.6930378
0.1096043
-0.1576998
-0.007548866
0.5013896
-0.6586383
1.070794
-1.521045
1.47308
-0.2088219
-1.765285
2.365416
-1.034151
-0.9285495
1.931884
-2.016882
1.884886
-1.560845
1.055132
-0.8264966
0.6332192
-0.3033835
0.2685495
-0.1244409
0.03081888
-0.01884205
0.08756771
-0.8461024
1.465504
-1.148066
-0.06096142
0.5946434
0.3228289
-1.258884
0.7506217
0.435555
-1.099285
0.8660048
-0.2916782
0.0996068
0.2550041
-1.14844
1.65907
-1.218867
0.08695334
0.842715
-1.410113
1.665507
-1.601861
1.18603
-0.3470623
-0.6772259
1.032208
-0.8663012
0.5466594
-0.1047742
-0.415184
0.676405
-1.081917
1.111835
-0.7218931
-0.09099104
1.132894
-2.426885
2.86028
-2.340758
1.290864
-0.2681279
-0.1427281
0.3113517
-0.6157609
0.3209359
0.6451461
-1.402582
0.967979
-0.2243664
-0.3491324
0.457075
0.003185463
-0.309605
-0.02624612
0.2402141
-0.4097915
0.5435992
-0.7086504
0.8699141
-0.5140253
-0.2493521
0.5061857
0.005010211
-0.9708309
0.7230806
0.1592829
-1.135547
1.481167
-0.9877967
0.07092889
0.5474103
-0.9094872
1.122583
-1.164123
0.6120607
0.1496064
-0.3568667
0.03126134
0.5567662
-0.5412476
0.7472208
-0.6897292
0.4818373
-0.1612569
-0.5313547
1.178599
-0.72821
-1.086754
2.738062
-2.910419
1.402539
-0.3153195
0.4342733
-0.9478205
1.108118
-0.6021346
-0.09132188
0.6424711
-0.3308748
-0.5485973
0.9808865
-0.2924426
-1.282836
2.00345
-1.970584
0.4279075
0.8755241
-1.278466
0.558004
0.3837409
-0.5739247
1.086119
-0.9709479
0.2220611
0.9158446
-1.184486
0.2934086
0.9854005
-1.899235
2.188234
-2.002183
1.129947
0.1432232
-0.9873164
1.234941
-1.79551
2.013421
-1.519385
0.5986931
-0.2449629
1.152656
-1.746161
1.808607
-1.694195
1.513207
-1.095238
0.2043702
0.1426443
0.5262387
-1.657513
1.94062
-1.4379
0.9717054
-0.9408906
1.133952
-1.00951
0.9062321
-1.04491
0.8457032
0.1577087
-1.112252
1.360566
-1.091208
0.5120201
-0.6926281
1.091515
-0.8082699
0.05023788
0.7044719
-0.1630667
-0.5921183
1.008027
-0.6108608
0.3654153
-0.6607003
0.5887727
-0.147597
-0.5698541
1.400597
-1.665953
1.163696
0.04786806
-0.7880864
0.8299682
0.4629177
-1.940788
2.199781
-1.266376
0.4780726
-0.8941139
1.262891
-0.7213815
-0.6170473
1.121735
-0.6638474
0.175686
-0.01901485
-0.1157424
-0.1766112
0.01876689
0.4610887
-1.080308
1.771501
-1.82652
1.902647
-2.233446
1.800608
-0.7408104
-0.1848927
0.5975923
-0.3014799
-0.1137432
0.1671968
-0.3818914
0.4871219
-1.172796
1.77877
-1.676652
1.038848
-0.4830662
0.1859454
-0.5635177
1.301187
-1.605501
0.9537529
0.316239
-1.258963
1.106541
-0.639186
0.3966492
-0.4773345
0.3682775
-0.7085128
0.4333544
-0.2906712
0.2718313
-0.5069836
0.9480904
-0.5055153
-0.3621362
1.036841
-0.5843781
-0.7672393
1.702773
-1.527156
0.9336784
-0.4338032
0.1902187
0.1407867
-0.1519009
-0.3359095
1.654924
-2.051224
1.529207
-0.8174823
0.9860469
-1.702099
2.345365
-1.67126
-0.1141957
1.417284
-2.022717
0.8347319
0.3685788
-0.866191
0.3358097
0.292435
-0.7279221
1.274873
-1.444991
0.8990086
0.3629491
-1.4253
1.874443
-1.63556
1.261571
-0.2803282
-0.7375144
1.892057
-2.35116
1.838603
-0.186151
-1.294047
2.169367
-2.110041
0.8505359
-0.1832203
-0.1090739
0.1882242
-0.504281
0.6012859
-0.7979735
0.6169676
-0.4210065
0.06305867
0.2606128
-0.7729847
1.115884
-0.9483221
0.5917925
0.2541815
-0.6632846
1.164433
-1.3482
0.8655704
-0.008953451
-0.3814606
0.009955327
0.9166581
-1.229579
0.746762
-0.3325317
0.8664279
-1.368534
1.234972
-0.4376295
-0.1130815
-0.04016088
0.01348643
-0.1213594
-0.06949151
-0.405716
0.4752825
-0.3192267
0.1026149
-0.9649637
1.487911
-1.246568
-0.1381609
0.8442726
-0.07889318
-1.178648
1.546695
-0.8973424
0.1756884
-0.08441849
0.0949081
-0.1032838
0.3295358
-0.6313475
0.7255714
-0.564694
0.4750815
-0.1767552
-0.04032366
0.4915857
-0.6999905
0.2695966
-0.1256703
0.3921035
-0.875689
1.257937
-0.797726
0.2856348
-0.3884629
0.7488824
-0.1693979
-0.4532705
0.8004937
-0.6460769
0.2815366
0.3108843
-0.9364223
1.159755
-0.4074853
-0.8356871
2.116966
-2.348356
1.097078
