# channels number
2
# samples number
1000
# sampling rate
0.89
# start date
01-01-0001
# start time
00:00:00.000
# channels names
Model_12_1;Model_12_1
0.7597332 -0.3829357
-1.039063 -0.8105516
-0.707812 -1.905066
1.206464 -3.117013
1.199746 -1.805111
-0.0976903 0.5694168
0.06084656 1.872858
0.4055627 1.612351
1.030059 -1.66465
1.362859 -4.404957
0.6025005 -3.339732
0.4123926 -2.080514
-1.044264 -2.861472
-0.6950636 -4.758337
-1.309692 -3.895723
-3.160309 0.6467093
-7.208085 4.371827
-6.701552 4.133582
-3.675372 2.950195
-4.44927 3.540917
-6.698564 3.859001
-6.29458 2.088796
-3.226808 -1.20278
0.8366365 -4.125723
1.442199 -4.884597
1.055214 -4.08251
0.6670027 -3.425879
2.543176 -3.434793
4.761347 -4.383625
4.454582 -3.579982
1.677749 -0.7266801
1.814775 1.385467
3.528497 0.06015164
3.946071 -1.303333
1.689723 -1.322035
1.098075 -0.9058785
0.4802268 -2.529642
0.6385177 -6.278101
-0.6518729 -8.424188
-0.6893617 -7.530239
-0.5493329 -6.904959
-0.3718858 -8.984116
-1.726211 -11.10186
-1.089373 -10.50858
1.002066 -8.457599
1.059596 -7.033409
0.1738831 -6.459871
1.646804 -5.987804
3.226328 -3.733709
3.536008 -0.9349262
2.947717 1.334665
1.530308 1.364223
1.581609 -0.4973959
2.707244 -1.158524
2.280835 -1.318973
0.2847324 -4.252338
-0.7523618 -6.935148
0.00563471 -7.339885
-0.237444 -5.767324
-1.055468 -6.020872
-2.176928 -7.789987
-1.318419 -7.571279
-1.281986 -4.396613
-1.587359 -1.155272
-1.480352 0.8367496
1.205156 1.024976
2.084022 2.308448
2.422357 4.150531
2.889565 5.452576
5.495485 3.823768
5.724576 1.198022
5.007234 -1.422043
3.542238 -4.115613
3.640235 -5.735557
2.871427 -6.40417
2.258781 -6.636019
0.3504713 -6.143532
-1.448638 -5.223711
-1.690182 -3.827413
-4.590195 -1.712645
-6.106182 0.5796072
-6.735577 0.3749183
-5.984478 -1.239205
-4.818146 -1.031026
-3.140276 -0.01008565
-3.127105 -0.9789451
-3.383881 -2.851458
0.3188217 -5.231518
4.090452 -6.232501
4.923399 -6.489963
5.46602 -9.485928
6.891773 -12.27201
7.180373 -10.53826
6.476562 -6.500081
5.211177 -4.614666
2.961036 -5.768587
2.569692 -5.476153
1.768929 -1.158327
-0.03934826 2.243599
-4.230482 0.2607394
-7.011066 -2.405639
-4.302049 -3.398951
-4.386616 -2.910803
-6.499303 -2.026278
-8.190128 -0.7485868
-6.395465 -0.4878459
-2.64418 -0.5932805
0.007704244 -1.094787
-0.8653129 -1.560431
0.1385497 -2.142604
2.89068 -1.347591
5.082116 -0.6017025
5.392863 -1.444926
3.941499 -3.825574
5.00915 -4.621955
6.777607 -4.072016
6.233022 -4.192372
2.898414 -4.119063
0.6517564 -3.698102
1.369404 -3.073041
1.779528 -2.448699
-0.3944893 -1.215806
-3.094787 2.041489
-2.040906 3.520414
-0.2910593 4.97589
-0.654317 7.565752
-1.066356 10.21037
-0.02996736 10.41689
1.490866 8.138911
3.069266 6.714427
3.742564 5.079539
2.106335 1.422692
2.632958 -0.2694067
3.90661 2.404778
4.360296 4.583535
4.570747 5.014198
4.852046 4.438799
4.030387 5.549439
5.105198 8.214618
5.176723 9.263089
3.444854 9.386954
0.5255018 8.224626
-0.1201025 6.249694
2.418197 4.484304
2.486222 3.326348
-2.060075 2.176866
-3.40697 2.007613
-0.6467491 3.350316
3.355061 4.057676
2.284261 4.315915
-2.694613 5.902953
-4.944345 7.343809
-1.537478 7.964375
0.4794595 7.834173
-0.2536247 8.331918
-4.243501 6.995799
-4.388305 3.844575
-1.006321 1.623569
1.340178 1.470016
-1.073999 1.343081
-4.467078 -1.96675
-3.639283 -3.141533
-1.380798 -0.6021612
-0.963405 2.261651
-1.935101 1.088953
-4.60876 -1.992265
-3.984097 -0.4954871
-1.979821 3.755432
-0.2867808 5.361831
-1.976256 4.202675
-3.452266 1.627396
-1.068368 -0.2770534
0.8853446 1.020781
0.1391117 4.062231
-1.522852 3.550183
-1.335116 0.705509
3.35261 -0.7946166
5.871736 0.008916145
3.378973 2.575563
0.4910965 4.306798
0.4150087 4.379692
4.405032 3.482671
4.374653 4.248491
2.157526 5.957894
-0.7420382 6.2074
-1.528595 5.23454
-0.6324138 4.579524
1.396825 4.807512
1.14633 6.664746
-3.479756 6.509478
-4.674973 3.125337
-0.831243 1.04199
1.847514 2.494231
-1.590634 4.01495
-4.863832 1.250306
-4.523079 -3.189927
0.4486381 -3.089583
1.715021 2.121807
-2.233854 5.961127
-4.315473 3.525993
0.1746165 0.07373822
5.178638 1.776374
5.515599 4.971098
2.949846 5.009308
2.571276 2.320566
4.174578 2.215183
6.336781 4.904604
6.340368 6.446145
3.631372 4.903939
1.641028 2.030228
3.785668 0.6048348
4.646438 2.308453
3.18558 4.592883
0.6828457 5.110968
-0.0831743 5.660664
1.034979 7.31196
-0.2450795 9.529431
-1.394575 8.673098
-3.829492 6.074906
-1.706331 3.971885
2.307075 3.125483
2.849882 2.222611
-1.185923 1.628142
-0.6766437 1.841053
3.208335 4.006998
5.506323 6.606595
3.140787 7.904456
1.339862 8.719562
1.031057 10.68227
3.512179 11.92167
4.178684 13.28032
2.590987 14.68026
0.9014485 13.95036
0.9017355 11.76224
2.205306 8.456603
-0.1208145 5.754363
-3.307103 5.271547
-2.753482 3.819725
-0.7576361 0.9572078
-0.7539681 0.3265662
-2.614725 2.744773
-2.731783 5.441095
-2.262975 4.906824
-1.721742 2.777922
-2.073219 2.040911
-2.550591 3.062547
-1.727996 2.72521
-0.6377838 0.2703839
-0.4633149 -2.909996
0.834972 -3.652732
1.264601 -3.837262
1.615129 -5.857028
1.365401 -7.067516
2.047281 -5.944384
4.021531 -2.778887
3.086983 -1.083734
2.141472 -3.6044
3.420203 -6.727596
3.637132 -7.438532
4.069244 -4.912864
3.956049 -3.137821
3.369859 -4.693985
1.46242 -7.790617
0.2450307 -7.516942
1.106302 -3.799082
0.7961146 -3.249766
-1.325094 -5.989993
-3.835442 -6.236146
-3.704151 -2.399503
-1.095387 0.3570997
0.8260527 0.6949437
-1.620883 -0.9021295
-4.107001 -1.453104
-2.457895 0.2989186
2.210204 3.08069
4.260403 1.911761
2.683393 -3.238815
0.57045 -5.525649
4.588068 -1.71948
7.239906 2.19861
5.42079 2.083851
0.6827006 0.124069
2.01902 2.147992
4.934598 7.43812
5.136997 7.73709
1.455039 2.603225
-1.40475 -0.03155711
-1.465497 3.823435
0.2692914 6.895008
-1.160221 4.331885
-5.443435 0.4662341
-7.587495 1.853897
-6.504033 6.425591
-7.815024 5.259839
-9.51893 -1.214575
-8.934845 -3.259015
-6.045095 1.211323
-5.108229 5.093914
-6.403631 2.523403
-4.711687 0.1418243
0.005889599 2.372517
1.961264 6.699126
1.939608 8.572657
3.836514 5.647944
6.821276 1.871284
8.417212 3.219367
9.140094 7.116969
7.445486 5.140597
6.990184 -0.4879685
7.637587 -2.470943
8.1921 -0.350786
5.71529 0.6177177
0.1032662 -1.659178
-1.879717 -4.936743
-0.7979116 -3.762947
-0.1190995 1.398417
-2.141657 2.854288
-5.252132 0.3193548
-6.072407 -1.007712
-4.165634 0.813556
-1.894893 3.861187
-1.827231 3.912105
-4.180881 -1.22006
-3.76461 -6.955117
-1.09028 -6.948135
1.183004 -3.644125
-1.921147 -3.612139
-1.967218 -7.732101
0.1925744 -11.11036
2.536796 -8.34033
1.689333 -3.665321
0.2980032 -0.6140046
0.5498928 -1.205104
2.809269 -2.423374
3.231324 -0.4614262
0.7969933 2.60332
-1.594076 2.632698
-1.76886 -0.9775705
0.6752325 -3.645815
2.868378 -4.232092
-0.8892968 -3.985824
-5.252883 -3.276544
-2.799448 -2.717867
1.375832 -3.646131
1.808949 -5.810702
-2.792131 -4.725554
-3.917079 -1.581769
1.199128 1.326566
4.065479 1.212507
2.217237 -1.04174
-2.000552 -0.3962145
-1.980454 1.072822
3.138583 -0.3410415
3.29003 -3.91376
-1.507734 -5.612109
-2.874317 -5.731528
2.158779 -4.386072
4.13339 -3.464576
2.595056 -5.040965
0.7293358 -3.584614
2.867852 -0.4394015
7.465564 0.2862405
6.567711 -1.096688
2.602057 -0.6571119
2.103476 2.441996
4.660697 3.973403
6.402115 2.098081
3.291244 -0.01043862
-0.2810156 1.858985
0.05014194 2.899031
0.485907 -0.7148569
0.963433 -5.870538
-2.134761 -7.300268
-4.513159 -4.837136
-4.235167 -3.573696
-4.717213 -3.824091
-4.296086 -3.669424
-4.56623 -0.4304003
-5.090576 4.863358
-3.481577 5.890767
-2.032617 1.865878
-1.759717 0.217738
-2.213353 3.935075
-0.5300881 6.761164
-0.04045776 5.040723
1.242441 2.100297
2.824283 1.881153
2.439406 4.002827
1.239645 3.387563
1.510342 2.022834
0.2004622 2.035905
-1.900259 3.801477
-2.9111 6.7056
-4.378393 7.198
-3.881189 6.199285
-2.983668 4.238727
-3.393951 4.886218
-2.338659 7.749515
-0.9242415 6.522198
-0.4355396 2.083653
-1.922274 -0.7236078
-0.7169976 0.4736425
-0.6525131 3.656277
-1.282615 5.158927
-2.7156 6.259079
-3.276554 9.402584
-2.920582 11.69637
-1.673223 10.64627
-2.320894 6.354902
-3.066456 2.890942
-1.527531 2.812147
1.116886 3.186635
1.701342 2.529266
2.97821 0.5168248
3.876495 -0.8557695
6.393392 1.918583
7.793029 6.80234
8.166793 7.177779
8.125895 4.730943
7.417527 6.006712
8.770026 10.96605
8.326391 13.70337
6.225722 12.02627
4.745208 10.75271
5.311886 10.07067
6.674829 8.758615
5.537347 6.084394
1.578557 3.302922
1.220864 2.026224
2.638636 2.604867
3.029705 1.488379
1.251772 0.177399
-1.127294 1.330311
-1.668914 4.702985
-0.1794962 6.895966
2.048304 7.528497
-0.6396098 9.760088
-2.616374 13.32576
-1.075393 12.14683
3.198322 6.894746
4.186633 4.389474
0.1243486 4.671636
-0.9784979 3.122902
1.795626 -3.431214
2.849815 -8.213589
1.602031 -4.61748
-2.527977 0.8673437
-3.061177 1.949962
-1.259867 0.0391167
-0.8331594 3.110404
-3.606569 9.838007
-5.917876 12.22058
-3.864779 6.974864
-0.2594391 0.7697635
0.5321391 -0.3300543
-3.162588 -0.1570038
-5.655389 -4.431635
-3.55905 -9.656037
1.268011 -11.63886
1.009172 -10.71524
-3.097423 -6.764973
-3.852962 -2.434824
0.1847807 0.7046072
2.597767 4.233406
1.43913 7.430562
-0.2582504 7.031496
0.8722521 3.317521
2.986591 -1.153327
4.173084 -4.182042
1.414533 -5.948227
-0.8022107 -8.054425
-1.063748 -12.5974
0.2742259 -16.03783
-1.610648 -12.33853
-4.093893 -5.373614
-4.916661 -3.035055
-2.066633 -4.784601
-2.281279 -1.207285
-5.143263 6.411489
-7.017033 10.28576
-3.922303 3.171605
-1.041167 -7.320472
-2.328044 -10.22044
-2.549997 -6.88315
1.006541 -6.249835
4.618978 -11.00832
5.029607 -15.42058
5.38311 -10.98746
3.260506 -0.9158515
3.212731 3.378686
4.157015 0.1682701
4.206171 -0.1495241
0.2350758 5.25341
-2.792199 8.398091
-2.806497 3.734634
-0.6605476 -5.310775
-2.494627 -8.029589
-6.295278 -3.638258
-6.13142 -2.95539
-3.182206 -9.774323
-1.980712 -15.65051
-1.697415 -10.49368
-2.028423 1.18948
-0.2950603 4.067054
1.345503 -0.2557864
4.206723 -1.760572
4.857549 5.26904
5.544229 10.64135
3.501578 7.742792
3.969687 0.6108708
5.043338 -1.516511
4.974834 0.06994432
2.32585 -0.8489189
-0.4094532 -6.046331
-1.406012 -11.27509
-1.763693 -9.237139
-4.74004 -1.002192
-5.242535 3.467021
-3.803972 0.5500729
-3.444517 -1.576383
-5.150133 1.372599
-4.279131 6.264111
-0.8646165 8.522533
-0.8702864 5.356169
-1.957953 1.602068
0.4688872 0.1755924
3.914394 2.873659
5.576571 3.000905
4.537225 -1.867243
5.87903 -5.141057
9.081337 -0.316884
10.90123 6.459464
8.829418 8.475354
7.646521 7.010399
8.324264 8.454198
7.338913 12.51209
4.603503 15.45387
1.311183 13.35933
0.1316224 9.737988
-0.4977821 9.399124
-3.19937 11.59824
-5.111786 11.17901
-4.595304 8.125257
-2.656854 5.066193
-0.7306572 4.8157
-1.574485 7.277468
-2.9537 7.331122
-2.833316 5.206489
0.9416857 4.443555
2.309887 6.861906
-1.063776 11.03744
-4.635102 13.26303
-1.345994 10.59041
1.807376 7.227967
0.4471664 7.703319
-2.274045 8.208723
-2.334073 6.440475
0.9401024 2.921968
2.639409 0.6765478
-0.6427853 1.801117
-4.443407 3.183611
-3.127056 3.259703
-0.8873971 3.798068
-1.993326 5.7482
-3.785062 8.631934
-4.162898 8.679897
-5.020362 7.926545
-4.13758 7.914287
-1.360605 8.41214
-1.974552 6.504049
-2.446638 3.295491
-2.337975 2.010749
-1.48971 1.937406
-0.1037732 1.001314
1.067532 -0.8078374
0.6427158 -0.8581141
0.7425194 0.2207559
2.137748 2.282653
4.964942 2.928538
5.988313 3.016281
3.726711 3.449615
1.792446 4.368756
3.355259 5.385212
4.202769 5.261792
2.601652 4.257061
-1.189274 2.355381
-2.180864 0.5086997
-1.239399 -0.5216212
-1.490506 -1.72786
-2.993524 -3.636382
-5.651927 -4.713568
-5.605949 -3.813623
-3.149956 -3.058639
-0.7290683 -0.6412706
-3.249202 3.35509
-6.617322 6.870005
-5.480199 6.779754
-0.8601979 4.89906
-0.6294253 2.910016
-1.750899 2.569402
-2.054784 1.607086
0.7252269 -0.1746495
1.55928 -2.249443
1.429972 -4.258606
2.336817 -4.442275
2.192838 -2.288827
1.962619 -0.1211381
2.732719 0.7782099
3.635997 0.1286405
2.365554 0.7372847
0.1407701 2.35111
-1.639766 2.981295
-0.08570085 2.410855
1.080397 1.941294
-1.555877 0.8143781
-3.826314 -2.335983
-3.041034 -4.298246
-0.1527761 -5.199587
-0.3198552 -9.288681
-3.343014 -14.10961
-4.279819 -15.04365
-2.595897 -11.47697
-0.3814737 -8.692168
-0.4743538 -8.877833
-2.656883 -10.1661
-3.217716 -8.279402
0.4979901 -5.644578
3.511788 -6.213017
1.619176 -8.136524
0.566664 -9.380017
2.704175 -9.879919
5.962753 -10.23114
6.561846 -10.78457
5.196088 -10.91365
4.355528 -10.61577
6.46411 -10.50472
7.41714 -10.77101
4.387069 -8.665794
1.310426 -6.707633
2.46822 -5.237983
2.462781 -5.462664
-1.407646 -7.28223
-5.074957 -8.302982
-6.242769 -5.30808
-7.088193 -2.409257
-6.869943 -5.101717
-6.60902 -8.523552
-8.403746 -7.860293
-8.491724 -3.982009
-6.530584 -0.6363623
-3.403484 -1.427697
-1.728952 -3.577291
-1.367787 -2.534021
-1.606848 1.110633
1.990126 3.901704
4.232889 1.706549
3.967895 -2.951829
3.374941 -5.402804
3.353965 -5.599577
3.588729 -5.803458
3.797693 -7.337606
2.033675 -7.266489
-0.2926179 -4.070146
-2.608891 1.014475
-4.224068 3.557407
-2.992086 4.318694
-4.000887 4.47539
-5.862137 4.326379
-5.470582 4.909282
-4.768895 4.050921
-2.85532 -0.2975511
-1.867741 -5.254808
-2.668795 -8.741101
-0.9775937 -8.708782
3.568691 -6.726961
6.440401 -6.745954
4.110529 -8.101357
3.145693 -7.004412
6.041975 -1.318825
7.786904 5.729739
6.634823 7.544234
1.80642 5.748898
-0.337687 4.610394
1.512162 6.363038
3.787769 5.894834
0.5602366 -0.4056255
-4.932465 -7.897916
-6.863737 -10.72727
-4.168208 -8.758147
-2.396199 -7.842544
-4.798938 -8.753489
-8.233879 -8.888793
-5.447654 -6.221502
-1.636347 -0.8166494
0.3194578 2.906048
-0.5933179 2.334354
-0.1748584 1.183683
1.058279 3.060117
2.725318 3.54031
4.422907 -1.405135
3.66766 -7.305298
1.021444 -9.914286
2.317149 -9.242063
3.159579 -8.05985
2.889585 -9.254186
1.460725 -11.64912
0.4561401 -10.66482
-1.461756 -6.749039
-3.892625 -4.023029
-4.926228 -3.167775
-3.041621 -1.005402
-3.336319 -0.1578097
-5.418574 -0.3773454
-6.23766 -2.418302
-3.854415 -3.529779
-0.04750992 -2.312255
-0.5025091 -3.173826
-2.727282 -7.037149
-1.268579 -11.18378
1.915022 -11.37185
4.008852 -8.135237
1.77689 -5.978694
-0.4789388 -8.18485
2.037513 -9.666533
4.803269 -5.031048
5.468108 2.176205
2.424196 4.733802
1.629489 2.804036
5.671014 2.285769
5.971502 4.015972
2.715771 3.947632
0.4898458 1.078273
0.9433028 -2.788554
1.469493 -5.754788
0.7341608 -6.571896
-0.5286719 -5.830652
-1.929709 -4.454009
-1.65227 -2.7176
-0.1367515 -1.410849
-0.920881 -0.1204462
-2.535255 2.478707
-1.806224 3.572927
0.4487393 3.686076
0.06818558 4.204536
-2.3033 5.745708
-3.050151 4.706718
0.05132126 0.7241585
3.442697 -3.22468
3.378379 -5.246403
1.987231 -5.588928
1.986502 -5.652765
4.443452 -5.605864
5.402829 -4.129773
4.935114 -1.363184
1.944388 -0.8813409
0.9309514 -2.353264
0.4339357 -3.620696
-0.04848101 -2.935562
-0.9553001 -0.3990067
-2.157861 -0.7593688
-2.453848 -4.612445
-0.5897308 -7.33884
0.09506522 -4.781308
0.9592707 -2.265023
2.189114 -2.384864
3.738533 -4.196202
4.468889 -4.661283
4.483373 -2.29895
4.585916 -0.3175564
5.187744 -0.557026
3.810446 -0.4092827
1.716198 0.7731994
-1.131534 2.026735
-0.6066463 2.09348
-1.209025 1.229656
-1.646493 0.3382569
-4.327151 1.184971
-5.870313 2.292529
-4.032192 3.427522
-2.478197 4.989612
-2.917322 5.197668
-4.953552 3.36898
-5.863851 2.165453
-4.691604 2.089723
-1.588157 2.500928
-0.9207632 1.560923
-3.4993 0.2292402
-4.042202 -0.009043721
-3.074747 1.445419
-1.52255 3.031709
-2.182024 3.344572
-4.428063 3.165375
-2.956065 4.201312
-0.1126851 7.547676
-0.8143194 11.0615
-0.5785677 12.35073
2.345576 10.1871
4.784417 7.781488
5.233197 9.840464
5.201849 11.63388
5.460818 10.9492
5.65335 8.203175
6.803828 6.472468
6.393878 6.933868
3.348485 7.1835
0.09435291 6.534904
-1.393764 5.105444
-1.403137 6.193131
-2.988555 9.322885
-5.817617 11.55516
-9.398265 10.99857
-9.149332 10.17324
-7.48522 10.22646
-5.398955 11.72436
-5.696934 11.56481
-5.484925 6.915216
-2.475459 0.03766584
1.920542 -2.614728
5.551856 -0.5166892
4.947629 0.6333339
3.139514 -2.433283
5.529019 -5.492374
8.802323 -2.491983
8.170862 2.921328
4.762652 4.757687
5.29146 3.508636
6.715363 2.753261
5.920108 4.462398
3.56914 4.97666
0.8268974 1.907482
-0.5661025 -3.938054
-0.903866 -7.554757
-1.847776 -7.058852
-3.718753 -6.185877
-4.491014 -6.84408
-3.760391 -7.831029
-1.708927 -6.287375
-0.8615236 -1.654514
-2.214669 2.120891
-1.808595 3.040097
2.951683 1.957133
5.296188 2.405185
4.008759 4.162612
2.989287 4.243996
5.192017 -0.5850209
6.555801 -5.408301
5.030593 -7.128327
1.820166 -7.068213
1.377474 -6.375448
2.047879 -6.886475
1.379186 -6.437817
0.009726603 -4.470951
-1.336452 -3.752889
-0.3471892 -4.980666
-1.461278 -4.143394
-3.341661 -0.2257414
-5.135995 2.733066
-4.444676 1.002174
-3.321101 -2.77794
-4.824524 -5.335939
-7.610085 -6.683381
-6.150582 -8.252733
-1.263263 -11.39133
2.183013 -13.76559
-0.2756895 -14.16389
-1.691646 -11.76559
1.925466 -8.519394
6.29647 -3.907564
8.787144 0.01817515
6.155847 1.35196
2.463613 2.0233
2.88771 2.989015
5.99021 3.225811
4.10932 0.08489524
-1.393959 -5.04694
-5.21536 -8.35966
-4.876678 -9.073472
-3.608966 -9.679094
-3.906254 -10.76476
-7.332018 -9.51357
-9.39607 -7.095958
-4.564712 -5.150946
-0.2779891 -3.048612
-1.689004 -1.147817
-3.13022 1.196491
-2.159759 3.248784
1.188404 3.682968
4.242595 2.667371
4.244602 1.219608
3.258056 0.2207562
2.672227 -0.4592488
3.821349 -1.790428
5.300564 -1.77148
3.531247 -0.01745929
1.532269 2.217117
-0.48489 3.425195
-1.878213 4.625528
-1.662545 4.715471
-3.032308 3.535775
-5.488675 1.708907
-6.008771 1.657319
-2.344109 2.45286
0.8094954 0.4808441
0.7159804 -3.776129
-0.1027509 -5.892242
1.510862 -5.390371
4.94859 -3.998572
6.150797 -3.447145
5.463141 -2.308497
4.465069 -1.275864
5.594422 -0.5724312
7.052674 -1.100985
5.888902 -0.780127
2.658161 -1.196082
0.155209 -2.40863
0.4346104 -6.015652
-0.8259908 -8.61985
-4.960019 -8.892676
-9.170512 -9.348097
-9.559027 -8.212524
-7.307621 -6.588773
-8.482818 -4.092768
-9.185963 -1.793936
-9.070615 -0.1400207
-7.256177 -0.2909759
-4.087801 -2.15805
-2.147981 -3.062121
0.685088 -2.912475
3.607841 -3.763055
5.249269 -5.370292
7.726677 -6.335382
9.573426 -4.338262
11.37277 -1.978107
11.06835 -0.9981664
9.577306 -0.04646205
8.299766 2.984521
6.434053 5.204946
2.43897 3.78423
1.86195 2.352898
0.940574 2.719873
-3.275538 2.453069
-6.329541 0.8675941
-6.495175 -0.6867177
-5.456937 -0.6675005
-5.562101 0.2021178
-8.37296 1.380287
-9.27875 1.757779
-7.455917 2.065751
-4.180001 5.850213
-3.837852 8.568894
-4.088256 9.082175
-4.413231 7.621541
-1.956154 6.513211
0.6367967 6.379004
2.473883 7.872717
1.314008 8.793541
-0.5733826 7.544014
1.391173 6.160098
4.929996 7.615974
4.215312 9.547409
0.915199 8.251025
-0.9242955 4.152163
2.197973 4.564171
5.207064 10.12733
1.891501 13.70845
-3.262809 10.64151
-3.501083 6.720189
-0.7091925 7.278209
-0.4363883 11.74368
-3.178651 13.81262
-5.385839 11.18888
-6.37368 7.363972
-3.34751 7.166278
-0.9554724 10.27305
-0.2817582 11.16398
-0.711897 7.000105
1.678465 3.614538
5.335122 5.653551
8.414048 9.427918
7.024973 7.377711
5.204688 2.533063
8.087144 2.128356
11.52416 6.17663
9.414291 7.859979
3.858741 6.810872
-0.5019716 6.487472
1.391879 8.315389
1.521421 9.142878
-2.012222 5.767976
-6.929 0.7555298
-8.191445 -1.478968
-5.204363 0.7193875
-2.989659 1.893393
-4.821655 -2.071401
-7.268677 -5.911031
-4.310793 -4.56072
0.1803725 0.2691935
3.35643 3.692203
1.671635 1.035286
-0.5603644 -1.706544
