# channels number
1
# samples number
1000
# sampling rate
1
# start date
01-01-0001
# start time
00:00:00.000
# channels names
Model_12_1
-0.02588274
0.05949887
0.1559486
-0.1458965
0.49865
-0.19261
-0.07696568
-0.03133769
0.1415032
-0.5515651
0.1178022
0.2938954
-0.1383841
0.08262591
0.09929505
0.01145311
-0.03784104
0.2862471
-0.2355118
-0.02647998
0.2442186
-0.3443915
-0.1549011
0.2903441
-0.1640413
-0.06142763
0.09623401
0.08348037
0.2289164
-0.4471091
0.2008081
0.04218754
-0.1188629
0.1667699
0.0690961
-0.3180969
0.4674879
-0.143821
0.07030509
-0.1286112
0.1815174
-0.1955148
-0.3080754
0.1148177
-0.2819859
0.06095807
-0.2035594
0.1272878
-0.0267824
-0.2722017
0.1164623
0.1532058
0.01991384
0.08299751
-0.3620545
0.4292793
-0.314426
0.05021342
0.04458695
0.05424929
-0.06111466
0.01024267
-0.06626444
-0.2040542
0.1779818
-0.02100929
0.5955568
-0.6616873
0.830434
-0.3548725
0.2190498
-0.313128
0.5277014
-0.2745779
0.6705966
-0.4073603
0.4392105
-0.2470726
0.06305827
-0.04987587
0.2972958
-0.1778472
0.440932
-0.2366751
0.2902856
-0.09898892
0.08207116
-0.112656
-0.03700107
0.3606132
0.09864767
-0.5370497
0.3518398
-0.366028
0.04099897
0.09033966
-0.1084583
-0.08533747
-0.1158342
-0.2265773
0.09136191
0.1022596
-0.1735216
-0.01368015
0.216416
0.0916564
0.131561
0.2687915
-0.1107792
0.3597431
-0.3854887
0.2309766
-0.4443465
0.02977794
0.5387513
-0.6148411
0.4753383
-0.154322
0.02837404
0.07993048
0.06153204
-0.3487592
0.3642699
0.06328033
0.01583881
-0.01398489
0.1802942
-0.2119885
-0.1961648
0.01924614
0.021957
-0.1987937
0.1384891
-0.03437025
-0.09869696
-0.1416697
0.1072396
-0.2727401
-0.1324557
0.1092705
0.06636641
-0.1084089
0.1146304
-0.3298234
0.1841828
-0.333828
0.1588134
-0.3979687
0.2267636
-0.152687
-0.2488299
0.358481
-0.5260223
0.3301069
-0.1370217
0.1561116
-0.456118
0.2617786
0.1643054
-0.0694094
-0.105598
0.1489954
-0.06451163
-0.02501634
-0.09903228
-0.08972055
-0.198364
0.1887199
0.094392
-0.2873903
-0.04874216
0.74257
-0.3973371
-0.04766697
-0.1708567
0.3996628
-0.3936397
-0.05843502
0.3256333
-0.2211467
-0.09766981
0.1880457
-0.08293767
-0.0525993
-0.02939958
0.03078818
0.005193938
0.08127372
0.1433696
-0.4638225
0.3606662
-0.1061835
-0.09588851
0.1084804
-0.05862277
0.3897557
-0.2266354
0.2216766
-0.1871394
0.152012
-0.01236394
0.1994806
-0.1298393
0.2186344
-0.08696953
-0.006062526
-0.0980898
0.1977128
-0.1605374
0.1869256
0.2023586
-0.1555036
0.3001959
-0.2988191
-0.08736746
0.421076
0.0941105
-0.23218
0.3912449
-0.3637881
0.05961815
0.09301915
-0.4138026
0.4501035
-0.2506656
-0.03865244
0.1973822
-0.2790296
0.02075818
-0.05844388
-0.07811908
0.01359491
0.1475181
-0.04383913
0.1576986
-0.1221829
-0.01199235
0.2134639
-0.3026035
0.1352073
-0.0139196
0.05505174
-0.09953989
0.3294402
-0.3196017
0.1080867
-0.19265
0.005997833
-0.06029326
-0.04528593
0.09502262
-0.1512398
0.2881654
-0.09778089
0.2013087
-0.151417
0.06431831
-0.03357
0.009919257
0.1726042
0.1070276
-0.1908428
0.04337882
0.4849769
-0.2967798
0.3088229
-0.3328533
0.1998756
-0.05543361
-0.1897207
-0.1299178
0.4037917
-0.2519312
-0.09722456
0.6455551
-0.6688344
0.3213587
0.1103915
-0.2833323
0.3370974
-0.1754896
-0.05693268
-0.01863384
0.03690002
-0.04833416
0.01761398
0.179929
-0.1349276
0.1167663
-0.08822151
-0.09381605
-0.09983746
0.3549551
-0.2401941
-0.2586302
0.1678675
0.03424553
-0.1752503
0.3437585
-0.1704196
-0.02168184
0.2507083
-0.179691
-0.1112976
-0.07644086
0.3522702
-0.4103754
0.05323458
-0.03697162
0.1396476
-0.2798195
0.4909813
-0.06090901
0.0480456
0.0186022
-0.2520157
0.1683575
-0.07407372
0.5582154
-0.5614785
0.219364
0.4175753
-0.2268402
-0.08295166
0.06776173
-0.03886236
0.1812478
-0.3251471
0.4003997
-0.1810383
0.01697278
0.07335582
0.06252208
-0.4059333
0.1074388
-0.05720618
0.1059526
-0.119787
-0.0476472
-0.04841545
-0.05643196
-0.08859894
-0.1212134
0.4528458
-0.177553
0.05664953
-0.024896
-0.2300729
0.189752
-0.1718397
-0.2092954
0.3022549
-0.1189255
0.3171501
-0.4828939
0.2160661
0.2100153
-0.7962584
0.5597476
-0.1396326
0.03746618
0.02830091
-0.08615115
0.231212
0.2173954
-0.8601413
0.8187124
-0.2346533
0.1908805
-0.344219
0.05788995
-0.1536813
-0.01775808
-0.1088595
0.1671629
-0.5592461
0.2117782
0.1547695
-0.6156441
0.2181234
-0.2078943
0.2044081
-0.1215528
0.08758935
0.05864848
0.2451613
-0.3160229
-0.01262804
0.03451684
-0.107167
0.03102424
-0.2734441
0.1206987
0.2692121
0.08087322
-0.1987346
0.5992471
-0.4000714
0.3027798
-0.3081679
0.4025608
-0.09838399
-0.151899
0.1102274
0.02038502
0.1759459
0.1238522
-0.2179606
0.2789863
0.2586654
-0.3200313
-0.2648833
0.3296442
-0.08128928
-0.3608505
0.2746041
0.11052
-0.4304448
0.6133209
-0.2259788
0.2011539
0.02580052
-0.4522615
0.2185654
-0.287144
0.1628755
-0.03308929
0.08835924
-0.1130272
0.1739307
-0.2102708
0.1035857
0.08064002
-0.1950104
0.1616028
-0.2163708
0.08855309
-0.156482
0.1868858
0.1845742
-0.1924577
0.2446641
-0.04025654
0.1470112
0.03301133
-0.1082877
0.6047816
-0.3835751
0.1803037
0.1567189
0.005845717
-0.1573281
0.302911
-0.3875982
0.3698137
-0.2991635
-0.04658222
-0.02329767
0.3854671
-0.2730303
0.2984363
-0.2630015
0.151993
-0.01424447
-0.2221321
0.2256786
0.1769062
-0.135517
-0.1111356
-0.01583686
0.09961353
-0.009623867
-0.397601
0.236541
0.03048697
0.1572238
-0.1531861
0.2887648
0.00662627
-0.2529803
0.2190745
-0.1852675
0.05895856
-0.1756952
-0.07832951
-0.001277527
0.2932454
0.0810825
0.03780684
-0.1426552
0.6521323
-0.1856565
0.002688041
0.6794913
-0.474461
0.3920508
-0.1386215
0.03699288
0.1433947
-0.1426171
-0.1273524
0.4143478
-0.4154775
0.3783087
-0.3043826
-0.0803909
-0.1648618
0.2829575
-0.1423088
0.1637963
-0.001005451
0.2634525
-0.32241
0.04469217
-0.1711801
0.01344068
0.230031
-0.2469239
-0.05684749
0.2400346
0.1521573
-0.2620093
0.3935921
-0.2370839
0.02598044
-0.2255023
0.4758338
-0.1207283
-0.4630021
0.5596494
-0.529152
0.3297404
-0.2428633
0.3602518
-0.1286883
0.06010424
0.07649858
-0.01197747
-0.2533662
0.4600799
-0.3889993
0.1986207
0.3361782
-0.01572285
0.3557951
-0.408428
0.256975
-0.1716992
0.03449074
0.1160973
-0.02251787
-0.002309163
0.2212411
-0.1257491
-0.1684486
0.399695
-0.3809329
-0.1887898
0.2445831
-0.1380737
0.05243039
0.08246522
-0.04226811
0.02644913
-0.3677168
-0.08782417
0.05915209
-0.2517754
-0.03839627
0.05066904
-0.05336557
-0.06737404
0.2442419
-0.09361319
0.03742883
0.09148657
-0.0300373
-0.1692825
0.2141254
-0.117242
-0.09103022
0.2939914
-0.08248323
-0.1019216
-0.08458704
-0.06125307
-0.04848021
-0.1684058
0.3346959
-0.235318
-0.2466293
0.3505304
-0.408858
-0.258811
0.4376905
0.02818917
0.03446229
-0.06306291
-0.1662533
0.2555728
-0.2432555
0.1690401
-0.2137341
0.04624292
0.06178495
-0.2083037
0.1964205
-0.4346726
0.5901729
-0.4774328
0.5097684
-0.1735722
0.1308543
0.1201286
-0.06000114
0.3298065
-0.2801095
-0.06096031
0.1655319
-0.01625763
-0.08638242
0.2947586
-0.2353854
0.01607757
0.002570119
0.2166009
0.1892608
-0.5206442
0.6050944
-0.4534173
0.1559851
-0.1552081
-0.05838944
0.01468371
0.279706
-0.3037857
0.3374981
0.1080681
-0.3625717
0.01096047
-0.06450842
-0.2005973
-0.2114805
0.4506285
-0.4232348
0.09654585
0.06404764
-0.09384762
0.03627795
-0.2970179
0.3118972
-0.3686497
0.3815821
-0.1864341
-0.1158402
0.4215991
-0.2324856
0.1758449
-0.09750317
0.06096183
0.405957
-0.4159408
0.2467569
0.06747508
0.2830623
-0.11651
-0.1630385
0.05055888
-0.2498644
-0.03375479
0.11989
-0.3832835
0.5402246
-0.3515048
0.05654575
0.2889513
-0.4831587
0.2941345
-0.06917236
0.01690664
0.3098865
-0.1099097
0.09719644
0.097941
0.1866424
-0.03881399
0.1118001
-0.06955124
0.369526
-0.290869
0.3050335
-0.3014297
0.4513324
-0.2260019
0.4400402
-0.06257521
-0.08274371
0.2880105
0.05498978
-0.2420104
-0.3156467
0.151652
0.2143298
-0.1358518
-0.03727354
0.1936974
0.1627232
0.01992532
-0.02458052
0.2994951
-0.4537611
0.143716
-0.02898675
-0.0566523
0.07209504
-0.3196444
0.7128781
-0.7451323
0.4834189
-0.2529383
-0.108731
0.1177555
-0.325585
0.456449
-0.3655362
0.0392331
0.1879486
-0.3182605
-0.0181904
0.3214317
0.1157889
0.01928744
0.2744012
-0.02510071
-0.06121155
-0.04163736
0.004120551
-0.4606698
0.4427892
-0.185776
0.304326
-0.01205358
0.2524168
0.1208089
-0.4167957
0.2246794
0.005103436
-0.2456415
0.3560935
-0.07515893
-0.239655
0.3153877
-0.3325312
0.2063733
-0.05398237
-0.2294102
0.3484317
0.0328575
-0.132354
0.3246742
-0.2707062
0.1223234
0.06822561
0.4223103
-0.3398536
-0.07596523
0.4600725
-0.5676919
0.4192241
-0.3174561
0.1280164
-0.2145578
0.4487072
-0.4695053
0.3445646
-0.09702036
-0.2144125
0.2518933
-0.2465391
-0.07644603
0.1569195
-0.2148052
0.1415956
0.2387181
-0.2812859
0.1456163
-0.03563813
0.1099826
-0.1650173
0.2250563
-0.2917666
-0.08500849
0.4435309
-0.4464216
0.06709787
-0.01283357
0.1149825
-0.06601862
-0.1107944
0.1703106
-0.3235281
0.02842601
0.1289364
0.3315586
-0.6072898
0.8230039
-0.4729944
0.2449761
-0.2584499
0.3471198
-0.05581148
-0.02262335
-0.04539046
0.1766427
-0.2415336
0.266423
0.2455983
-0.3858022
0.4986386
0.09584423
-0.5706469
0.6649836
-0.3951971
-0.0249382
-0.440114
0.7279825
-0.250196
-0.1447049
0.1686389
-0.3369321
0.1991258
-0.2350881
0.5332317
-0.1592112
0.04025557
0.03199879
0.1920487
-0.312088
0.3937382
0.4797799
-0.5121711
0.1695133
0.07181944
-0.1796088
0.06442019
-0.3395253
0.1832528
-0.38008
0.1830094
-0.03596072
-0.1035266
0.140492
-0.198691
0.1645042
-0.1832936
0.04854054
-0.02825959
-0.073456
0.2567149
-0.1554948
0.2949557
-0.2978691
0.08139253
0.1708589
-0.2074925
0.4671158
-0.2154752
-0.06329723
-0.1314896
0.02513905
-0.2153942
-0.04328148
0.4634239
-0.4612839
0.4113747
0.0526631
-0.2528017
0.2796098
-0.3022588
0.1685312
-0.2580787
0.1291802
-0.4099656
0.4176794
-0.154713
-0.3955049
0.524366
-0.3517613
-0.002805464
-0.199902
0.1396836
0.1961507
-0.3424847
0.5419409
-0.5115176
0.1748217
0.07993395
0.08781698
-0.02245884
0.3367623
-0.2642266
0.183887
0.01458134
0.101853
-0.003941739
-0.1984785
0.2185339
-0.3424041
0.2323749
-0.1454755
-0.1593778
0.1839798
0.1230567
0.001522678
0.2714927
-0.06930543
-0.09201026
0.2012868
-0.1288659
0.2933318
-0.5032088
0.4502374
-0.02802857
-0.4348051
0.09934363
0.0474593
-0.1501833
-0.1832796
0.3999957
-0.4273305
0.2031843
-0.05778337
-0.4251893
0.496646
-0.300148
-0.02842684
0.29332
-0.3680874
0.1019075
0.2951747
-0.6691036
0.3309864
-0.3591625
0.09830082
0.09913092
-0.3059539
0.2745776
-0.2184626
0.06209608
0.1627346
-0.3310599
0.2177929
0.04516699
-0.2628026
0.07825288
0.1739612
-0.1408365
0.2421652
-0.2215796
0.3821624
-0.4178216
0.08232412
-0.0563069
0.1272446
-0.3907073
0.6280112
-0.1747025
-0.04486839
-0.01645557
0.1547539
-0.5265247
0.5324203
-0.4041086
-0.01671393
-0.1046221
0.2081213
-0.1509084
0.1187935
-0.1128392
0.2413804
0.1526303
-0.3248066
-0.3349849
0.4954661
-0.2824154
-0.04746855
0.3362622
-0.4461753
0.2374352
0.1603303
-0.264812
-0.01026187
0.1468813
-0.0003275856
0.07121414
-0.1824267
0.3046501
-0.1752825
0.04090291
-0.09748036
