# channels number
1
# samples number
1000
# sampling rate
1
# start date
01-01-0001
# start time
00:00:00.000
# channels names
Model_10_1
1.956485
4.152479
5.036436
5.337917
4.749142
3.557737
5.373207
1.260452
6.92847
6.914035
1.987222
2.317182
1.008084
3.98718
5.114594
1.159123
5.195858
3.433189
2.355178
4.785536
5.814582
2.018517
3.405812
6.11086
5.928167
2.548955
2.347296
2.057107
5.033565
3.821399
2.660547
1.044345
2.762928
5.513081
3.239156
4.958161
2.847904
3.413122
3.765751
6.260656
6.83992
5.677546
4.274443
3.835932
5.705781
6.486834
1.482847
1.055362
6.353718
3.124722
3.94339
6.262756
2.553948
4.839233
4.286784
6.937968
1.746667
5.925575
6.409751
3.200187
2.210441
4.3161
3.226887
4.107071
5.253488
1.942877
6.554254
2.495003
1.748024
1.156434
5.311219
2.782736
6.667439
3.094521
4.945617
1.137036
4.744074
6.56988
1.40508
6.441333
2.066108
2.291934
2.703389
2.908843
6.87801
3.397791
5.490396
4.923695
2.226297
3.301189
4.211494
3.922329
4.003371
1.565564
5.050215
3.52382
3.450658
1.167372
5.582444
4.762904
6.93258
5.987844
6.307338
6.197284
4.813504
2.160653
6.595317
6.459427
6.893616
4.149748
3.193893
2.176788
5.520495
6.968418
2.134079
6.918507
2.612711
1.318045
4.229061
2.855697
3.452481
2.630559
1.268706
5.446835
3.94494
2.38889
5.779365
6.101875
5.044306
2.421797
4.686378
4.576702
1.987435
3.642176
6.508753
3.078264
2.984596
3.506105
5.095339
5.717356
3.802474
6.030969
5.030079
5.076549
1.107295
3.034706
5.401834
4.034953
6.431485
5.131708
1.911109
3.132613
3.938311
3.726747
2.310422
5.302021
5.719139
1.860504
3.252344
3.424614
3.381288
1.493442
2.415122
5.471819
6.463371
5.617192
1.189353
2.878319
1.459665
6.055815
4.933911
6.106606
3.222706
5.511705
6.053223
4.421512
4.60048
3.192157
5.33954
1.910234
3.987055
2.744412
6.67039
6.912598
1.510688
2.553764
1.638391
5.260688
2.331754
2.206732
4.359125
2.124092
1.253761
2.670724
3.336068
3.309032
4.615848
6.55826
5.613177
2.490104
2.845353
3.523515
3.575289
1.37567
1.197797
2.804503
6.909907
5.426606
4.673524
4.88891
1.701541
3.526982
3.520964
2.34211
6.437559
1.636876
1.823052
2.502524
4.961131
4.909607
4.978801
2.928664
1.546565
6.252933
2.69669
3.809819
5.852845
1.551982
3.175637
3.744191
6.805665
5.042219
4.57898
3.849436
6.06488
1.46354
6.169123
6.294721
6.7148
5.706186
2.643857
3.211785
1.587164
4.442843
1.505191
1.832143
5.603128
5.911651
3.233166
2.699192
2.485979
3.113323
2.59713
1.70357
4.511303
6.916689
2.97695
4.322356
5.678979
4.387979
3.951658
6.357925
3.250969
1.929333
5.083246
3.659322
5.948002
6.671528
3.27723
5.974019
2.467753
2.528332
2.787724
6.254945
3.26575
2.767016
2.341501
4.103721
5.747742
1.864547
5.206691
6.941195
5.318816
1.476445
2.258212
4.692341
3.445089
3.875409
6.338133
6.148192
5.486589
2.846767
1.615741
3.326822
2.754528
3.285932
6.960815
6.657831
6.359598
4.845869
2.884142
5.9316
3.634421
4.259147
1.231439
6.957647
1.3256
3.342185
5.43782
2.744287
5.575188
5.87323
5.574615
4.814433
6.181288
4.010463
2.039109
2.774525
6.671121
1.390904
1.214233
3.072592
1.333396
4.129038
1.487429
6.620986
1.912591
6.460902
4.500417
6.979819
2.806201
2.68367
4.744123
1.901873
5.980405
6.275091
4.306773
2.05967
1.245005
2.300565
4.366742
1.102904
5.437589
4.593846
1.573004
6.61336
4.272152
3.801308
4.145534
5.744065
2.246823
5.18629
6.98671
5.968694
4.631636
6.811549
5.598204
6.505383
3.771717
1.610453
6.045056
1.864698
5.841768
5.458002
6.938086
3.891518
2.129106
4.672742
5.834028
6.906197
6.70369
6.979439
2.529519
5.370556
4.024163
1.111328
4.635004
3.73955
3.556034
1.874069
3.348834
5.111283
3.315368
5.756351
5.732996
4.619911
2.69696
5.775429
4.270236
6.168856
1.676887
4.80139
5.287952
6.634552
3.255508
3.502044
2.261136
6.979588
4.65576
4.681486
5.484254
6.59941
4.96728
4.239337
6.040375
2.267383
3.656771
2.616153
2.944531
4.520308
3.176546
2.858654
3.949349
2.897648
5.26162
1.933773
5.54933
1.085417
6.725006
3.318175
2.194558
3.353677
1.402506
6.665172
6.22931
2.9023
2.691487
2.894967
3.115048
1.522119
5.850192
4.655416
6.083789
5.874549
3.389815
3.749424
1.144003
6.076031
6.715976
4.465613
1.96314
1.080807
3.830898
6.749928
3.99231
5.818233
1.852041
3.390305
2.372932
2.321735
4.952714
2.175719
1.254582
2.337586
3.486928
3.130577
6.196904
5.302108
5.010027
4.138076
6.575897
1.761804
6.501105
2.422412
5.670116
5.52113
3.774864
5.0748
6.507833
2.512196
1.78977
6.473299
1.369441
3.259393
2.355035
2.113751
6.522779
1.652577
3.672862
1.411076
2.050259
6.301182
1.522035
1.793314
3.569405
4.674473
4.400834
4.746204
3.387621
1.259238
4.552519
2.841895
2.066004
3.5779
4.889716
1.201336
1.579701
2.408485
2.079813
5.47118
3.043369
3.777241
3.882472
6.860736
1.531964
5.479415
1.806279
4.995189
6.982551
2.373176
3.607798
5.544327
2.629246
4.598951
3.087817
1.274715
1.239768
5.707792
5.853008
1.995643
2.120295
6.028661
2.687179
6.248594
4.959677
5.947876
5.407295
4.79154
5.369677
2.153699
1.53405
5.114294
6.572765
5.201681
5.367707
5.273018
3.41871
1.661299
1.261349
5.089989
3.868194
6.405645
4.763653
2.014446
4.65144
6.008193
1.212648
4.467052
1.490083
4.615001
6.961568
2.87191
3.555478
1.08417
4.350885
4.014708
2.090062
4.633878
2.90106
2.584089
1.07212
4.014739
6.625512
5.828851
1.839126
5.493505
5.971562
4.427566
6.231244
4.814799
4.856005
6.578469
5.446443
1.763019
5.127449
2.71465
2.265007
1.672734
2.597154
5.951484
5.735228
1.940243
4.301457
1.754676
2.192131
5.66214
2.558816
6.488595
1.850796
2.352999
4.182956
5.784832
5.76024
5.67726
5.017869
6.853456
6.780133
5.934802
1.17532
6.157936
1.03663
3.785083
5.235808
3.675283
6.758996
1.383098
4.425467
2.792459
2.956721
2.636235
2.749701
1.417328
3.036724
3.949575
3.848861
6.131877
6.713281
5.870836
4.63672
3.176985
3.934689
6.482967
3.57677
4.878244
1.631843
6.071174
1.81823
6.769182
3.745151
5.273993
2.934517
3.330206
1.497414
3.439218
5.914854
2.950145
3.704435
1.626174
1.995681
1.809033
2.236674
6.766357
4.531874
6.214561
6.603299
3.765628
3.748108
2.810664
2.8284
5.885991
1.140175
1.909297
2.298082
4.998334
3.223247
1.553663
1.208313
1.357564
3.043441
1.687822
6.564869
4.656285
6.047308
4.682728
6.701718
6.419495
6.919914
6.597506
5.034721
1.898716
3.427443
6.087107
4.875155
3.827687
1.940312
4.168331
2.951093
4.362209
5.274946
4.866215
3.323066
6.007565
4.940782
4.859159
5.133818
2.025219
2.032124
3.499079
1.215971
5.361191
2.741832
3.346871
5.582734
1.307859
2.244164
4.580389
1.719049
6.849146
6.512842
1.183804
3.845714
4.150602
4.775943
1.929684
3.458548
2.053068
4.034142
5.470395
4.058022
6.054916
5.60257
3.846104
3.082618
5.177226
5.364757
1.557303
6.715503
2.188148
6.54891
5.676499
5.387371
4.420835
6.381535
6.673531
6.156884
1.080572
1.504374
4.567297
2.583523
4.359923
3.449282
3.101947
4.849367
5.091142
2.020501
6.172463
2.231623
4.011098
2.400611
4.08075
4.991077
3.561729
6.441057
2.161054
6.758621
5.895729
1.264253
1.405508
2.943102
1.686861
4.864886
6.530901
1.300236
1.836344
2.796432
6.424879
4.769067
5.102412
2.7728
3.377976
1.548694
6.466846
3.886872
6.6981
3.605635
3.500623
5.996737
4.991476
4.156724
6.192293
6.32568
3.704405
6.787537
3.46816
1.685421
2.825642
4.979778
5.220481
6.91491
1.261155
6.816319
1.098866
2.624194
1.896662
6.495038
3.918381
2.801711
4.013023
3.29471
2.595622
2.403396
4.12921
2.238298
6.022635
3.532056
5.524232
6.674857
6.742957
5.555419
4.257998
6.898992
3.272778
4.248784
3.750809
2.361181
2.160481
6.743364
4.832076
1.150922
6.97079
2.445101
6.548586
5.187502
2.511645
3.561657
1.449828
4.842651
2.99021
1.203062
6.687254
1.698912
2.983714
2.696765
2.561102
4.788897
3.19647
2.466107
1.764902
6.936104
3.16119
3.150785
5.236821
6.665061
3.656912
1.362164
4.543541
3.850082
5.873385
6.535481
5.334556
4.175017
4.969635
3.862101
3.32392
1.150522
2.85481
5.941708
6.726652
3.460978
3.082227
1.68158
4.684648
6.539895
5.868165
3.559086
4.915278
1.576012
2.687681
5.961912
6.164711
6.694375
5.978462
4.895972
4.989733
4.820005
4.20828
6.883525
2.530591
2.149482
6.018116
4.599746
5.969266
3.454728
2.868506
3.512237
3.729276
6.121613
6.372846
2.410581
2.934088
4.254762
2.739455
5.303924
4.853877
2.479609
5.466137
5.696926
1.796896
1.097825
3.446886
3.967529
2.162401
6.911473
1.370771
5.640182
5.196554
1.073663
5.872369
5.503915
3.942242
2.971284
4.411118
5.577171
4.442862
5.482481
2.712314
2.22992
4.671389
3.355928
6.82981
5.793665
2.203166
1.277101
4.027824
2.909949
4.95492
1.674539
1.042096
3.510123
6.353868
5.511354
6.08663
2.432765
5.702596
3.050587
3.437346
6.057793
3.083957
4.228324
5.315683
3.655613
1.249244
1.868931
5.468339
6.962803
6.843644
4.162284
1.861061
6.371395
6.767295
4.236217
2.025537
5.440968
1.268015
4.65322
2.764362
1.8853
3.883649
5.460822
1.685262
4.522016
1.031568
3.362246
6.150046
5.430888
3.884655
2.978352
6.874575
2.392275
3.045135
3.654521
6.145963
1.443065
5.040245
4.174198
5.544422
1.334235
2.808762
4.065021
3.066305
1.792636
6.813478
1.6707
3.742828
3.117651
4.485817
1.645662
2.16475
2.049376
1.286225
2.552046
3.174144
4.623136
3.543062
1.793667
3.624045
4.886998
2.718884
1.037452
4.078148
4.865292
4.287709
6.468786
4.32626
4.112774
5.090255
1.582472
1.400722
4.093818
6.108799
