# channels number
4
# samples number
1000
# sampling rate
0.99
# start date
01-01-0001
# start time
00:00:00.000
# channels names
Model_4_1;Model_4_2;Model_4_3;Model_13_1
0.212132 0.212132 0.212132 17.97056
0.2988584 0.1720729 -0.07764571 12.30717
0.1720729 -0.2718923 -0.07764571 -7.987148
-0.07764571 -0.07764571 0.212132 0.5838975
-0.2718923 0.2988584 -0.2897778 1.720934
-0.2718923 -0.02614672 0.2897778 0.3118407
-0.07764571 -0.2897778 -0.212132 -16.38667
0.1720729 0.1267855 0.07764571 11.06579
0.2988584 0.2457456 0.07764571 18.35991
0.212132 -0.212132 -0.212132 -7.485281
-0.02614672 -0.1720729 0.2897778 -0.6102947
-0.2457456 0.2718923 -0.2897778 1.165224
-0.2897778 0.07764571 0.212132 2.552913
-0.1267855 -0.2988584 -0.07764571 -15.04296
0.1267855 0.02614672 -0.07764571 3.028665
0.2897778 0.2897778 0.212132 22.62931
0.2457456 -0.1267855 -0.2897778 -4.952064
0.02614672 -0.2457456 0.2897778 -2.511334
-0.212132 0.212132 -0.212132 1
-0.2988584 0.1720729 0.07764571 3.458662
-0.1720729 -0.2718923 0.07764571 -11.76424
0.07764571 -0.07764571 -0.212132 -4.795555
0.2718923 0.2988584 0.2897778 24.18774
0.2718923 -0.02614672 -0.2897778 -0.4035784
0.07764571 -0.2897778 0.212132 -4.795557
-0.1720729 0.1267855 -0.07764571 1.077048
-0.2988584 0.2457456 -0.07764571 3.299742
-0.212132 -0.212132 0.212132 -7.485281
0.02614672 -0.1720729 -0.2897778 -11.15554
0.2457456 0.2718923 0.2897778 22.58616
0.2897778 0.07764571 -0.212132 5.658744
0.1267855 -0.2988584 0.07764571 -6.865712
-0.1267855 0.02614672 0.07764571 1.063073
-0.2897778 0.2897778 -0.212132 2.552916
-0.2457456 -0.1267855 0.2897778 -3.190776
-0.02614672 -0.2457456 -0.2897778 -15.14831
0.212132 0.212132 0.212132 17.97056
0.2988584 0.1720729 -0.07764571 12.30717
0.1720729 -0.2718923 -0.07764571 -7.987148
-0.07764571 -0.07764571 0.212132 0.5838975
-0.2718923 0.2988584 -0.2897778 1.720934
-0.2718923 -0.02614672 0.2897778 0.3118407
-0.07764571 -0.2897778 -0.212132 -16.38667
0.1720729 0.1267855 0.07764571 11.06579
0.2988584 0.2457456 0.07764571 18.35991
0.212132 -0.212132 -0.212132 -7.485281
-0.02614672 -0.1720729 0.2897778 -0.6102947
-0.2457456 0.2718923 -0.2897778 1.165224
-0.2897778 0.07764571 0.212132 2.552913
-0.1267855 -0.2988584 -0.07764571 -15.04296
0.1267855 0.02614672 -0.07764571 3.028665
0.2897778 0.2897778 0.212132 22.62931
0.2457456 -0.1267855 -0.2897778 -4.952064
0.02614672 -0.2457456 0.2897778 -2.511334
-0.212132 0.212132 -0.212132 1
-0.2988584 0.1720729 0.07764571 3.458662
-0.1720729 -0.2718923 0.07764571 -11.76424
0.07764571 -0.07764571 -0.212132 -4.795555
0.2718923 0.2988584 0.2897778 24.18774
0.2718923 -0.02614672 -0.2897778 -0.4035784
0.07764571 -0.2897778 0.212132 -4.795557
-0.1720729 0.1267855 -0.07764571 1.077048
-0.2988584 0.2457456 -0.07764571 3.299742
-0.212132 -0.212132 0.212132 -7.485281
0.02614672 -0.1720729 -0.2897778 -11.15554
0.2457456 0.2718923 0.2897778 22.58616
0.2897778 0.07764571 -0.212132 5.658744
0.1267855 -0.2988584 0.07764571 -6.865712
-0.1267855 0.02614672 0.07764571 1.063073
-0.2897778 0.2897778 -0.212132 2.552916
-0.2457456 -0.1267855 0.2897778 -3.190776
-0.02614672 -0.2457456 -0.2897778 -15.14831
0.212132 0.212132 0.212132 17.97056
0.2988584 0.1720729 -0.07764571 12.30717
0.1720729 -0.2718923 -0.07764571 -7.987148
-0.07764571 -0.07764571 0.212132 0.5838975
-0.2718923 0.2988584 -0.2897778 1.720934
-0.2718923 -0.02614672 0.2897778 0.3118407
-0.07764571 -0.2897778 -0.212132 -16.38667
0.1720729 0.1267855 0.07764571 11.06579
0.2988584 0.2457456 0.07764571 18.35991
0.212132 -0.212132 -0.212132 -7.485281
-0.02614672 -0.1720729 0.2897778 -0.6102947
-0.2457456 0.2718923 -0.2897778 1.165224
-0.2897778 0.07764571 0.212132 2.552913
-0.1267855 -0.2988584 -0.07764571 -15.04296
0.1267855 0.02614672 -0.07764571 3.028665
0.2897778 0.2897778 0.212132 22.62931
0.2457456 -0.1267855 -0.2897778 -4.952064
0.02614672 -0.2457456 0.2897778 -2.511334
-0.212132 0.212132 -0.212132 1
-0.2988584 0.1720729 0.07764571 3.458662
-0.1720729 -0.2718923 0.07764571 -11.76424
0.07764571 -0.07764571 -0.212132 -4.795555
0.2718923 0.2988584 0.2897778 24.18774
0.2718923 -0.02614672 -0.2897778 -0.4035784
0.07764571 -0.2897778 0.212132 -4.795557
-0.1720729 0.1267855 -0.07764571 1.077048
-0.2988584 0.2457456 -0.07764571 3.299742
-0.212132 -0.212132 0.212132 -7.485281
0.02614672 -0.1720729 -0.2897778 -11.15554
0.2457456 0.2718923 0.2897778 22.58616
0.2897778 0.07764571 -0.212132 5.658744
0.1267855 -0.2988584 0.07764571 -6.865712
-0.1267855 0.02614672 0.07764571 1.063073
-0.2897778 0.2897778 -0.212132 2.552916
-0.2457456 -0.1267855 0.2897778 -3.190776
-0.02614672 -0.2457456 -0.2897778 -15.14831
0.212132 0.212132 0.212132 17.97056
0.2988584 0.1720729 -0.07764571 12.30717
0.1720729 -0.2718923 -0.07764571 -7.987148
-0.07764571 -0.07764571 0.212132 0.5838975
-0.2718923 0.2988584 -0.2897778 1.720934
-0.2718923 -0.02614672 0.2897778 0.3118407
-0.07764571 -0.2897778 -0.212132 -16.38667
0.1720729 0.1267855 0.07764571 11.06579
0.2988584 0.2457456 0.07764571 18.35991
0.212132 -0.212132 -0.212132 -7.485281
-0.02614672 -0.1720729 0.2897778 -0.6102947
-0.2457456 0.2718923 -0.2897778 1.165224
-0.2897778 0.07764571 0.212132 2.552913
-0.1267855 -0.2988584 -0.07764571 -15.04296
0.1267855 0.02614672 -0.07764571 3.028665
0.2897778 0.2897778 0.212132 22.62931
0.2457456 -0.1267855 -0.2897778 -4.952064
0.02614672 -0.2457456 0.2897778 -2.511334
-0.212132 0.212132 -0.212132 1
-0.2988584 0.1720729 0.07764571 3.458662
-0.1720729 -0.2718923 0.07764571 -11.76424
0.07764571 -0.07764571 -0.212132 -4.795555
0.2718923 0.2988584 0.2897778 24.18774
0.2718923 -0.02614672 -0.2897778 -0.4035784
0.07764571 -0.2897778 0.212132 -4.795557
-0.1720729 0.1267855 -0.07764571 1.077048
-0.2988584 0.2457456 -0.07764571 3.299742
-0.212132 -0.212132 0.212132 -7.485281
0.02614672 -0.1720729 -0.2897778 -11.15554
0.2457456 0.2718923 0.2897778 22.58616
0.2897778 0.07764571 -0.212132 5.658744
0.1267855 -0.2988584 0.07764571 -6.865712
-0.1267855 0.02614672 0.07764571 1.063073
-0.2897778 0.2897778 -0.212132 2.552916
-0.2457456 -0.1267855 0.2897778 -3.190776
-0.02614672 -0.2457456 -0.2897778 -15.14831
0.212132 0.212132 0.212132 17.97056
0.2988584 0.1720729 -0.07764571 12.30717
0.1720729 -0.2718923 -0.07764571 -7.987148
-0.07764571 -0.07764571 0.212132 0.5838975
-0.2718923 0.2988584 -0.2897778 1.720934
-0.2718923 -0.02614672 0.2897778 0.3118407
-0.07764571 -0.2897778 -0.212132 -16.38667
0.1720729 0.1267855 0.07764571 11.06579
0.2988584 0.2457456 0.07764571 18.35991
0.212132 -0.212132 -0.212132 -7.485281
-0.02614672 -0.1720729 0.2897778 -0.6102947
-0.2457456 0.2718923 -0.2897778 1.165224
-0.2897778 0.07764571 0.212132 2.552913
-0.1267855 -0.2988584 -0.07764571 -15.04296
0.1267855 0.02614672 -0.07764571 3.028665
0.2897778 0.2897778 0.212132 22.62931
0.2457456 -0.1267855 -0.2897778 -4.952064
0.02614672 -0.2457456 0.2897778 -2.511334
-0.212132 0.212132 -0.212132 1
-0.2988584 0.1720729 0.07764571 3.458662
-0.1720729 -0.2718923 0.07764571 -11.76424
0.07764571 -0.07764571 -0.212132 -4.795555
0.2718923 0.2988584 0.2897778 24.18774
0.2718923 -0.02614672 -0.2897778 -0.4035784
0.07764571 -0.2897778 0.212132 -4.795557
-0.1720729 0.1267855 -0.07764571 1.077048
-0.2988584 0.2457456 -0.07764571 3.299742
-0.212132 -0.212132 0.212132 -7.485281
0.02614672 -0.1720729 -0.2897778 -11.15554
0.2457456 0.2718923 0.2897778 22.58616
0.2897778 0.07764571 -0.212132 5.658744
0.1267855 -0.2988584 0.07764571 -6.865712
-0.1267855 0.02614672 0.07764571 1.063073
-0.2897778 0.2897778 -0.212132 2.552916
-0.2457456 -0.1267855 0.2897778 -3.190776
-0.02614672 -0.2457456 -0.2897778 -15.14831
0.212132 0.212132 0.212132 17.97056
0.2988584 0.1720729 -0.07764571 12.30717
0.1720729 -0.2718923 -0.07764571 -7.987148
-0.07764571 -0.07764571 0.212132 0.5838975
-0.2718923 0.2988584 -0.2897778 1.720934
-0.2718923 -0.02614672 0.2897778 0.3118407
-0.07764571 -0.2897778 -0.212132 -16.38667
0.1720729 0.1267855 0.07764571 11.06579
0.2988584 0.2457456 0.07764571 18.35991
0.212132 -0.212132 -0.212132 -7.485281
-0.02614672 -0.1720729 0.2897778 -0.6102947
-0.2457456 0.2718923 -0.2897778 1.165224
-0.2897778 0.07764571 0.212132 2.552913
-0.1267855 -0.2988584 -0.07764571 -15.04296
0.1267855 0.02614672 -0.07764571 3.028665
0.2897778 0.2897778 0.212132 22.62931
0.2457456 -0.1267855 -0.2897778 -4.952064
0.02614672 -0.2457456 0.2897778 -2.511334
-0.212132 0.212132 -0.212132 1
-0.2988584 0.1720729 0.07764571 3.458662
-0.1720729 -0.2718923 0.07764571 -11.76424
0.07764571 -0.07764571 -0.212132 -4.795555
0.2718923 0.2988584 0.2897778 24.18774
0.2718923 -0.02614672 -0.2897778 -0.4035784
0.07764571 -0.2897778 0.212132 -4.795557
-0.1720729 0.1267855 -0.07764571 1.077048
-0.2988584 0.2457456 -0.07764571 3.299742
-0.212132 -0.212132 0.212132 -7.485281
0.02614672 -0.1720729 -0.2897778 -11.15554
0.2457456 0.2718923 0.2897778 22.58616
0.2897778 0.07764571 -0.212132 5.658744
0.1267855 -0.2988584 0.07764571 -6.865712
-0.1267855 0.02614672 0.07764571 1.063073
-0.2897778 0.2897778 -0.212132 2.552916
-0.2457456 -0.1267855 0.2897778 -3.190776
-0.02614672 -0.2457456 -0.2897778 -15.14831
0.212132 0.212132 0.212132 17.97056
0.2988584 0.1720729 -0.07764571 12.30717
0.1720729 -0.2718923 -0.07764571 -7.987148
-0.07764571 -0.07764571 0.212132 0.5838975
-0.2718923 0.2988584 -0.2897778 1.720934
-0.2718923 -0.02614672 0.2897778 0.3118407
-0.07764571 -0.2897778 -0.212132 -16.38667
0.1720729 0.1267855 0.07764571 11.06579
0.2988584 0.2457456 0.07764571 18.35991
0.212132 -0.212132 -0.212132 -7.485281
-0.02614672 -0.1720729 0.2897778 -0.6102947
-0.2457456 0.2718923 -0.2897778 1.165224
-0.2897778 0.07764571 0.212132 2.552913
-0.1267855 -0.2988584 -0.07764571 -15.04296
0.1267855 0.02614672 -0.07764571 3.028665
0.2897778 0.2897778 0.212132 22.62931
0.2457456 -0.1267855 -0.2897778 -4.952064
0.02614672 -0.2457456 0.2897778 -2.511334
-0.212132 0.212132 -0.212132 1
-0.2988584 0.1720729 0.07764571 3.458662
-0.1720729 -0.2718923 0.07764571 -11.76424
0.07764571 -0.07764571 -0.212132 -4.795555
0.2718923 0.2988584 0.2897778 24.18774
0.2718923 -0.02614672 -0.2897778 -0.4035784
0.07764571 -0.2897778 0.212132 -4.795557
-0.1720729 0.1267855 -0.07764571 1.077048
-0.2988584 0.2457456 -0.07764571 3.299742
-0.212132 -0.212132 0.212132 -7.485281
0.02614672 -0.1720729 -0.2897778 -11.15554
0.2457456 0.2718923 0.2897778 22.58616
0.2897778 0.07764571 -0.212132 5.658744
0.1267855 -0.2988584 0.07764571 -6.865712
-0.1267855 0.02614672 0.07764571 1.063073
-0.2897778 0.2897778 -0.212132 2.552916
-0.2457456 -0.1267855 0.2897778 -3.190776
-0.02614672 -0.2457456 -0.2897778 -15.14831
0.212132 0.212132 0.212132 17.97056
0.2988584 0.1720729 -0.07764571 12.30717
0.1720729 -0.2718923 -0.07764571 -7.987148
-0.07764571 -0.07764571 0.212132 0.5838975
-0.2718923 0.2988584 -0.2897778 1.720934
-0.2718923 -0.02614672 0.2897778 0.3118407
-0.07764571 -0.2897778 -0.212132 -16.38667
0.1720729 0.1267855 0.07764571 11.06579
0.2988584 0.2457456 0.07764571 18.35991
0.212132 -0.212132 -0.212132 -7.485281
-0.02614672 -0.1720729 0.2897778 -0.6102947
-0.2457456 0.2718923 -0.2897778 1.165224
-0.2897778 0.07764571 0.212132 2.552913
-0.1267855 -0.2988584 -0.07764571 -15.04296
0.1267855 0.02614672 -0.07764571 3.028665
0.2897778 0.2897778 0.212132 22.62931
0.2457456 -0.1267855 -0.2897778 -4.952064
0.02614672 -0.2457456 0.2897778 -2.511334
-0.212132 0.212132 -0.212132 1
-0.2988584 0.1720729 0.07764571 3.458662
-0.1720729 -0.2718923 0.07764571 -11.76424
0.07764571 -0.07764571 -0.212132 -4.795555
0.2718923 0.2988584 0.2897778 24.18774
0.2718923 -0.02614672 -0.2897778 -0.4035784
0.07764571 -0.2897778 0.212132 -4.795557
-0.1720729 0.1267855 -0.07764571 1.077048
-0.2988584 0.2457456 -0.07764571 3.299742
-0.212132 -0.212132 0.212132 -7.485281
0.02614672 -0.1720729 -0.2897778 -11.15554
0.2457456 0.2718923 0.2897778 22.58616
0.2897778 0.07764571 -0.212132 5.658744
0.1267855 -0.2988584 0.07764571 -6.865712
-0.1267855 0.02614672 0.07764571 1.063073
-0.2897778 0.2897778 -0.212132 2.552916
-0.2457456 -0.1267855 0.2897778 -3.190776
-0.02614672 -0.2457456 -0.2897778 -15.14831
0.212132 0.212132 0.212132 17.97056
0.2988584 0.1720729 -0.07764571 12.30717
0.1720729 -0.2718923 -0.07764571 -7.987148
-0.07764571 -0.07764571 0.212132 0.5838975
-0.2718923 0.2988584 -0.2897778 1.720934
-0.2718923 -0.02614672 0.2897778 0.3118407
-0.07764571 -0.2897778 -0.212132 -16.38667
0.1720729 0.1267855 0.07764571 11.06579
0.2988584 0.2457456 0.07764571 18.35991
0.212132 -0.212132 -0.212132 -7.485281
-0.02614672 -0.1720729 0.2897778 -0.6102947
-0.2457456 0.2718923 -0.2897778 1.165224
-0.2897778 0.07764571 0.212132 2.552913
-0.1267855 -0.2988584 -0.07764571 -15.04296
0.1267855 0.02614672 -0.07764571 3.028665
0.2897778 0.2897778 0.212132 22.62931
0.2457456 -0.1267855 -0.2897778 -4.952064
0.02614672 -0.2457456 0.2897778 -2.511334
-0.212132 0.212132 -0.212132 1
-0.2988584 0.1720729 0.07764571 3.458662
-0.1720729 -0.2718923 0.07764571 -11.76424
0.07764571 -0.07764571 -0.212132 -4.795555
0.2718923 0.2988584 0.2897778 24.18774
0.2718923 -0.02614672 -0.2897778 -0.4035784
0.07764571 -0.2897778 0.212132 -4.795557
-0.1720729 0.1267855 -0.07764571 1.077048
-0.2988584 0.2457456 -0.07764571 3.299742
-0.212132 -0.212132 0.212132 -7.485281
0.02614672 -0.1720729 -0.2897778 -11.15554
0.2457456 0.2718923 0.2897778 22.58616
0.2897778 0.07764571 -0.212132 5.658744
0.1267855 -0.2988584 0.07764571 -6.865712
-0.1267855 0.02614672 0.07764571 1.063073
-0.2897778 0.2897778 -0.212132 2.552916
-0.2457456 -0.1267855 0.2897778 -3.190776
-0.02614672 -0.2457456 -0.2897778 -15.14831
0.212132 0.212132 0.212132 17.97056
0.2988584 0.1720729 -0.07764571 12.30717
0.1720729 -0.2718923 -0.07764571 -7.987148
-0.07764571 -0.07764571 0.212132 0.5838975
-0.2718923 0.2988584 -0.2897778 1.720934
-0.2718923 -0.02614672 0.2897778 0.3118407
-0.07764571 -0.2897778 -0.212132 -16.38667
0.1720729 0.1267855 0.07764571 11.06579
0.2988584 0.2457456 0.07764571 18.35991
0.212132 -0.212132 -0.212132 -7.485281
-0.02614672 -0.1720729 0.2897778 -0.6102947
-0.2457456 0.2718923 -0.2897778 1.165224
-0.2897778 0.07764571 0.212132 2.552913
-0.1267855 -0.2988584 -0.07764571 -15.04296
0.1267855 0.02614672 -0.07764571 3.028665
0.2897778 0.2897778 0.212132 22.62931
0.2457456 -0.1267855 -0.2897778 -4.952064
0.02614672 -0.2457456 0.2897778 -2.511334
-0.212132 0.212132 -0.212132 1
-0.2988584 0.1720729 0.07764571 3.458662
-0.1720729 -0.2718923 0.07764571 -11.76424
0.07764571 -0.07764571 -0.212132 -4.795555
0.2718923 0.2988584 0.2897778 24.18774
0.2718923 -0.02614672 -0.2897778 -0.4035784
0.07764571 -0.2897778 0.212132 -4.795557
-0.1720729 0.1267855 -0.07764571 1.077048
-0.2988584 0.2457456 -0.07764571 3.299742
-0.212132 -0.212132 0.212132 -7.485281
0.02614672 -0.1720729 -0.2897778 -11.15554
0.2457456 0.2718923 0.2897778 22.58616
0.2897778 0.07764571 -0.212132 5.658744
0.1267855 -0.2988584 0.07764571 -6.865712
-0.1267855 0.02614672 0.07764571 1.063073
-0.2897778 0.2897778 -0.212132 2.552916
-0.2457456 -0.1267855 0.2897778 -3.190776
-0.02614672 -0.2457456 -0.2897778 -15.14831
0.212132 0.212132 0.212132 17.97056
0.2988584 0.1720729 -0.07764571 12.30717
0.1720729 -0.2718923 -0.07764571 -7.987148
-0.07764571 -0.07764571 0.212132 0.5838975
-0.2718923 0.2988584 -0.2897778 1.720934
-0.2718923 -0.02614672 0.2897778 0.3118407
-0.07764571 -0.2897778 -0.212132 -16.38667
0.1720729 0.1267855 0.07764571 11.06579
0.2988584 0.2457456 0.07764571 18.35991
0.212132 -0.212132 -0.212132 -7.485281
-0.02614672 -0.1720729 0.2897778 -0.6102947
-0.2457456 0.2718923 -0.2897778 1.165224
-0.2897778 0.07764571 0.212132 2.552913
-0.1267855 -0.2988584 -0.07764571 -15.04296
0.1267855 0.02614672 -0.07764571 3.028665
0.2897778 0.2897778 0.212132 22.62931
0.2457456 -0.1267855 -0.2897778 -4.952064
0.02614672 -0.2457456 0.2897778 -2.511334
-0.212132 0.212132 -0.212132 1
-0.2988584 0.1720729 0.07764571 3.458662
-0.1720729 -0.2718923 0.07764571 -11.76424
0.07764571 -0.07764571 -0.212132 -4.795555
0.2718923 0.2988584 0.2897778 24.18774
0.2718923 -0.02614672 -0.2897778 -0.4035784
0.07764571 -0.2897778 0.212132 -4.795557
-0.1720729 0.1267855 -0.07764571 1.077048
-0.2988584 0.2457456 -0.07764571 3.299742
-0.212132 -0.212132 0.212132 -7.485281
0.02614672 -0.1720729 -0.2897778 -11.15554
0.2457456 0.2718923 0.2897778 22.58616
0.2897778 0.07764571 -0.212132 5.658744
0.1267855 -0.2988584 0.07764571 -6.865712
-0.1267855 0.02614672 0.07764571 1.063073
-0.2897778 0.2897778 -0.212132 2.552916
-0.2457456 -0.1267855 0.2897778 -3.190776
-0.02614672 -0.2457456 -0.2897778 -15.14831
0.212132 0.212132 0.212132 17.97056
0.2988584 0.1720729 -0.07764571 12.30717
0.1720729 -0.2718923 -0.07764571 -7.987148
-0.07764571 -0.07764571 0.212132 0.5838975
-0.2718923 0.2988584 -0.2897778 1.720934
-0.2718923 -0.02614672 0.2897778 0.3118407
-0.07764571 -0.2897778 -0.212132 -16.38667
0.1720729 0.1267855 0.07764571 11.06579
0.2988584 0.2457456 0.07764571 18.35991
0.212132 -0.212132 -0.212132 -7.485281
-0.02614672 -0.1720729 0.2897778 -0.6102947
-0.2457456 0.2718923 -0.2897778 1.165224
-0.2897778 0.07764571 0.212132 2.552913
-0.1267855 -0.2988584 -0.07764571 -15.04296
0.1267855 0.02614672 -0.07764571 3.028665
0.2897778 0.2897778 0.212132 22.62931
0.2457456 -0.1267855 -0.2897778 -4.952064
0.02614672 -0.2457456 0.2897778 -2.511334
-0.212132 0.212132 -0.212132 1
-0.2988584 0.1720729 0.07764571 3.458662
-0.1720729 -0.2718923 0.07764571 -11.76424
0.07764571 -0.07764571 -0.212132 -4.795555
0.2718923 0.2988584 0.2897778 24.18774
0.2718923 -0.02614672 -0.2897778 -0.4035784
0.07764571 -0.2897778 0.212132 -4.795557
-0.1720729 0.1267855 -0.07764571 1.077048
-0.2988584 0.2457456 -0.07764571 3.299742
-0.212132 -0.212132 0.212132 -7.485281
0.02614672 -0.1720729 -0.2897778 -11.15554
0.2457456 0.2718923 0.2897778 22.58616
0.2897778 0.07764571 -0.212132 5.658744
0.1267855 -0.2988584 0.07764571 -6.865712
-0.1267855 0.02614672 0.07764571 1.063073
-0.2897778 0.2897778 -0.212132 2.552916
-0.2457456 -0.1267855 0.2897778 -3.190776
-0.02614672 -0.2457456 -0.2897778 -15.14831
0.212132 0.212132 0.212132 17.97056
0.2988584 0.1720729 -0.07764571 12.30717
0.1720729 -0.2718923 -0.07764571 -7.987148
-0.07764571 -0.07764571 0.212132 0.5838975
-0.2718923 0.2988584 -0.2897778 1.720934
-0.2718923 -0.02614672 0.2897778 0.3118407
-0.07764571 -0.2897778 -0.212132 -16.38667
0.1720729 0.1267855 0.07764571 11.06579
0.2988584 0.2457456 0.07764571 18.35991
0.212132 -0.212132 -0.212132 -7.485281
-0.02614672 -0.1720729 0.2897778 -0.6102947
-0.2457456 0.2718923 -0.2897778 1.165224
-0.2897778 0.07764571 0.212132 2.552913
-0.1267855 -0.2988584 -0.07764571 -15.04296
0.1267855 0.02614672 -0.07764571 3.028665
0.2897778 0.2897778 0.212132 22.62931
0.2457456 -0.1267855 -0.2897778 -4.952064
0.02614672 -0.2457456 0.2897778 -2.511334
-0.212132 0.212132 -0.212132 1
-0.2988584 0.1720729 0.07764571 3.458662
-0.1720729 -0.2718923 0.07764571 -11.76424
0.07764571 -0.07764571 -0.212132 -4.795555
0.2718923 0.2988584 0.2897778 24.18774
0.2718923 -0.02614672 -0.2897778 -0.4035784
0.07764571 -0.2897778 0.212132 -4.795557
-0.1720729 0.1267855 -0.07764571 1.077048
-0.2988584 0.2457456 -0.07764571 3.299742
-0.212132 -0.212132 0.212132 -7.485281
0.02614672 -0.1720729 -0.2897778 -11.15554
0.2457456 0.2718923 0.2897778 22.58616
0.2897778 0.07764571 -0.212132 5.658744
0.1267855 -0.2988584 0.07764571 -6.865712
-0.1267855 0.02614672 0.07764571 1.063073
-0.2897778 0.2897778 -0.212132 2.552916
-0.2457456 -0.1267855 0.2897778 -3.190776
-0.02614672 -0.2457456 -0.2897778 -15.14831
0.212132 0.212132 0.212132 17.97056
0.2988584 0.1720729 -0.07764571 12.30717
0.1720729 -0.2718923 -0.07764571 -7.987148
-0.07764571 -0.07764571 0.212132 0.5838975
-0.2718923 0.2988584 -0.2897778 1.720934
-0.2718923 -0.02614672 0.2897778 0.3118407
-0.07764571 -0.2897778 -0.212132 -16.38667
0.1720729 0.1267855 0.07764571 11.06579
0.2988584 0.2457456 0.07764571 18.35991
0.212132 -0.212132 -0.212132 -7.485281
-0.02614672 -0.1720729 0.2897778 -0.6102947
-0.2457456 0.2718923 -0.2897778 1.165224
-0.2897778 0.07764571 0.212132 2.552913
-0.1267855 -0.2988584 -0.07764571 -15.04296
0.1267855 0.02614672 -0.07764571 3.028665
0.2897778 0.2897778 0.212132 22.62931
0.2457456 -0.1267855 -0.2897778 -4.952064
0.02614672 -0.2457456 0.2897778 -2.511334
-0.212132 0.212132 -0.212132 1
-0.2988584 0.1720729 0.07764571 3.458662
-0.1720729 -0.2718923 0.07764571 -11.76424
0.07764571 -0.07764571 -0.212132 -4.795555
0.2718923 0.2988584 0.2897778 24.18774
0.2718923 -0.02614672 -0.2897778 -0.4035784
0.07764571 -0.2897778 0.212132 -4.795557
-0.1720729 0.1267855 -0.07764571 1.077048
-0.2988584 0.2457456 -0.07764571 3.299742
-0.212132 -0.212132 0.212132 -7.485281
0.02614672 -0.1720729 -0.2897778 -11.15554
0.2457456 0.2718923 0.2897778 22.58616
0.2897778 0.07764571 -0.212132 5.658744
0.1267855 -0.2988584 0.07764571 -6.865712
-0.1267855 0.02614672 0.07764571 1.063073
-0.2897778 0.2897778 -0.212132 2.552916
-0.2457456 -0.1267855 0.2897778 -3.190776
-0.02614672 -0.2457456 -0.2897778 -15.14831
0.212132 0.212132 0.212132 17.97056
0.2988584 0.1720729 -0.07764571 12.30717
0.1720729 -0.2718923 -0.07764571 -7.987148
-0.07764571 -0.07764571 0.212132 0.5838975
-0.2718923 0.2988584 -0.2897778 1.720934
-0.2718923 -0.02614672 0.2897778 0.3118407
-0.07764571 -0.2897778 -0.212132 -16.38667
0.1720729 0.1267855 0.07764571 11.06579
0.2988584 0.2457456 0.07764571 18.35991
0.212132 -0.212132 -0.212132 -7.485281
-0.02614672 -0.1720729 0.2897778 -0.6102947
-0.2457456 0.2718923 -0.2897778 1.165224
-0.2897778 0.07764571 0.212132 2.552913
-0.1267855 -0.2988584 -0.07764571 -15.04296
0.1267855 0.02614672 -0.07764571 3.028665
0.2897778 0.2897778 0.212132 22.62931
0.2457456 -0.1267855 -0.2897778 -4.952064
0.02614672 -0.2457456 0.2897778 -2.511334
-0.212132 0.212132 -0.212132 1
-0.2988584 0.1720729 0.07764571 3.458662
-0.1720729 -0.2718923 0.07764571 -11.76424
0.07764571 -0.07764571 -0.212132 -4.795555
0.2718923 0.2988584 0.2897778 24.18774
0.2718923 -0.02614672 -0.2897778 -0.4035784
0.07764571 -0.2897778 0.212132 -4.795557
-0.1720729 0.1267855 -0.07764571 1.077048
-0.2988584 0.2457456 -0.07764571 3.299742
-0.212132 -0.212132 0.212132 -7.485281
0.02614672 -0.1720729 -0.2897778 -11.15554
0.2457456 0.2718923 0.2897778 22.58616
0.2897778 0.07764571 -0.212132 5.658744
0.1267855 -0.2988584 0.07764571 -6.865712
-0.1267855 0.02614672 0.07764571 1.063073
-0.2897778 0.2897778 -0.212132 2.552916
-0.2457456 -0.1267855 0.2897778 -3.190776
-0.02614672 -0.2457456 -0.2897778 -15.14831
0.212132 0.212132 0.212132 17.97056
0.2988584 0.1720729 -0.07764571 12.30717
0.1720729 -0.2718923 -0.07764571 -7.987148
-0.07764571 -0.07764571 0.212132 0.5838975
-0.2718923 0.2988584 -0.2897778 1.720934
-0.2718923 -0.02614672 0.2897778 0.3118407
-0.07764571 -0.2897778 -0.212132 -16.38667
0.1720729 0.1267855 0.07764571 11.06579
0.2988584 0.2457456 0.07764571 18.35991
0.212132 -0.212132 -0.212132 -7.485281
-0.02614672 -0.1720729 0.2897778 -0.6102947
-0.2457456 0.2718923 -0.2897778 1.165224
-0.2897778 0.07764571 0.212132 2.552913
-0.1267855 -0.2988584 -0.07764571 -15.04296
0.1267855 0.02614672 -0.07764571 3.028665
0.2897778 0.2897778 0.212132 22.62931
0.2457456 -0.1267855 -0.2897778 -4.952064
0.02614672 -0.2457456 0.2897778 -2.511334
-0.212132 0.212132 -0.212132 1
-0.2988584 0.1720729 0.07764571 3.458662
-0.1720729 -0.2718923 0.07764571 -11.76424
0.07764571 -0.07764571 -0.212132 -4.795555
0.2718923 0.2988584 0.2897778 24.18774
0.2718923 -0.02614672 -0.2897778 -0.4035784
0.07764571 -0.2897778 0.212132 -4.795557
-0.1720729 0.1267855 -0.07764571 1.077048
-0.2988584 0.2457456 -0.07764571 3.299742
-0.212132 -0.212132 0.212132 -7.485281
0.02614672 -0.1720729 -0.2897778 -11.15554
0.2457456 0.2718923 0.2897778 22.58616
0.2897778 0.07764571 -0.212132 5.658744
0.1267855 -0.2988584 0.07764571 -6.865712
-0.1267855 0.02614672 0.07764571 1.063073
-0.2897778 0.2897778 -0.212132 2.552916
-0.2457456 -0.1267855 0.2897778 -3.190776
-0.02614672 -0.2457456 -0.2897778 -15.14831
0.212132 0.212132 0.212132 17.97056
0.2988584 0.1720729 -0.07764571 12.30717
0.1720729 -0.2718923 -0.07764571 -7.987148
-0.07764571 -0.07764571 0.212132 0.5838975
-0.2718923 0.2988584 -0.2897778 1.720934
-0.2718923 -0.02614672 0.2897778 0.3118407
-0.07764571 -0.2897778 -0.212132 -16.38667
0.1720729 0.1267855 0.07764571 11.06579
0.2988584 0.2457456 0.07764571 18.35991
0.212132 -0.212132 -0.212132 -7.485281
-0.02614672 -0.1720729 0.2897778 -0.6102947
-0.2457456 0.2718923 -0.2897778 1.165224
-0.2897778 0.07764571 0.212132 2.552913
-0.1267855 -0.2988584 -0.07764571 -15.04296
0.1267855 0.02614672 -0.07764571 3.028665
0.2897778 0.2897778 0.212132 22.62931
0.2457456 -0.1267855 -0.2897778 -4.952064
0.02614672 -0.2457456 0.2897778 -2.511334
-0.212132 0.212132 -0.212132 1
-0.2988584 0.1720729 0.07764571 3.458662
-0.1720729 -0.2718923 0.07764571 -11.76424
0.07764571 -0.07764571 -0.212132 -4.795555
0.2718923 0.2988584 0.2897778 24.18774
0.2718923 -0.02614672 -0.2897778 -0.4035784
0.07764571 -0.2897778 0.212132 -4.795557
-0.1720729 0.1267855 -0.07764571 1.077048
-0.2988584 0.2457456 -0.07764571 3.299742
-0.212132 -0.212132 0.212132 -7.485281
0.02614672 -0.1720729 -0.2897778 -11.15554
0.2457456 0.2718923 0.2897778 22.58616
0.2897778 0.07764571 -0.212132 5.658744
0.1267855 -0.2988584 0.07764571 -6.865712
-0.1267855 0.02614672 0.07764571 1.063073
-0.2897778 0.2897778 -0.212132 2.552916
-0.2457456 -0.1267855 0.2897778 -3.190776
-0.02614672 -0.2457456 -0.2897778 -15.14831
0.212132 0.212132 0.212132 17.97056
0.2988584 0.1720729 -0.07764571 12.30717
0.1720729 -0.2718923 -0.07764571 -7.987148
-0.07764571 -0.07764571 0.212132 0.5838975
-0.2718923 0.2988584 -0.2897778 1.720934
-0.2718923 -0.02614672 0.2897778 0.3118407
-0.07764571 -0.2897778 -0.212132 -16.38667
0.1720729 0.1267855 0.07764571 11.06579
0.2988584 0.2457456 0.07764571 18.35991
0.212132 -0.212132 -0.212132 -7.485281
-0.02614672 -0.1720729 0.2897778 -0.6102947
-0.2457456 0.2718923 -0.2897778 1.165224
-0.2897778 0.07764571 0.212132 2.552913
-0.1267855 -0.2988584 -0.07764571 -15.04296
0.1267855 0.02614672 -0.07764571 3.028665
0.2897778 0.2897778 0.212132 22.62931
0.2457456 -0.1267855 -0.2897778 -4.952064
0.02614672 -0.2457456 0.2897778 -2.511334
-0.212132 0.212132 -0.212132 1
-0.2988584 0.1720729 0.07764571 3.458662
-0.1720729 -0.2718923 0.07764571 -11.76424
0.07764571 -0.07764571 -0.212132 -4.795555
0.2718923 0.2988584 0.2897778 24.18774
0.2718923 -0.02614672 -0.2897778 -0.4035784
0.07764571 -0.2897778 0.212132 -4.795557
-0.1720729 0.1267855 -0.07764571 1.077048
-0.2988584 0.2457456 -0.07764571 3.299742
-0.212132 -0.212132 0.212132 -7.485281
0.02614672 -0.1720729 -0.2897778 -11.15554
0.2457456 0.2718923 0.2897778 22.58616
0.2897778 0.07764571 -0.212132 5.658744
0.1267855 -0.2988584 0.07764571 -6.865712
-0.1267855 0.02614672 0.07764571 1.063073
-0.2897778 0.2897778 -0.212132 2.552916
-0.2457456 -0.1267855 0.2897778 -3.190776
-0.02614672 -0.2457456 -0.2897778 -15.14831
0.212132 0.212132 0.212132 17.97056
0.2988584 0.1720729 -0.07764571 12.30717
0.1720729 -0.2718923 -0.07764571 -7.987148
-0.07764571 -0.07764571 0.212132 0.5838975
-0.2718923 0.2988584 -0.2897778 1.720934
-0.2718923 -0.02614672 0.2897778 0.3118407
-0.07764571 -0.2897778 -0.212132 -16.38667
0.1720729 0.1267855 0.07764571 11.06579
0.2988584 0.2457456 0.07764571 18.35991
0.212132 -0.212132 -0.212132 -7.485281
-0.02614672 -0.1720729 0.2897778 -0.6102947
-0.2457456 0.2718923 -0.2897778 1.165224
-0.2897778 0.07764571 0.212132 2.552913
-0.1267855 -0.2988584 -0.07764571 -15.04296
0.1267855 0.02614672 -0.07764571 3.028665
0.2897778 0.2897778 0.212132 22.62931
0.2457456 -0.1267855 -0.2897778 -4.952064
0.02614672 -0.2457456 0.2897778 -2.511334
-0.212132 0.212132 -0.212132 1
-0.2988584 0.1720729 0.07764571 3.458662
-0.1720729 -0.2718923 0.07764571 -11.76424
0.07764571 -0.07764571 -0.212132 -4.795555
0.2718923 0.2988584 0.2897778 24.18774
0.2718923 -0.02614672 -0.2897778 -0.4035784
0.07764571 -0.2897778 0.212132 -4.795557
-0.1720729 0.1267855 -0.07764571 1.077048
-0.2988584 0.2457456 -0.07764571 3.299742
-0.212132 -0.212132 0.212132 -7.485281
0.02614672 -0.1720729 -0.2897778 -11.15554
0.2457456 0.2718923 0.2897778 22.58616
0.2897778 0.07764571 -0.212132 5.658744
0.1267855 -0.2988584 0.07764571 -6.865712
-0.1267855 0.02614672 0.07764571 1.063073
-0.2897778 0.2897778 -0.212132 2.552916
-0.2457456 -0.1267855 0.2897778 -3.190776
-0.02614672 -0.2457456 -0.2897778 -15.14831
0.212132 0.212132 0.212132 17.97056
0.2988584 0.1720729 -0.07764571 12.30717
0.1720729 -0.2718923 -0.07764571 -7.987148
-0.07764571 -0.07764571 0.212132 0.5838975
-0.2718923 0.2988584 -0.2897778 1.720934
-0.2718923 -0.02614672 0.2897778 0.3118407
-0.07764571 -0.2897778 -0.212132 -16.38667
0.1720729 0.1267855 0.07764571 11.06579
0.2988584 0.2457456 0.07764571 18.35991
0.212132 -0.212132 -0.212132 -7.485281
-0.02614672 -0.1720729 0.2897778 -0.6102947
-0.2457456 0.2718923 -0.2897778 1.165224
-0.2897778 0.07764571 0.212132 2.552913
-0.1267855 -0.2988584 -0.07764571 -15.04296
0.1267855 0.02614672 -0.07764571 3.028665
0.2897778 0.2897778 0.212132 22.62931
0.2457456 -0.1267855 -0.2897778 -4.952064
0.02614672 -0.2457456 0.2897778 -2.511334
-0.212132 0.212132 -0.212132 1
-0.2988584 0.1720729 0.07764571 3.458662
-0.1720729 -0.2718923 0.07764571 -11.76424
0.07764571 -0.07764571 -0.212132 -4.795555
0.2718923 0.2988584 0.2897778 24.18774
0.2718923 -0.02614672 -0.2897778 -0.4035784
0.07764571 -0.2897778 0.212132 -4.795557
-0.1720729 0.1267855 -0.07764571 1.077048
-0.2988584 0.2457456 -0.07764571 3.299742
-0.212132 -0.212132 0.212132 -7.485281
0.02614672 -0.1720729 -0.2897778 -11.15554
0.2457456 0.2718923 0.2897778 22.58616
0.2897778 0.07764571 -0.212132 5.658744
0.1267855 -0.2988584 0.07764571 -6.865712
-0.1267855 0.02614672 0.07764571 1.063073
-0.2897778 0.2897778 -0.212132 2.552916
-0.2457456 -0.1267855 0.2897778 -3.190776
-0.02614672 -0.2457456 -0.2897778 -15.14831
0.212132 0.212132 0.212132 17.97056
0.2988584 0.1720729 -0.07764571 12.30717
0.1720729 -0.2718923 -0.07764571 -7.987148
-0.07764571 -0.07764571 0.212132 0.5838975
-0.2718923 0.2988584 -0.2897778 1.720934
-0.2718923 -0.02614672 0.2897778 0.3118407
-0.07764571 -0.2897778 -0.212132 -16.38667
0.1720729 0.1267855 0.07764571 11.06579
0.2988584 0.2457456 0.07764571 18.35991
0.212132 -0.212132 -0.212132 -7.485281
-0.02614672 -0.1720729 0.2897778 -0.6102947
-0.2457456 0.2718923 -0.2897778 1.165224
-0.2897778 0.07764571 0.212132 2.552913
-0.1267855 -0.2988584 -0.07764571 -15.04296
0.1267855 0.02614672 -0.07764571 3.028665
0.2897778 0.2897778 0.212132 22.62931
0.2457456 -0.1267855 -0.2897778 -4.952064
0.02614672 -0.2457456 0.2897778 -2.511334
-0.212132 0.212132 -0.212132 1
-0.2988584 0.1720729 0.07764571 3.458662
-0.1720729 -0.2718923 0.07764571 -11.76424
0.07764571 -0.07764571 -0.212132 -4.795555
0.2718923 0.2988584 0.2897778 24.18774
0.2718923 -0.02614672 -0.2897778 -0.4035784
0.07764571 -0.2897778 0.212132 -4.795557
-0.1720729 0.1267855 -0.07764571 1.077048
-0.2988584 0.2457456 -0.07764571 3.299742
-0.212132 -0.212132 0.212132 -7.485281
0.02614672 -0.1720729 -0.2897778 -11.15554
0.2457456 0.2718923 0.2897778 22.58616
0.2897778 0.07764571 -0.212132 5.658744
0.1267855 -0.2988584 0.07764571 -6.865712
-0.1267855 0.02614672 0.07764571 1.063073
-0.2897778 0.2897778 -0.212132 2.552916
-0.2457456 -0.1267855 0.2897778 -3.190776
-0.02614672 -0.2457456 -0.2897778 -15.14831
0.212132 0.212132 0.212132 17.97056
0.2988584 0.1720729 -0.07764571 12.30717
0.1720729 -0.2718923 -0.07764571 -7.987148
-0.07764571 -0.07764571 0.212132 0.5838975
-0.2718923 0.2988584 -0.2897778 1.720934
-0.2718923 -0.02614672 0.2897778 0.3118407
-0.07764571 -0.2897778 -0.212132 -16.38667
0.1720729 0.1267855 0.07764571 11.06579
0.2988584 0.2457456 0.07764571 18.35991
0.212132 -0.212132 -0.212132 -7.485281
-0.02614672 -0.1720729 0.2897778 -0.6102947
-0.2457456 0.2718923 -0.2897778 1.165224
-0.2897778 0.07764571 0.212132 2.552913
-0.1267855 -0.2988584 -0.07764571 -15.04296
0.1267855 0.02614672 -0.07764571 3.028665
0.2897778 0.2897778 0.212132 22.62931
0.2457456 -0.1267855 -0.2897778 -4.952064
0.02614672 -0.2457456 0.2897778 -2.511334
-0.212132 0.212132 -0.212132 1
-0.2988584 0.1720729 0.07764571 3.458662
-0.1720729 -0.2718923 0.07764571 -11.76424
0.07764571 -0.07764571 -0.212132 -4.795555
0.2718923 0.2988584 0.2897778 24.18774
0.2718923 -0.02614672 -0.2897778 -0.4035784
0.07764571 -0.2897778 0.212132 -4.795557
-0.1720729 0.1267855 -0.07764571 1.077048
-0.2988584 0.2457456 -0.07764571 3.299742
-0.212132 -0.212132 0.212132 -7.485281
0.02614672 -0.1720729 -0.2897778 -11.15554
0.2457456 0.2718923 0.2897778 22.58616
0.2897778 0.07764571 -0.212132 5.658744
0.1267855 -0.2988584 0.07764571 -6.865712
-0.1267855 0.02614672 0.07764571 1.063073
-0.2897778 0.2897778 -0.212132 2.552916
-0.2457456 -0.1267855 0.2897778 -3.190776
-0.02614672 -0.2457456 -0.2897778 -15.14831
0.212132 0.212132 0.212132 17.97056
0.2988584 0.1720729 -0.07764571 12.30717
0.1720729 -0.2718923 -0.07764571 -7.987148
-0.07764571 -0.07764571 0.212132 0.5838975
-0.2718923 0.2988584 -0.2897778 1.720934
-0.2718923 -0.02614672 0.2897778 0.3118407
-0.07764571 -0.2897778 -0.212132 -16.38667
0.1720729 0.1267855 0.07764571 11.06579
0.2988584 0.2457456 0.07764571 18.35991
0.212132 -0.212132 -0.212132 -7.485281
-0.02614672 -0.1720729 0.2897778 -0.6102947
-0.2457456 0.2718923 -0.2897778 1.165224
-0.2897778 0.07764571 0.212132 2.552913
-0.1267855 -0.2988584 -0.07764571 -15.04296
0.1267855 0.02614672 -0.07764571 3.028665
0.2897778 0.2897778 0.212132 22.62931
0.2457456 -0.1267855 -0.2897778 -4.952064
0.02614672 -0.2457456 0.2897778 -2.511334
-0.212132 0.212132 -0.212132 1
-0.2988584 0.1720729 0.07764571 3.458662
-0.1720729 -0.2718923 0.07764571 -11.76424
0.07764571 -0.07764571 -0.212132 -4.795555
0.2718923 0.2988584 0.2897778 24.18774
0.2718923 -0.02614672 -0.2897778 -0.4035784
0.07764571 -0.2897778 0.212132 -4.795557
-0.1720729 0.1267855 -0.07764571 1.077048
-0.2988584 0.2457456 -0.07764571 3.299742
-0.212132 -0.212132 0.212132 -7.485281
0.02614672 -0.1720729 -0.2897778 -11.15554
0.2457456 0.2718923 0.2897778 22.58616
0.2897778 0.07764571 -0.212132 5.658744
0.1267855 -0.2988584 0.07764571 -6.865712
-0.1267855 0.02614672 0.07764571 1.063073
-0.2897778 0.2897778 -0.212132 2.552916
-0.2457456 -0.1267855 0.2897778 -3.190776
-0.02614672 -0.2457456 -0.2897778 -15.14831
0.212132 0.212132 0.212132 17.97056
0.2988584 0.1720729 -0.07764571 12.30717
0.1720729 -0.2718923 -0.07764571 -7.987148
-0.07764571 -0.07764571 0.212132 0.5838975
-0.2718923 0.2988584 -0.2897778 1.720934
-0.2718923 -0.02614672 0.2897778 0.3118407
-0.07764571 -0.2897778 -0.212132 -16.38667
0.1720729 0.1267855 0.07764571 11.06579
0.2988584 0.2457456 0.07764571 18.35991
0.212132 -0.212132 -0.212132 -7.485281
-0.02614672 -0.1720729 0.2897778 -0.6102947
-0.2457456 0.2718923 -0.2897778 1.165224
-0.2897778 0.07764571 0.212132 2.552913
-0.1267855 -0.2988584 -0.07764571 -15.04296
0.1267855 0.02614672 -0.07764571 3.028665
0.2897778 0.2897778 0.212132 22.62931
0.2457456 -0.1267855 -0.2897778 -4.952064
0.02614672 -0.2457456 0.2897778 -2.511334
-0.212132 0.212132 -0.212132 1
-0.2988584 0.1720729 0.07764571 3.458662
-0.1720729 -0.2718923 0.07764571 -11.76424
0.07764571 -0.07764571 -0.212132 -4.795555
0.2718923 0.2988584 0.2897778 24.18774
0.2718923 -0.02614672 -0.2897778 -0.4035784
0.07764571 -0.2897778 0.212132 -4.795557
-0.1720729 0.1267855 -0.07764571 1.077048
-0.2988584 0.2457456 -0.07764571 3.299742
-0.212132 -0.212132 0.212132 -7.485281
0.02614672 -0.1720729 -0.2897778 -11.15554
0.2457456 0.2718923 0.2897778 22.58616
0.2897778 0.07764571 -0.212132 5.658744
0.1267855 -0.2988584 0.07764571 -6.865712
-0.1267855 0.02614672 0.07764571 1.063073
-0.2897778 0.2897778 -0.212132 2.552916
-0.2457456 -0.1267855 0.2897778 -3.190776
-0.02614672 -0.2457456 -0.2897778 -15.14831
0.212132 0.212132 0.212132 17.97056
0.2988584 0.1720729 -0.07764571 12.30717
0.1720729 -0.2718923 -0.07764571 -7.987148
-0.07764571 -0.07764571 0.212132 0.5838975
-0.2718923 0.2988584 -0.2897778 1.720934
-0.2718923 -0.02614672 0.2897778 0.3118407
-0.07764571 -0.2897778 -0.212132 -16.38667
0.1720729 0.1267855 0.07764571 11.06579
0.2988584 0.2457456 0.07764571 18.35991
0.212132 -0.212132 -0.212132 -7.485281
-0.02614672 -0.1720729 0.2897778 -0.6102947
-0.2457456 0.2718923 -0.2897778 1.165224
-0.2897778 0.07764571 0.212132 2.552913
-0.1267855 -0.2988584 -0.07764571 -15.04296
0.1267855 0.02614672 -0.07764571 3.028665
0.2897778 0.2897778 0.212132 22.62931
0.2457456 -0.1267855 -0.2897778 -4.952064
0.02614672 -0.2457456 0.2897778 -2.511334
-0.212132 0.212132 -0.212132 1
-0.2988584 0.1720729 0.07764571 3.458662
-0.1720729 -0.2718923 0.07764571 -11.76424
0.07764571 -0.07764571 -0.212132 -4.795555
0.2718923 0.2988584 0.2897778 24.18774
0.2718923 -0.02614672 -0.2897778 -0.4035784
0.07764571 -0.2897778 0.212132 -4.795557
-0.1720729 0.1267855 -0.07764571 1.077048
-0.2988584 0.2457456 -0.07764571 3.299742
-0.212132 -0.212132 0.212132 -7.485281
0.02614672 -0.1720729 -0.2897778 -11.15554
0.2457456 0.2718923 0.2897778 22.58616
0.2897778 0.07764571 -0.212132 5.658744
0.1267855 -0.2988584 0.07764571 -6.865712
-0.1267855 0.02614672 0.07764571 1.063073
-0.2897778 0.2897778 -0.212132 2.552916
-0.2457456 -0.1267855 0.2897778 -3.190776
-0.02614672 -0.2457456 -0.2897778 -15.14831
0.212132 0.212132 0.212132 17.97056
0.2988584 0.1720729 -0.07764571 12.30717
0.1720729 -0.2718923 -0.07764571 -7.987148
-0.07764571 -0.07764571 0.212132 0.5838975
-0.2718923 0.2988584 -0.2897778 1.720934
-0.2718923 -0.02614672 0.2897778 0.3118407
-0.07764571 -0.2897778 -0.212132 -16.38667
0.1720729 0.1267855 0.07764571 11.06579
0.2988584 0.2457456 0.07764571 18.35991
0.212132 -0.212132 -0.212132 -7.485281
-0.02614672 -0.1720729 0.2897778 -0.6102947
-0.2457456 0.2718923 -0.2897778 1.165224
-0.2897778 0.07764571 0.212132 2.552913
-0.1267855 -0.2988584 -0.07764571 -15.04296
0.1267855 0.02614672 -0.07764571 3.028665
0.2897778 0.2897778 0.212132 22.62931
0.2457456 -0.1267855 -0.2897778 -4.952064
0.02614672 -0.2457456 0.2897778 -2.511334
-0.212132 0.212132 -0.212132 1
-0.2988584 0.1720729 0.07764571 3.458662
-0.1720729 -0.2718923 0.07764571 -11.76424
0.07764571 -0.07764571 -0.212132 -4.795555
0.2718923 0.2988584 0.2897778 24.18774
0.2718923 -0.02614672 -0.2897778 -0.4035784
0.07764571 -0.2897778 0.212132 -4.795557
-0.1720729 0.1267855 -0.07764571 1.077048
-0.2988584 0.2457456 -0.07764571 3.299742
-0.212132 -0.212132 0.212132 -7.485281
0.02614672 -0.1720729 -0.2897778 -11.15554
0.2457456 0.2718923 0.2897778 22.58616
0.2897778 0.07764571 -0.212132 5.658744
0.1267855 -0.2988584 0.07764571 -6.865712
-0.1267855 0.02614672 0.07764571 1.063073
-0.2897778 0.2897778 -0.212132 2.552916
-0.2457456 -0.1267855 0.2897778 -3.190776
-0.02614672 -0.2457456 -0.2897778 -15.14831
0.212132 0.212132 0.212132 17.97056
0.2988584 0.1720729 -0.07764571 12.30717
0.1720729 -0.2718923 -0.07764571 -7.987148
-0.07764571 -0.07764571 0.212132 0.5838975
-0.2718923 0.2988584 -0.2897778 1.720934
-0.2718923 -0.02614672 0.2897778 0.3118407
-0.07764571 -0.2897778 -0.212132 -16.38667
0.1720729 0.1267855 0.07764571 11.06579
0.2988584 0.2457456 0.07764571 18.35991
0.212132 -0.212132 -0.212132 -7.485281
-0.02614672 -0.1720729 0.2897778 -0.6102947
-0.2457456 0.2718923 -0.2897778 1.165224
-0.2897778 0.07764571 0.212132 2.552913
-0.1267855 -0.2988584 -0.07764571 -15.04296
0.1267855 0.02614672 -0.07764571 3.028665
0.2897778 0.2897778 0.212132 22.62931
0.2457456 -0.1267855 -0.2897778 -4.952064
0.02614672 -0.2457456 0.2897778 -2.511334
-0.212132 0.212132 -0.212132 1
-0.2988584 0.1720729 0.07764571 3.458662
-0.1720729 -0.2718923 0.07764571 -11.76424
0.07764571 -0.07764571 -0.212132 -4.795555
0.2718923 0.2988584 0.2897778 24.18774
0.2718923 -0.02614672 -0.2897778 -0.4035784
0.07764571 -0.2897778 0.212132 -4.795557
-0.1720729 0.1267855 -0.07764571 1.077048
-0.2988584 0.2457456 -0.07764571 3.299742
-0.212132 -0.212132 0.212132 -7.485281
0.02614672 -0.1720729 -0.2897778 -11.15554
0.2457456 0.2718923 0.2897778 22.58616
0.2897778 0.07764571 -0.212132 5.658744
0.1267855 -0.2988584 0.07764571 -6.865712
-0.1267855 0.02614672 0.07764571 1.063073
-0.2897778 0.2897778 -0.212132 2.552916
-0.2457456 -0.1267855 0.2897778 -3.190776
-0.02614672 -0.2457456 -0.2897778 -15.14831
0.212132 0.212132 0.212132 17.97056
0.2988584 0.1720729 -0.07764571 12.30717
0.1720729 -0.2718923 -0.07764571 -7.987148
-0.07764571 -0.07764571 0.212132 0.5838975
-0.2718923 0.2988584 -0.2897778 1.720934
-0.2718923 -0.02614672 0.2897778 0.3118407
-0.07764571 -0.2897778 -0.212132 -16.38667
0.1720729 0.1267855 0.07764571 11.06579
0.2988584 0.2457456 0.07764571 18.35991
0.212132 -0.212132 -0.212132 -7.485281
-0.02614672 -0.1720729 0.2897778 -0.6102947
-0.2457456 0.2718923 -0.2897778 1.165224
-0.2897778 0.07764571 0.212132 2.552913
-0.1267855 -0.2988584 -0.07764571 -15.04296
0.1267855 0.02614672 -0.07764571 3.028665
0.2897778 0.2897778 0.212132 22.62931
0.2457456 -0.1267855 -0.2897778 -4.952064
0.02614672 -0.2457456 0.2897778 -2.511334
-0.212132 0.212132 -0.212132 1
-0.2988584 0.1720729 0.07764571 3.458662
-0.1720729 -0.2718923 0.07764571 -11.76424
0.07764571 -0.07764571 -0.212132 -4.795555
0.2718923 0.2988584 0.2897778 24.18774
0.2718923 -0.02614672 -0.2897778 -0.4035784
0.07764571 -0.2897778 0.212132 -4.795557
-0.1720729 0.1267855 -0.07764571 1.077048
-0.2988584 0.2457456 -0.07764571 3.299742
-0.212132 -0.212132 0.212132 -7.485281
