# channels number
3
# samples number
1000
# sampling rate
0.99
# start date
01-01-0001
# start time
00:00:00.000
# channels names
Model_4_1;Model_4_2;Model_4_3
0.212132 0.212132 0.212132
0.2988584 0.1720729 -0.07764571
0.1720729 -0.2718923 -0.07764571
-0.07764571 -0.07764571 0.212132
-0.2718923 0.2988584 -0.2897778
-0.2718923 -0.02614672 0.2897778
-0.07764571 -0.2897778 -0.212132
0.1720729 0.1267855 0.07764571
0.2988584 0.2457456 0.07764571
0.212132 -0.212132 -0.212132
-0.02614672 -0.1720729 0.2897778
-0.2457456 0.2718923 -0.2897778
-0.2897778 0.07764571 0.212132
-0.1267855 -0.2988584 -0.07764571
0.1267855 0.02614672 -0.07764571
0.2897778 0.2897778 0.212132
0.2457456 -0.1267855 -0.2897778
0.02614672 -0.2457456 0.2897778
-0.212132 0.212132 -0.212132
-0.2988584 0.1720729 0.07764571
-0.1720729 -0.2718923 0.07764571
0.07764571 -0.07764571 -0.212132
0.2718923 0.2988584 0.2897778
0.2718923 -0.02614672 -0.2897778
0.07764571 -0.2897778 0.212132
-0.1720729 0.1267855 -0.07764571
-0.2988584 0.2457456 -0.07764571
-0.212132 -0.212132 0.212132
0.02614672 -0.1720729 -0.2897778
0.2457456 0.2718923 0.2897778
0.2897778 0.07764571 -0.212132
0.1267855 -0.2988584 0.07764571
-0.1267855 0.02614672 0.07764571
-0.2897778 0.2897778 -0.212132
-0.2457456 -0.1267855 0.2897778
-0.02614672 -0.2457456 -0.2897778
0.212132 0.212132 0.212132
0.2988584 0.1720729 -0.07764571
0.1720729 -0.2718923 -0.07764571
-0.07764571 -0.07764571 0.212132
-0.2718923 0.2988584 -0.2897778
-0.2718923 -0.02614672 0.2897778
-0.07764571 -0.2897778 -0.212132
0.1720729 0.1267855 0.07764571
0.2988584 0.2457456 0.07764571
0.212132 -0.212132 -0.212132
-0.02614672 -0.1720729 0.2897778
-0.2457456 0.2718923 -0.2897778
-0.2897778 0.07764571 0.212132
-0.1267855 -0.2988584 -0.07764571
0.1267855 0.02614672 -0.07764571
0.2897778 0.2897778 0.212132
0.2457456 -0.1267855 -0.2897778
0.02614672 -0.2457456 0.2897778
-0.212132 0.212132 -0.212132
-0.2988584 0.1720729 0.07764571
-0.1720729 -0.2718923 0.07764571
0.07764571 -0.07764571 -0.212132
0.2718923 0.2988584 0.2897778
0.2718923 -0.02614672 -0.2897778
0.07764571 -0.2897778 0.212132
-0.1720729 0.1267855 -0.07764571
-0.2988584 0.2457456 -0.07764571
-0.212132 -0.212132 0.212132
0.02614672 -0.1720729 -0.2897778
0.2457456 0.2718923 0.2897778
0.2897778 0.07764571 -0.212132
0.1267855 -0.2988584 0.07764571
-0.1267855 0.02614672 0.07764571
-0.2897778 0.2897778 -0.212132
-0.2457456 -0.1267855 0.2897778
-0.02614672 -0.2457456 -0.2897778
0.212132 0.212132 0.212132
0.2988584 0.1720729 -0.07764571
0.1720729 -0.2718923 -0.07764571
-0.07764571 -0.07764571 0.212132
-0.2718923 0.2988584 -0.2897778
-0.2718923 -0.02614672 0.2897778
-0.07764571 -0.2897778 -0.212132
0.1720729 0.1267855 0.07764571
0.2988584 0.2457456 0.07764571
0.212132 -0.212132 -0.212132
-0.02614672 -0.1720729 0.2897778
-0.2457456 0.2718923 -0.2897778
-0.2897778 0.07764571 0.212132
-0.1267855 -0.2988584 -0.07764571
0.1267855 0.02614672 -0.07764571
0.2897778 0.2897778 0.212132
0.2457456 -0.1267855 -0.2897778
0.02614672 -0.2457456 0.2897778
-0.212132 0.212132 -0.212132
-0.2988584 0.1720729 0.07764571
-0.1720729 -0.2718923 0.07764571
0.07764571 -0.07764571 -0.212132
0.2718923 0.2988584 0.2897778
0.2718923 -0.02614672 -0.2897778
0.07764571 -0.2897778 0.212132
-0.1720729 0.1267855 -0.07764571
-0.2988584 0.2457456 -0.07764571
-0.212132 -0.212132 0.212132
0.02614672 -0.1720729 -0.2897778
0.2457456 0.2718923 0.2897778
0.2897778 0.07764571 -0.212132
0.1267855 -0.2988584 0.07764571
-0.1267855 0.02614672 0.07764571
-0.2897778 0.2897778 -0.212132
-0.2457456 -0.1267855 0.2897778
-0.02614672 -0.2457456 -0.2897778
0.212132 0.212132 0.212132
0.2988584 0.1720729 -0.07764571
0.1720729 -0.2718923 -0.07764571
-0.07764571 -0.07764571 0.212132
-0.2718923 0.2988584 -0.2897778
-0.2718923 -0.02614672 0.2897778
-0.07764571 -0.2897778 -0.212132
0.1720729 0.1267855 0.07764571
0.2988584 0.2457456 0.07764571
0.212132 -0.212132 -0.212132
-0.02614672 -0.1720729 0.2897778
-0.2457456 0.2718923 -0.2897778
-0.2897778 0.07764571 0.212132
-0.1267855 -0.2988584 -0.07764571
0.1267855 0.02614672 -0.07764571
0.2897778 0.2897778 0.212132
0.2457456 -0.1267855 -0.2897778
0.02614672 -0.2457456 0.2897778
-0.212132 0.212132 -0.212132
-0.2988584 0.1720729 0.07764571
-0.1720729 -0.2718923 0.07764571
0.07764571 -0.07764571 -0.212132
0.2718923 0.2988584 0.2897778
0.2718923 -0.02614672 -0.2897778
0.07764571 -0.2897778 0.212132
-0.1720729 0.1267855 -0.07764571
-0.2988584 0.2457456 -0.07764571
-0.212132 -0.212132 0.212132
0.02614672 -0.1720729 -0.2897778
0.2457456 0.2718923 0.2897778
0.2897778 0.07764571 -0.212132
0.1267855 -0.2988584 0.07764571
-0.1267855 0.02614672 0.07764571
-0.2897778 0.2897778 -0.212132
-0.2457456 -0.1267855 0.2897778
-0.02614672 -0.2457456 -0.2897778
0.212132 0.212132 0.212132
0.2988584 0.1720729 -0.07764571
0.1720729 -0.2718923 -0.07764571
-0.07764571 -0.07764571 0.212132
-0.2718923 0.2988584 -0.2897778
-0.2718923 -0.02614672 0.2897778
-0.07764571 -0.2897778 -0.212132
0.1720729 0.1267855 0.07764571
0.2988584 0.2457456 0.07764571
0.212132 -0.212132 -0.212132
-0.02614672 -0.1720729 0.2897778
-0.2457456 0.2718923 -0.2897778
-0.2897778 0.07764571 0.212132
-0.1267855 -0.2988584 -0.07764571
0.1267855 0.02614672 -0.07764571
0.2897778 0.2897778 0.212132
0.2457456 -0.1267855 -0.2897778
0.02614672 -0.2457456 0.2897778
-0.212132 0.212132 -0.212132
-0.2988584 0.1720729 0.07764571
-0.1720729 -0.2718923 0.07764571
0.07764571 -0.07764571 -0.212132
0.2718923 0.2988584 0.2897778
0.2718923 -0.02614672 -0.2897778
0.07764571 -0.2897778 0.212132
-0.1720729 0.1267855 -0.07764571
-0.2988584 0.2457456 -0.07764571
-0.212132 -0.212132 0.212132
0.02614672 -0.1720729 -0.2897778
0.2457456 0.2718923 0.2897778
0.2897778 0.07764571 -0.212132
0.1267855 -0.2988584 0.07764571
-0.1267855 0.02614672 0.07764571
-0.2897778 0.2897778 -0.212132
-0.2457456 -0.1267855 0.2897778
-0.02614672 -0.2457456 -0.2897778
0.212132 0.212132 0.212132
0.2988584 0.1720729 -0.07764571
0.1720729 -0.2718923 -0.07764571
-0.07764571 -0.07764571 0.212132
-0.2718923 0.2988584 -0.2897778
-0.2718923 -0.02614672 0.2897778
-0.07764571 -0.2897778 -0.212132
0.1720729 0.1267855 0.07764571
0.2988584 0.2457456 0.07764571
0.212132 -0.212132 -0.212132
-0.02614672 -0.1720729 0.2897778
-0.2457456 0.2718923 -0.2897778
-0.2897778 0.07764571 0.212132
-0.1267855 -0.2988584 -0.07764571
0.1267855 0.02614672 -0.07764571
0.2897778 0.2897778 0.212132
0.2457456 -0.1267855 -0.2897778
0.02614672 -0.2457456 0.2897778
-0.212132 0.212132 -0.212132
-0.2988584 0.1720729 0.07764571
-0.1720729 -0.2718923 0.07764571
0.07764571 -0.07764571 -0.212132
0.2718923 0.2988584 0.2897778
0.2718923 -0.02614672 -0.2897778
0.07764571 -0.2897778 0.212132
-0.1720729 0.1267855 -0.07764571
-0.2988584 0.2457456 -0.07764571
-0.212132 -0.212132 0.212132
0.02614672 -0.1720729 -0.2897778
0.2457456 0.2718923 0.2897778
0.2897778 0.07764571 -0.212132
0.1267855 -0.2988584 0.07764571
-0.1267855 0.02614672 0.07764571
-0.2897778 0.2897778 -0.212132
-0.2457456 -0.1267855 0.2897778
-0.02614672 -0.2457456 -0.2897778
0.212132 0.212132 0.212132
0.2988584 0.1720729 -0.07764571
0.1720729 -0.2718923 -0.07764571
-0.07764571 -0.07764571 0.212132
-0.2718923 0.2988584 -0.2897778
-0.2718923 -0.02614672 0.2897778
-0.07764571 -0.2897778 -0.212132
0.1720729 0.1267855 0.07764571
0.2988584 0.2457456 0.07764571
0.212132 -0.212132 -0.212132
-0.02614672 -0.1720729 0.2897778
-0.2457456 0.2718923 -0.2897778
-0.2897778 0.07764571 0.212132
-0.1267855 -0.2988584 -0.07764571
0.1267855 0.02614672 -0.07764571
0.2897778 0.2897778 0.212132
0.2457456 -0.1267855 -0.2897778
0.02614672 -0.2457456 0.2897778
-0.212132 0.212132 -0.212132
-0.2988584 0.1720729 0.07764571
-0.1720729 -0.2718923 0.07764571
0.07764571 -0.07764571 -0.212132
0.2718923 0.2988584 0.2897778
0.2718923 -0.02614672 -0.2897778
0.07764571 -0.2897778 0.212132
-0.1720729 0.1267855 -0.07764571
-0.2988584 0.2457456 -0.07764571
-0.212132 -0.212132 0.212132
0.02614672 -0.1720729 -0.2897778
0.2457456 0.2718923 0.2897778
0.2897778 0.07764571 -0.212132
0.1267855 -0.2988584 0.07764571
-0.1267855 0.02614672 0.07764571
-0.2897778 0.2897778 -0.212132
-0.2457456 -0.1267855 0.2897778
-0.02614672 -0.2457456 -0.2897778
0.212132 0.212132 0.212132
0.2988584 0.1720729 -0.07764571
0.1720729 -0.2718923 -0.07764571
-0.07764571 -0.07764571 0.212132
-0.2718923 0.2988584 -0.2897778
-0.2718923 -0.02614672 0.2897778
-0.07764571 -0.2897778 -0.212132
0.1720729 0.1267855 0.07764571
0.2988584 0.2457456 0.07764571
0.212132 -0.212132 -0.212132
-0.02614672 -0.1720729 0.2897778
-0.2457456 0.2718923 -0.2897778
-0.2897778 0.07764571 0.212132
-0.1267855 -0.2988584 -0.07764571
0.1267855 0.02614672 -0.07764571
0.2897778 0.2897778 0.212132
0.2457456 -0.1267855 -0.2897778
0.02614672 -0.2457456 0.2897778
-0.212132 0.212132 -0.212132
-0.2988584 0.1720729 0.07764571
-0.1720729 -0.2718923 0.07764571
0.07764571 -0.07764571 -0.212132
0.2718923 0.2988584 0.2897778
0.2718923 -0.02614672 -0.2897778
0.07764571 -0.2897778 0.212132
-0.1720729 0.1267855 -0.07764571
-0.2988584 0.2457456 -0.07764571
-0.212132 -0.212132 0.212132
0.02614672 -0.1720729 -0.2897778
0.2457456 0.2718923 0.2897778
0.2897778 0.07764571 -0.212132
0.1267855 -0.2988584 0.07764571
-0.1267855 0.02614672 0.07764571
-0.2897778 0.2897778 -0.212132
-0.2457456 -0.1267855 0.2897778
-0.02614672 -0.2457456 -0.2897778
0.212132 0.212132 0.212132
0.2988584 0.1720729 -0.07764571
0.1720729 -0.2718923 -0.07764571
-0.07764571 -0.07764571 0.212132
-0.2718923 0.2988584 -0.2897778
-0.2718923 -0.02614672 0.2897778
-0.07764571 -0.2897778 -0.212132
0.1720729 0.1267855 0.07764571
0.2988584 0.2457456 0.07764571
0.212132 -0.212132 -0.212132
-0.02614672 -0.1720729 0.2897778
-0.2457456 0.2718923 -0.2897778
-0.2897778 0.07764571 0.212132
-0.1267855 -0.2988584 -0.07764571
0.1267855 0.02614672 -0.07764571
0.2897778 0.2897778 0.212132
0.2457456 -0.1267855 -0.2897778
0.02614672 -0.2457456 0.2897778
-0.212132 0.212132 -0.212132
-0.2988584 0.1720729 0.07764571
-0.1720729 -0.2718923 0.07764571
0.07764571 -0.07764571 -0.212132
0.2718923 0.2988584 0.2897778
0.2718923 -0.02614672 -0.2897778
0.07764571 -0.2897778 0.212132
-0.1720729 0.1267855 -0.07764571
-0.2988584 0.2457456 -0.07764571
-0.212132 -0.212132 0.212132
0.02614672 -0.1720729 -0.2897778
0.2457456 0.2718923 0.2897778
0.2897778 0.07764571 -0.212132
0.1267855 -0.2988584 0.07764571
-0.1267855 0.02614672 0.07764571
-0.2897778 0.2897778 -0.212132
-0.2457456 -0.1267855 0.2897778
-0.02614672 -0.2457456 -0.2897778
0.212132 0.212132 0.212132
0.2988584 0.1720729 -0.07764571
0.1720729 -0.2718923 -0.07764571
-0.07764571 -0.07764571 0.212132
-0.2718923 0.2988584 -0.2897778
-0.2718923 -0.02614672 0.2897778
-0.07764571 -0.2897778 -0.212132
0.1720729 0.1267855 0.07764571
0.2988584 0.2457456 0.07764571
0.212132 -0.212132 -0.212132
-0.02614672 -0.1720729 0.2897778
-0.2457456 0.2718923 -0.2897778
-0.2897778 0.07764571 0.212132
-0.1267855 -0.2988584 -0.07764571
0.1267855 0.02614672 -0.07764571
0.2897778 0.2897778 0.212132
0.2457456 -0.1267855 -0.2897778
0.02614672 -0.2457456 0.2897778
-0.212132 0.212132 -0.212132
-0.2988584 0.1720729 0.07764571
-0.1720729 -0.2718923 0.07764571
0.07764571 -0.07764571 -0.212132
0.2718923 0.2988584 0.2897778
0.2718923 -0.02614672 -0.2897778
0.07764571 -0.2897778 0.212132
-0.1720729 0.1267855 -0.07764571
-0.2988584 0.2457456 -0.07764571
-0.212132 -0.212132 0.212132
0.02614672 -0.1720729 -0.2897778
0.2457456 0.2718923 0.2897778
0.2897778 0.07764571 -0.212132
0.1267855 -0.2988584 0.07764571
-0.1267855 0.02614672 0.07764571
-0.2897778 0.2897778 -0.212132
-0.2457456 -0.1267855 0.2897778
-0.02614672 -0.2457456 -0.2897778
0.212132 0.212132 0.212132
0.2988584 0.1720729 -0.07764571
0.1720729 -0.2718923 -0.07764571
-0.07764571 -0.07764571 0.212132
-0.2718923 0.2988584 -0.2897778
-0.2718923 -0.02614672 0.2897778
-0.07764571 -0.2897778 -0.212132
0.1720729 0.1267855 0.07764571
0.2988584 0.2457456 0.07764571
0.212132 -0.212132 -0.212132
-0.02614672 -0.1720729 0.2897778
-0.2457456 0.2718923 -0.2897778
-0.2897778 0.07764571 0.212132
-0.1267855 -0.2988584 -0.07764571
0.1267855 0.02614672 -0.07764571
0.2897778 0.2897778 0.212132
0.2457456 -0.1267855 -0.2897778
0.02614672 -0.2457456 0.2897778
-0.212132 0.212132 -0.212132
-0.2988584 0.1720729 0.07764571
-0.1720729 -0.2718923 0.07764571
0.07764571 -0.07764571 -0.212132
0.2718923 0.2988584 0.2897778
0.2718923 -0.02614672 -0.2897778
0.07764571 -0.2897778 0.212132
-0.1720729 0.1267855 -0.07764571
-0.2988584 0.2457456 -0.07764571
-0.212132 -0.212132 0.212132
0.02614672 -0.1720729 -0.2897778
0.2457456 0.2718923 0.2897778
0.2897778 0.07764571 -0.212132
0.1267855 -0.2988584 0.07764571
-0.1267855 0.02614672 0.07764571
-0.2897778 0.2897778 -0.212132
-0.2457456 -0.1267855 0.2897778
-0.02614672 -0.2457456 -0.2897778
0.212132 0.212132 0.212132
0.2988584 0.1720729 -0.07764571
0.1720729 -0.2718923 -0.07764571
-0.07764571 -0.07764571 0.212132
-0.2718923 0.2988584 -0.2897778
-0.2718923 -0.02614672 0.2897778
-0.07764571 -0.2897778 -0.212132
0.1720729 0.1267855 0.07764571
0.2988584 0.2457456 0.07764571
0.212132 -0.212132 -0.212132
-0.02614672 -0.1720729 0.2897778
-0.2457456 0.2718923 -0.2897778
-0.2897778 0.07764571 0.212132
-0.1267855 -0.2988584 -0.07764571
0.1267855 0.02614672 -0.07764571
0.2897778 0.2897778 0.212132
0.2457456 -0.1267855 -0.2897778
0.02614672 -0.2457456 0.2897778
-0.212132 0.212132 -0.212132
-0.2988584 0.1720729 0.07764571
-0.1720729 -0.2718923 0.07764571
0.07764571 -0.07764571 -0.212132
0.2718923 0.2988584 0.2897778
0.2718923 -0.02614672 -0.2897778
0.07764571 -0.2897778 0.212132
-0.1720729 0.1267855 -0.07764571
-0.2988584 0.2457456 -0.07764571
-0.212132 -0.212132 0.212132
0.02614672 -0.1720729 -0.2897778
0.2457456 0.2718923 0.2897778
0.2897778 0.07764571 -0.212132
0.1267855 -0.2988584 0.07764571
-0.1267855 0.02614672 0.07764571
-0.2897778 0.2897778 -0.212132
-0.2457456 -0.1267855 0.2897778
-0.02614672 -0.2457456 -0.2897778
0.212132 0.212132 0.212132
0.2988584 0.1720729 -0.07764571
0.1720729 -0.2718923 -0.07764571
-0.07764571 -0.07764571 0.212132
-0.2718923 0.2988584 -0.2897778
-0.2718923 -0.02614672 0.2897778
-0.07764571 -0.2897778 -0.212132
0.1720729 0.1267855 0.07764571
0.2988584 0.2457456 0.07764571
0.212132 -0.212132 -0.212132
-0.02614672 -0.1720729 0.2897778
-0.2457456 0.2718923 -0.2897778
-0.2897778 0.07764571 0.212132
-0.1267855 -0.2988584 -0.07764571
0.1267855 0.02614672 -0.07764571
0.2897778 0.2897778 0.212132
0.2457456 -0.1267855 -0.2897778
0.02614672 -0.2457456 0.2897778
-0.212132 0.212132 -0.212132
-0.2988584 0.1720729 0.07764571
-0.1720729 -0.2718923 0.07764571
0.07764571 -0.07764571 -0.212132
0.2718923 0.2988584 0.2897778
0.2718923 -0.02614672 -0.2897778
0.07764571 -0.2897778 0.212132
-0.1720729 0.1267855 -0.07764571
-0.2988584 0.2457456 -0.07764571
-0.212132 -0.212132 0.212132
0.02614672 -0.1720729 -0.2897778
0.2457456 0.2718923 0.2897778
0.2897778 0.07764571 -0.212132
0.1267855 -0.2988584 0.07764571
-0.1267855 0.02614672 0.07764571
-0.2897778 0.2897778 -0.212132
-0.2457456 -0.1267855 0.2897778
-0.02614672 -0.2457456 -0.2897778
0.212132 0.212132 0.212132
0.2988584 0.1720729 -0.07764571
0.1720729 -0.2718923 -0.07764571
-0.07764571 -0.07764571 0.212132
-0.2718923 0.2988584 -0.2897778
-0.2718923 -0.02614672 0.2897778
-0.07764571 -0.2897778 -0.212132
0.1720729 0.1267855 0.07764571
0.2988584 0.2457456 0.07764571
0.212132 -0.212132 -0.212132
-0.02614672 -0.1720729 0.2897778
-0.2457456 0.2718923 -0.2897778
-0.2897778 0.07764571 0.212132
-0.1267855 -0.2988584 -0.07764571
0.1267855 0.02614672 -0.07764571
0.2897778 0.2897778 0.212132
0.2457456 -0.1267855 -0.2897778
0.02614672 -0.2457456 0.2897778
-0.212132 0.212132 -0.212132
-0.2988584 0.1720729 0.07764571
-0.1720729 -0.2718923 0.07764571
0.07764571 -0.07764571 -0.212132
0.2718923 0.2988584 0.2897778
0.2718923 -0.02614672 -0.2897778
0.07764571 -0.2897778 0.212132
-0.1720729 0.1267855 -0.07764571
-0.2988584 0.2457456 -0.07764571
-0.212132 -0.212132 0.212132
0.02614672 -0.1720729 -0.2897778
0.2457456 0.2718923 0.2897778
0.2897778 0.07764571 -0.212132
0.1267855 -0.2988584 0.07764571
-0.1267855 0.02614672 0.07764571
-0.2897778 0.2897778 -0.212132
-0.2457456 -0.1267855 0.2897778
-0.02614672 -0.2457456 -0.2897778
0.212132 0.212132 0.212132
0.2988584 0.1720729 -0.07764571
0.1720729 -0.2718923 -0.07764571
-0.07764571 -0.07764571 0.212132
-0.2718923 0.2988584 -0.2897778
-0.2718923 -0.02614672 0.2897778
-0.07764571 -0.2897778 -0.212132
0.1720729 0.1267855 0.07764571
0.2988584 0.2457456 0.07764571
0.212132 -0.212132 -0.212132
-0.02614672 -0.1720729 0.2897778
-0.2457456 0.2718923 -0.2897778
-0.2897778 0.07764571 0.212132
-0.1267855 -0.2988584 -0.07764571
0.1267855 0.02614672 -0.07764571
0.2897778 0.2897778 0.212132
0.2457456 -0.1267855 -0.2897778
0.02614672 -0.2457456 0.2897778
-0.212132 0.212132 -0.212132
-0.2988584 0.1720729 0.07764571
-0.1720729 -0.2718923 0.07764571
0.07764571 -0.07764571 -0.212132
0.2718923 0.2988584 0.2897778
0.2718923 -0.02614672 -0.2897778
0.07764571 -0.2897778 0.212132
-0.1720729 0.1267855 -0.07764571
-0.2988584 0.2457456 -0.07764571
-0.212132 -0.212132 0.212132
0.02614672 -0.1720729 -0.2897778
0.2457456 0.2718923 0.2897778
0.2897778 0.07764571 -0.212132
0.1267855 -0.2988584 0.07764571
-0.1267855 0.02614672 0.07764571
-0.2897778 0.2897778 -0.212132
-0.2457456 -0.1267855 0.2897778
-0.02614672 -0.2457456 -0.2897778
0.212132 0.212132 0.212132
0.2988584 0.1720729 -0.07764571
0.1720729 -0.2718923 -0.07764571
-0.07764571 -0.07764571 0.212132
-0.2718923 0.2988584 -0.2897778
-0.2718923 -0.02614672 0.2897778
-0.07764571 -0.2897778 -0.212132
0.1720729 0.1267855 0.07764571
0.2988584 0.2457456 0.07764571
0.212132 -0.212132 -0.212132
-0.02614672 -0.1720729 0.2897778
-0.2457456 0.2718923 -0.2897778
-0.2897778 0.07764571 0.212132
-0.1267855 -0.2988584 -0.07764571
0.1267855 0.02614672 -0.07764571
0.2897778 0.2897778 0.212132
0.2457456 -0.1267855 -0.2897778
0.02614672 -0.2457456 0.2897778
-0.212132 0.212132 -0.212132
-0.2988584 0.1720729 0.07764571
-0.1720729 -0.2718923 0.07764571
0.07764571 -0.07764571 -0.212132
0.2718923 0.2988584 0.2897778
0.2718923 -0.02614672 -0.2897778
0.07764571 -0.2897778 0.212132
-0.1720729 0.1267855 -0.07764571
-0.2988584 0.2457456 -0.07764571
-0.212132 -0.212132 0.212132
0.02614672 -0.1720729 -0.2897778
0.2457456 0.2718923 0.2897778
0.2897778 0.07764571 -0.212132
0.1267855 -0.2988584 0.07764571
-0.1267855 0.02614672 0.07764571
-0.2897778 0.2897778 -0.212132
-0.2457456 -0.1267855 0.2897778
-0.02614672 -0.2457456 -0.2897778
0.212132 0.212132 0.212132
0.2988584 0.1720729 -0.07764571
0.1720729 -0.2718923 -0.07764571
-0.07764571 -0.07764571 0.212132
-0.2718923 0.2988584 -0.2897778
-0.2718923 -0.02614672 0.2897778
-0.07764571 -0.2897778 -0.212132
0.1720729 0.1267855 0.07764571
0.2988584 0.2457456 0.07764571
0.212132 -0.212132 -0.212132
-0.02614672 -0.1720729 0.2897778
-0.2457456 0.2718923 -0.2897778
-0.2897778 0.07764571 0.212132
-0.1267855 -0.2988584 -0.07764571
0.1267855 0.02614672 -0.07764571
0.2897778 0.2897778 0.212132
0.2457456 -0.1267855 -0.2897778
0.02614672 -0.2457456 0.2897778
-0.212132 0.212132 -0.212132
-0.2988584 0.1720729 0.07764571
-0.1720729 -0.2718923 0.07764571
0.07764571 -0.07764571 -0.212132
0.2718923 0.2988584 0.2897778
0.2718923 -0.02614672 -0.2897778
0.07764571 -0.2897778 0.212132
-0.1720729 0.1267855 -0.07764571
-0.2988584 0.2457456 -0.07764571
-0.212132 -0.212132 0.212132
0.02614672 -0.1720729 -0.2897778
0.2457456 0.2718923 0.2897778
0.2897778 0.07764571 -0.212132
0.1267855 -0.2988584 0.07764571
-0.1267855 0.02614672 0.07764571
-0.2897778 0.2897778 -0.212132
-0.2457456 -0.1267855 0.2897778
-0.02614672 -0.2457456 -0.2897778
0.212132 0.212132 0.212132
0.2988584 0.1720729 -0.07764571
0.1720729 -0.2718923 -0.07764571
-0.07764571 -0.07764571 0.212132
-0.2718923 0.2988584 -0.2897778
-0.2718923 -0.02614672 0.2897778
-0.07764571 -0.2897778 -0.212132
0.1720729 0.1267855 0.07764571
0.2988584 0.2457456 0.07764571
0.212132 -0.212132 -0.212132
-0.02614672 -0.1720729 0.2897778
-0.2457456 0.2718923 -0.2897778
-0.2897778 0.07764571 0.212132
-0.1267855 -0.2988584 -0.07764571
0.1267855 0.02614672 -0.07764571
0.2897778 0.2897778 0.212132
0.2457456 -0.1267855 -0.2897778
0.02614672 -0.2457456 0.2897778
-0.212132 0.212132 -0.212132
-0.2988584 0.1720729 0.07764571
-0.1720729 -0.2718923 0.07764571
0.07764571 -0.07764571 -0.212132
0.2718923 0.2988584 0.2897778
0.2718923 -0.02614672 -0.2897778
0.07764571 -0.2897778 0.212132
-0.1720729 0.1267855 -0.07764571
-0.2988584 0.2457456 -0.07764571
-0.212132 -0.212132 0.212132
0.02614672 -0.1720729 -0.2897778
0.2457456 0.2718923 0.2897778
0.2897778 0.07764571 -0.212132
0.1267855 -0.2988584 0.07764571
-0.1267855 0.02614672 0.07764571
-0.2897778 0.2897778 -0.212132
-0.2457456 -0.1267855 0.2897778
-0.02614672 -0.2457456 -0.2897778
0.212132 0.212132 0.212132
0.2988584 0.1720729 -0.07764571
0.1720729 -0.2718923 -0.07764571
-0.07764571 -0.07764571 0.212132
-0.2718923 0.2988584 -0.2897778
-0.2718923 -0.02614672 0.2897778
-0.07764571 -0.2897778 -0.212132
0.1720729 0.1267855 0.07764571
0.2988584 0.2457456 0.07764571
0.212132 -0.212132 -0.212132
-0.02614672 -0.1720729 0.2897778
-0.2457456 0.2718923 -0.2897778
-0.2897778 0.07764571 0.212132
-0.1267855 -0.2988584 -0.07764571
0.1267855 0.02614672 -0.07764571
0.2897778 0.2897778 0.212132
0.2457456 -0.1267855 -0.2897778
0.02614672 -0.2457456 0.2897778
-0.212132 0.212132 -0.212132
-0.2988584 0.1720729 0.07764571
-0.1720729 -0.2718923 0.07764571
0.07764571 -0.07764571 -0.212132
0.2718923 0.2988584 0.2897778
0.2718923 -0.02614672 -0.2897778
0.07764571 -0.2897778 0.212132
-0.1720729 0.1267855 -0.07764571
-0.2988584 0.2457456 -0.07764571
-0.212132 -0.212132 0.212132
0.02614672 -0.1720729 -0.2897778
0.2457456 0.2718923 0.2897778
0.2897778 0.07764571 -0.212132
0.1267855 -0.2988584 0.07764571
-0.1267855 0.02614672 0.07764571
-0.2897778 0.2897778 -0.212132
-0.2457456 -0.1267855 0.2897778
-0.02614672 -0.2457456 -0.2897778
0.212132 0.212132 0.212132
0.2988584 0.1720729 -0.07764571
0.1720729 -0.2718923 -0.07764571
-0.07764571 -0.07764571 0.212132
-0.2718923 0.2988584 -0.2897778
-0.2718923 -0.02614672 0.2897778
-0.07764571 -0.2897778 -0.212132
0.1720729 0.1267855 0.07764571
0.2988584 0.2457456 0.07764571
0.212132 -0.212132 -0.212132
-0.02614672 -0.1720729 0.2897778
-0.2457456 0.2718923 -0.2897778
-0.2897778 0.07764571 0.212132
-0.1267855 -0.2988584 -0.07764571
0.1267855 0.02614672 -0.07764571
0.2897778 0.2897778 0.212132
0.2457456 -0.1267855 -0.2897778
0.02614672 -0.2457456 0.2897778
-0.212132 0.212132 -0.212132
-0.2988584 0.1720729 0.07764571
-0.1720729 -0.2718923 0.07764571
0.07764571 -0.07764571 -0.212132
0.2718923 0.2988584 0.2897778
0.2718923 -0.02614672 -0.2897778
0.07764571 -0.2897778 0.212132
-0.1720729 0.1267855 -0.07764571
-0.2988584 0.2457456 -0.07764571
-0.212132 -0.212132 0.212132
0.02614672 -0.1720729 -0.2897778
0.2457456 0.2718923 0.2897778
0.2897778 0.07764571 -0.212132
0.1267855 -0.2988584 0.07764571
-0.1267855 0.02614672 0.07764571
-0.2897778 0.2897778 -0.212132
-0.2457456 -0.1267855 0.2897778
-0.02614672 -0.2457456 -0.2897778
0.212132 0.212132 0.212132
0.2988584 0.1720729 -0.07764571
0.1720729 -0.2718923 -0.07764571
-0.07764571 -0.07764571 0.212132
-0.2718923 0.2988584 -0.2897778
-0.2718923 -0.02614672 0.2897778
-0.07764571 -0.2897778 -0.212132
0.1720729 0.1267855 0.07764571
0.2988584 0.2457456 0.07764571
0.212132 -0.212132 -0.212132
-0.02614672 -0.1720729 0.2897778
-0.2457456 0.2718923 -0.2897778
-0.2897778 0.07764571 0.212132
-0.1267855 -0.2988584 -0.07764571
0.1267855 0.02614672 -0.07764571
0.2897778 0.2897778 0.212132
0.2457456 -0.1267855 -0.2897778
0.02614672 -0.2457456 0.2897778
-0.212132 0.212132 -0.212132
-0.2988584 0.1720729 0.07764571
-0.1720729 -0.2718923 0.07764571
0.07764571 -0.07764571 -0.212132
0.2718923 0.2988584 0.2897778
0.2718923 -0.02614672 -0.2897778
0.07764571 -0.2897778 0.212132
-0.1720729 0.1267855 -0.07764571
-0.2988584 0.2457456 -0.07764571
-0.212132 -0.212132 0.212132
0.02614672 -0.1720729 -0.2897778
0.2457456 0.2718923 0.2897778
0.2897778 0.07764571 -0.212132
0.1267855 -0.2988584 0.07764571
-0.1267855 0.02614672 0.07764571
-0.2897778 0.2897778 -0.212132
-0.2457456 -0.1267855 0.2897778
-0.02614672 -0.2457456 -0.2897778
0.212132 0.212132 0.212132
0.2988584 0.1720729 -0.07764571
0.1720729 -0.2718923 -0.07764571
-0.07764571 -0.07764571 0.212132
-0.2718923 0.2988584 -0.2897778
-0.2718923 -0.02614672 0.2897778
-0.07764571 -0.2897778 -0.212132
0.1720729 0.1267855 0.07764571
0.2988584 0.2457456 0.07764571
0.212132 -0.212132 -0.212132
-0.02614672 -0.1720729 0.2897778
-0.2457456 0.2718923 -0.2897778
-0.2897778 0.07764571 0.212132
-0.1267855 -0.2988584 -0.07764571
0.1267855 0.02614672 -0.07764571
0.2897778 0.2897778 0.212132
0.2457456 -0.1267855 -0.2897778
0.02614672 -0.2457456 0.2897778
-0.212132 0.212132 -0.212132
-0.2988584 0.1720729 0.07764571
-0.1720729 -0.2718923 0.07764571
0.07764571 -0.07764571 -0.212132
0.2718923 0.2988584 0.2897778
0.2718923 -0.02614672 -0.2897778
0.07764571 -0.2897778 0.212132
-0.1720729 0.1267855 -0.07764571
-0.2988584 0.2457456 -0.07764571
-0.212132 -0.212132 0.212132
0.02614672 -0.1720729 -0.2897778
0.2457456 0.2718923 0.2897778
0.2897778 0.07764571 -0.212132
0.1267855 -0.2988584 0.07764571
-0.1267855 0.02614672 0.07764571
-0.2897778 0.2897778 -0.212132
-0.2457456 -0.1267855 0.2897778
-0.02614672 -0.2457456 -0.2897778
0.212132 0.212132 0.212132
0.2988584 0.1720729 -0.07764571
0.1720729 -0.2718923 -0.07764571
-0.07764571 -0.07764571 0.212132
-0.2718923 0.2988584 -0.2897778
-0.2718923 -0.02614672 0.2897778
-0.07764571 -0.2897778 -0.212132
0.1720729 0.1267855 0.07764571
0.2988584 0.2457456 0.07764571
0.212132 -0.212132 -0.212132
-0.02614672 -0.1720729 0.2897778
-0.2457456 0.2718923 -0.2897778
-0.2897778 0.07764571 0.212132
-0.1267855 -0.2988584 -0.07764571
0.1267855 0.02614672 -0.07764571
0.2897778 0.2897778 0.212132
0.2457456 -0.1267855 -0.2897778
0.02614672 -0.2457456 0.2897778
-0.212132 0.212132 -0.212132
-0.2988584 0.1720729 0.07764571
-0.1720729 -0.2718923 0.07764571
0.07764571 -0.07764571 -0.212132
0.2718923 0.2988584 0.2897778
0.2718923 -0.02614672 -0.2897778
0.07764571 -0.2897778 0.212132
-0.1720729 0.1267855 -0.07764571
-0.2988584 0.2457456 -0.07764571
-0.212132 -0.212132 0.212132
0.02614672 -0.1720729 -0.2897778
0.2457456 0.2718923 0.2897778
0.2897778 0.07764571 -0.212132
0.1267855 -0.2988584 0.07764571
-0.1267855 0.02614672 0.07764571
-0.2897778 0.2897778 -0.212132
-0.2457456 -0.1267855 0.2897778
-0.02614672 -0.2457456 -0.2897778
0.212132 0.212132 0.212132
0.2988584 0.1720729 -0.07764571
0.1720729 -0.2718923 -0.07764571
-0.07764571 -0.07764571 0.212132
-0.2718923 0.2988584 -0.2897778
-0.2718923 -0.02614672 0.2897778
-0.07764571 -0.2897778 -0.212132
0.1720729 0.1267855 0.07764571
0.2988584 0.2457456 0.07764571
0.212132 -0.212132 -0.212132
-0.02614672 -0.1720729 0.2897778
-0.2457456 0.2718923 -0.2897778
-0.2897778 0.07764571 0.212132
-0.1267855 -0.2988584 -0.07764571
0.1267855 0.02614672 -0.07764571
0.2897778 0.2897778 0.212132
0.2457456 -0.1267855 -0.2897778
0.02614672 -0.2457456 0.2897778
-0.212132 0.212132 -0.212132
-0.2988584 0.1720729 0.07764571
-0.1720729 -0.2718923 0.07764571
0.07764571 -0.07764571 -0.212132
0.2718923 0.2988584 0.2897778
0.2718923 -0.02614672 -0.2897778
0.07764571 -0.2897778 0.212132
-0.1720729 0.1267855 -0.07764571
-0.2988584 0.2457456 -0.07764571
-0.212132 -0.212132 0.212132
0.02614672 -0.1720729 -0.2897778
0.2457456 0.2718923 0.2897778
0.2897778 0.07764571 -0.212132
0.1267855 -0.2988584 0.07764571
-0.1267855 0.02614672 0.07764571
-0.2897778 0.2897778 -0.212132
-0.2457456 -0.1267855 0.2897778
-0.02614672 -0.2457456 -0.2897778
0.212132 0.212132 0.212132
0.2988584 0.1720729 -0.07764571
0.1720729 -0.2718923 -0.07764571
-0.07764571 -0.07764571 0.212132
-0.2718923 0.2988584 -0.2897778
-0.2718923 -0.02614672 0.2897778
-0.07764571 -0.2897778 -0.212132
0.1720729 0.1267855 0.07764571
0.2988584 0.2457456 0.07764571
0.212132 -0.212132 -0.212132
-0.02614672 -0.1720729 0.2897778
-0.2457456 0.2718923 -0.2897778
-0.2897778 0.07764571 0.212132
-0.1267855 -0.2988584 -0.07764571
0.1267855 0.02614672 -0.07764571
0.2897778 0.2897778 0.212132
0.2457456 -0.1267855 -0.2897778
0.02614672 -0.2457456 0.2897778
-0.212132 0.212132 -0.212132
-0.2988584 0.1720729 0.07764571
-0.1720729 -0.2718923 0.07764571
0.07764571 -0.07764571 -0.212132
0.2718923 0.2988584 0.2897778
0.2718923 -0.02614672 -0.2897778
0.07764571 -0.2897778 0.212132
-0.1720729 0.1267855 -0.07764571
-0.2988584 0.2457456 -0.07764571
-0.212132 -0.212132 0.212132
0.02614672 -0.1720729 -0.2897778
0.2457456 0.2718923 0.2897778
0.2897778 0.07764571 -0.212132
0.1267855 -0.2988584 0.07764571
-0.1267855 0.02614672 0.07764571
-0.2897778 0.2897778 -0.212132
-0.2457456 -0.1267855 0.2897778
-0.02614672 -0.2457456 -0.2897778
0.212132 0.212132 0.212132
0.2988584 0.1720729 -0.07764571
0.1720729 -0.2718923 -0.07764571
-0.07764571 -0.07764571 0.212132
-0.2718923 0.2988584 -0.2897778
-0.2718923 -0.02614672 0.2897778
-0.07764571 -0.2897778 -0.212132
0.1720729 0.1267855 0.07764571
0.2988584 0.2457456 0.07764571
0.212132 -0.212132 -0.212132
-0.02614672 -0.1720729 0.2897778
-0.2457456 0.2718923 -0.2897778
-0.2897778 0.07764571 0.212132
-0.1267855 -0.2988584 -0.07764571
0.1267855 0.02614672 -0.07764571
0.2897778 0.2897778 0.212132
0.2457456 -0.1267855 -0.2897778
0.02614672 -0.2457456 0.2897778
-0.212132 0.212132 -0.212132
-0.2988584 0.1720729 0.07764571
-0.1720729 -0.2718923 0.07764571
0.07764571 -0.07764571 -0.212132
0.2718923 0.2988584 0.2897778
0.2718923 -0.02614672 -0.2897778
0.07764571 -0.2897778 0.212132
-0.1720729 0.1267855 -0.07764571
-0.2988584 0.2457456 -0.07764571
-0.212132 -0.212132 0.212132
0.02614672 -0.1720729 -0.2897778
0.2457456 0.2718923 0.2897778
0.2897778 0.07764571 -0.212132
0.1267855 -0.2988584 0.07764571
-0.1267855 0.02614672 0.07764571
-0.2897778 0.2897778 -0.212132
-0.2457456 -0.1267855 0.2897778
-0.02614672 -0.2457456 -0.2897778
0.212132 0.212132 0.212132
0.2988584 0.1720729 -0.07764571
0.1720729 -0.2718923 -0.07764571
-0.07764571 -0.07764571 0.212132
-0.2718923 0.2988584 -0.2897778
-0.2718923 -0.02614672 0.2897778
-0.07764571 -0.2897778 -0.212132
0.1720729 0.1267855 0.07764571
0.2988584 0.2457456 0.07764571
0.212132 -0.212132 -0.212132
-0.02614672 -0.1720729 0.2897778
-0.2457456 0.2718923 -0.2897778
-0.2897778 0.07764571 0.212132
-0.1267855 -0.2988584 -0.07764571
0.1267855 0.02614672 -0.07764571
0.2897778 0.2897778 0.212132
0.2457456 -0.1267855 -0.2897778
0.02614672 -0.2457456 0.2897778
-0.212132 0.212132 -0.212132
-0.2988584 0.1720729 0.07764571
-0.1720729 -0.2718923 0.07764571
0.07764571 -0.07764571 -0.212132
0.2718923 0.2988584 0.2897778
0.2718923 -0.02614672 -0.2897778
0.07764571 -0.2897778 0.212132
-0.1720729 0.1267855 -0.07764571
-0.2988584 0.2457456 -0.07764571
-0.212132 -0.212132 0.212132
0.02614672 -0.1720729 -0.2897778
0.2457456 0.2718923 0.2897778
0.2897778 0.07764571 -0.212132
0.1267855 -0.2988584 0.07764571
-0.1267855 0.02614672 0.07764571
-0.2897778 0.2897778 -0.212132
-0.2457456 -0.1267855 0.2897778
-0.02614672 -0.2457456 -0.2897778
0.212132 0.212132 0.212132
0.2988584 0.1720729 -0.07764571
0.1720729 -0.2718923 -0.07764571
-0.07764571 -0.07764571 0.212132
-0.2718923 0.2988584 -0.2897778
-0.2718923 -0.02614672 0.2897778
-0.07764571 -0.2897778 -0.212132
0.1720729 0.1267855 0.07764571
0.2988584 0.2457456 0.07764571
0.212132 -0.212132 -0.212132
-0.02614672 -0.1720729 0.2897778
-0.2457456 0.2718923 -0.2897778
-0.2897778 0.07764571 0.212132
-0.1267855 -0.2988584 -0.07764571
0.1267855 0.02614672 -0.07764571
0.2897778 0.2897778 0.212132
0.2457456 -0.1267855 -0.2897778
0.02614672 -0.2457456 0.2897778
-0.212132 0.212132 -0.212132
-0.2988584 0.1720729 0.07764571
-0.1720729 -0.2718923 0.07764571
0.07764571 -0.07764571 -0.212132
0.2718923 0.2988584 0.2897778
0.2718923 -0.02614672 -0.2897778
0.07764571 -0.2897778 0.212132
-0.1720729 0.1267855 -0.07764571
-0.2988584 0.2457456 -0.07764571
-0.212132 -0.212132 0.212132
