# channels number
6
# samples number
1400
# sampling rate
0.89
# start date
01-01-0001
# start time
00:00:00.000
# channels names
Model_1_1;Model_2_1;Model_3_1;Model_4_1;Model_5_1;Model_6_1
0 0 1 0.8308866 1 0
0 0 0.995 0.8511112 1 0.002857143
0 0 0.990025 0.8671893 1 0.005714286
0 0 0.9850749 0.8790426 1 0.008571428
0 0 0.9801495 0.8866133 1 0.01142857
0 0 0.9752488 0.8898644 1 0.01428571
0 0 0.9703725 0.8887803 1 0.01714286
0 0 0.9655206 0.883366 1 0.02
0 0 0.9606931 0.8736482 1 0.02285714
0 0 0.9558896 0.859674 1 0.02571429
0 0 0.9511101 0.8415115 1 0.02857143
0 0 0.9463546 0.8192493 1 0.03142857
0 0 0.9416228 0.7929958 1 0.03428571
0 0 0.9369147 0.7628789 1 0.03714286
0 0 0.9322301 0.7290453 1 0.04
0 0 0.927569 0.6916599 1 0.04285714
0 0 0.9229311 0.6509048 1 0.04571429
0 0 0.9183165 0.6069785 1 0.04857143
0 0 0.9137249 0.5600951 1 0.05142857
0 0 0.9091563 0.510483 1 0.05428571
0 0 0.9046105 0.4583839 1 0.05714286
0 0 0.9000874 0.4040515 1 0.06
0 0 0.895587 0.3477507 1 0.06285714
0 0 0.891109 0.2897557 1 0.06571428
0 0 0.8866535 0.2303489 1 0.06857143
0 0 0.8822203 0.16982 1 0.07142857
0 0 0.8778092 0.1084637 1 0.07428572
0 0 0.8734201 0.046579 1 0.07714286
0 0 0.869053 -0.01553264 1 0.08
0 0 0.8647077 -0.07756861 1 0.08285714
0 0 0.8603842 -0.1392267 1 0.08571429
0 0 0.8560823 -0.2002064 1 0.08857143
0 0 0.8518019 -0.2602108 1 0.09142857
0 0 0.8475428 -0.3189475 1 0.09428571
0 0 0.8433051 -0.3761303 1 0.09714286
0 0 0.8390886 -0.4314806 1 0.1
0 0 0.8348932 -0.4847288 1 0.1028571
0 0 0.8307187 -0.5356154 1 0.1057143
0 0 0.8265651 -0.5838925 1 0.1085714
0 0 0.8224323 -0.629325 1 0.1114286
0 0 0.8183201 -0.6716915 1 0.1142857
0 0 0.8142285 -0.7107856 1 0.1171429
0 0 0.8101574 -0.7464168 1 0.12
0 0 0.8061066 -0.7784116 1 0.1228571
0 0 0.802076 -0.8066139 1 0.1257143
0 0 0.7980657 -0.8308866 1 0.1285714
0 0 0.7940754 -0.8511112 1 0.1314286
0 0 0.790105 -0.8671893 1 0.1342857
0 0 0.7861544 -0.8790426 1 0.1371429
0 0 0.7822237 -0.8866133 1 0.14
0 0 0.7783126 -0.8898644 1 0.1428571
0 0 0.774421 -0.8887803 1 0.1457143
0 0 0.7705489 -0.883366 1 0.1485714
0 0 0.7666962 -0.8736482 1 0.1514286
0 0 0.7628627 -0.859674 1 0.1542857
0 0 0.7590483 -0.8415115 1 0.1571429
0 0 0.7552531 -0.8192493 1 0.16
0 0 0.7514768 -0.7929958 1 0.1628571
0 0 0.7477195 -0.7628789 1 0.1657143
0 0 0.7439809 -0.7290453 1 0.1685714
0 0 0.740261 -0.6916599 1 0.1714286
0 0 0.7365596 -0.6509048 1 0.1742857
0 0 0.7328768 -0.6069785 1 0.1771429
0 0 0.7292125 -0.5600951 1 0.18
0 0 0.7255664 -0.510483 1 0.1828571
0 0 0.7219386 -0.4583839 1 0.1857143
0 0 0.7183289 -0.4040515 1 0.1885714
0 0 0.7147372 -0.3477507 1 0.1914286
0 0 0.7111636 -0.2897557 1 0.1942857
0 0 0.7076077 -0.2303489 1 0.1971429
0 0 0.7040697 -0.16982 1 0.2
0 0 0.7005494 -0.1084637 1 0.2028571
0 0 0.6970466 -0.046579 1 0.2057143
0 0 0.6935614 0.01553264 1 0.2085714
0 0 0.6900936 0.07756861 1 0.2114286
0 0 0.6866431 0.1392267 1 0.2142857
0 0 0.6832099 0.2002064 1 0.2171429
0 0 0.6797938 0.2602108 1 0.22
0 0 0.6763949 0.3189475 1 0.2228571
0 0 0.6730129 0.3761303 1 0.2257143
0 0 0.6696478 0.4314806 1 0.2285714
0 0 0.6662996 0.4847288 1 0.2314286
0 0 0.6629681 0.5356154 1 0.2342857
0 0 0.6596532 0.5838925 1 0.2371429
0 0 0.656355 0.629325 1 0.24
0 0 0.6530732 0.6716915 1 0.2428571
0 0 0.6498078 0.7107856 1 0.2457143
0 0 0.6465588 0.7464168 1 0.2485714
0 0 0.643326 0.7784116 1 0.2514286
0 0 0.6401094 0.8066139 1 0.2542857
0 0 0.6369088 0.8308866 1 0.2571429
0 0 0.6337243 0.8511112 1 0.26
0 0 0.6305557 0.8671893 1 0.2628571
0 0 0.6274029 0.8790426 1 0.2657143
0 0 0.6242658 0.8866133 1 0.2685714
0 0 0.6211445 0.8898644 1 0.2714286
0 0 0.6180388 0.8887803 1 0.2742857
0 0 0.6149486 0.883366 1 0.2771429
0 0 0.6118739 0.8736482 1 0.28
0 0 0.6088145 0.859674 1 0.2828571
0 0 0.6057704 0.8415115 1 0.2857143
0 0 0.6027416 0.8192493 1 0.2885714
0 0 0.5997279 0.7929958 1 0.2914286
0 0 0.5967292 0.7628789 1 0.2942857
0 0 0.5937456 0.7290453 1 0.2971429
0 0 0.5907769 0.6916599 1 0.3
0 0 0.587823 0.6509048 1 0.3028571
0 0 0.5848839 0.6069785 1 0.3057143
0 0 0.5819594 0.5600951 1 0.3085714
0 0 0.5790496 0.510483 1 0.3114286
0 0 0.5761544 0.4583839 1 0.3142857
0 0 0.5732736 0.4040515 1 0.3171428
0 0 0.5704073 0.3477507 1 0.32
0 0 0.5675552 0.2897557 1 0.3228571
0 0 0.5647175 0.2303489 1 0.3257143
0 0 0.5618939 0.16982 1 0.3285714
0 0 0.5590844 0.1084637 1 0.3314286
0 0 0.556289 0.046579 1 0.3342857
0 0 0.5535075 -0.01553264 1 0.3371429
0 0 0.55074 -0.07756861 1 0.34
0 0 0.5479863 -0.1392267 1 0.3428572
0 0 0.5452464 -0.2002064 1 0.3457143
0 0 0.5425201 -0.2602108 1 0.3485714
0 0 0.5398075 -0.3189475 1 0.3514286
0 0 0.5371085 -0.3761303 1 0.3542857
0 0 0.5344229 -0.4314806 1 0.3571429
0 0 0.5317508 -0.4847288 1 0.36
0 0 0.5290921 -0.5356154 1 0.3628571
0 0 0.5264466 -0.5838925 1 0.3657143
0 0 0.5238144 -0.629325 1 0.3685714
0 0 0.5211953 -0.6716915 1 0.3714286
0 0 0.5185893 -0.7107856 1 0.3742857
0 0 0.5159964 -0.7464168 1 0.3771428
0 0 0.5134164 -0.7784116 1 0.38
0 0 0.5108493 -0.8066139 1 0.3828571
0 0 0.5082951 -0.8308866 1 0.3857143
0 0 0.5057536 -0.8511112 1 0.3885714
0 0 0.5032248 -0.8671893 1 0.3914286
0 0 0.5007087 -0.8790426 1 0.3942857
0 0 0.4982052 -0.8866133 1 0.3971429
0 0 0.4957141 -0.8898644 1 0.4
0 0 0.4932356 -0.8887803 1 0.4028572
0 0 0.4907694 -0.883366 1 0.4057143
0 0 0.4883156 -0.8736482 1 0.4085714
0 0 0.485874 -0.859674 1 0.4114286
0 0 0.4834446 -0.8415115 1 0.4142857
0 0 0.4810274 -0.8192493 1 0.4171429
0 0 0.4786222 -0.7929958 1 0.42
0 0 0.4762291 -0.7628789 1 0.4228571
0 0 0.473848 -0.7290453 1 0.4257143
0 0 0.4714787 -0.6916599 1 0.4285714
0 0 0.4691213 -0.6509048 1 0.4314286
0 0 0.4667757 -0.6069785 1 0.4342857
0 0 0.4644419 -0.5600951 1 0.4371428
0 0 0.4621196 -0.510483 1 0.44
0 0 0.4598091 -0.4583839 1 0.4428571
0 0 0.45751 -0.4040515 1 0.4457143
0 0 0.4552225 -0.3477507 1 0.4485714
0 0 0.4529463 -0.2897557 1 0.4514286
0 0 0.4506816 -0.2303489 1 0.4542857
0 0 0.4484282 -0.16982 1 0.4571429
0 0 0.4461861 -0.1084637 1 0.46
0 0 0.4439551 -0.046579 1 0.4628572
0 0 0.4417354 0.01553264 1 0.4657143
0 0 0.4395267 0.07756861 1 0.4685714
0 0 0.4373291 0.1392267 1 0.4714286
0 0 0.4351424 0.2002064 1 0.4742857
0 0 0.4329667 0.2602108 1 0.4771429
0 0 0.4308019 0.3189475 1 0.48
0 0 0.4286478 0.3761303 1 0.4828571
0 0 0.4265046 0.4314806 1 0.4857143
0 0 0.4243721 0.4847288 1 0.4885714
0 0 0.4222502 0.5356154 1 0.4914286
0 0 0.420139 0.5838925 1 0.4942857
0 0 0.4180383 0.629325 1 0.4971429
0 0 0.4159481 0.6716915 1 0.5
0 0 0.4138683 0.7107856 1 0.5028571
0 0 0.411799 0.7464168 1 0.5057143
0 0 0.40974 0.7784116 1 0.5085714
0 0 0.4076913 0.8066139 1 0.5114286
0 0 0.4056529 0.8308866 1 0.5142857
0 0 0.4036246 0.8511112 1 0.5171428
0 0 0.4016065 0.8671893 1 0.52
0 0 0.3995984 0.8790426 1 0.5228571
0 0 0.3976004 0.8866133 1 0.5257143
0 0 0.3956124 0.8898644 1 0.5285714
0 0 0.3936344 0.8887803 1 0.5314286
0 0 0.3916662 0.883366 1 0.5342857
0 0 0.3897079 0.8736482 1 0.5371429
0 0 0.3877593 0.859674 1 0.54
0 0 0.3858205 0.8415115 1 0.5428572
0 0 0.3838914 0.8192493 1 0.5457143
0 0 0.381972 0.7929958 1 0.5485714
0 0 0.3800621 0.7628789 1 0.5514286
0 0 0.3781618 0.7290453 1 0.5542857
0 0 0.376271 0.6916599 1 0.5571429
0 0 0.3743896 0.6509048 1 0.56
0 0 0.3725177 0.6069785 1 0.5628572
0 0 0.3706551 0.5600951 1 0.5657143
0 0 0.3688018 0.510483 1 0.5685714
0 0 0.3669578 0.4583839 -1 0.5714286
0 0 0.365123 0.4040515 -1 0.5742857
0 0 0.3632974 0.3477507 -1 0.5771428
0 0 0.3614809 0.2897557 -1 0.58
0 0 0.3596735 0.2303489 -1 0.5828571
0 0 0.3578752 0.16982 -1 0.5857143
0 0 0.3560858 0.1084637 -1 0.5885714
0 0 0.3543054 0.046579 -1 0.5914286
0 0 0.3525338 -0.01553264 -1 0.5942857
0 0 0.3507712 -0.07756861 -1 0.5971429
0 0 0.3490173 -0.1392267 -1 0.6
0 0 0.3472722 -0.2002064 -1 0.6028572
0 0 0.3455358 -0.2602108 -1 0.6057143
0 0 0.3438082 -0.3189475 -1 0.6085714
0 0 0.3420891 -0.3761303 -1 0.6114286
0 0 0.3403787 -0.4314806 -1 0.6142857
0 0 0.3386768 -0.4847288 -1 0.6171429
0 0 0.3369834 -0.5356154 -1 0.62
0 0 0.3352985 -0.5838925 -1 0.6228572
0 0 0.333622 -0.629325 -1 0.6257143
0 0 0.3319539 -0.6716915 -1 0.6285715
0 0 0.3302941 -0.7107856 -1 0.6314286
0 0 0.3286426 -0.7464168 -1 0.6342857
0 0 0.3269994 -0.7784116 -1 0.6371428
0 0 0.3253644 -0.8066139 -1 0.64
0 0 0.3237376 -0.8308866 -1 0.6428571
0 0 0.3221189 -0.8511112 -1 0.6457143
0 0 0.3205083 -0.8671893 -1 0.6485714
0 0 0.3189058 -0.8790426 -1 0.6514286
0 0 0.3173113 -0.8866133 -1 0.6542857
0 0 0.3157247 -0.8898644 -1 0.6571429
0 0 0.3141461 -0.8887803 -1 0.66
0 0 0.3125753 -0.883366 -1 0.6628571
0 0 0.3110125 -0.8736482 -1 0.6657143
0 0 0.3094574 -0.859674 -1 0.6685714
0 0 0.3079101 -0.8415115 -1 0.6714286
0 0 0.3063706 -0.8192493 -1 0.6742857
0 0 0.3048387 -0.7929958 -1 0.6771429
0 0 0.3033145 -0.7628789 -1 0.68
0 0 0.301798 -0.7290453 -1 0.6828572
0 0 0.300289 -0.6916599 -1 0.6857143
0 0 0.2987875 -0.6509048 -1 0.6885715
0 0 0.2972936 -0.6069785 -1 0.6914285
0 0 0.2958071 -0.5600951 -1 0.6942857
0 0 0.2943281 -0.510483 -1 0.6971428
0 0 0.2928565 -0.4583839 -1 0.7
0 0 0.2913921 -0.4040515 -1 0.7028571
0 0 0.2899352 -0.3477507 -1 0.7057143
0 0 0.2884855 -0.2897557 -1 0.7085714
0 0 0.2870431 -0.2303489 -1 0.7114286
0 0 0.2856079 -0.16982 -1 0.7142857
0 0 0.2841798 -0.1084637 -1 0.7171429
0 0 0.282759 -0.046579 -1 0.72
0 0 0.2813452 0.01553264 -1 0.7228571
0 0 0.2799384 0.07756861 -1 0.7257143
0 0 0.2785387 0.1392267 -1 0.7285714
0 0 0.277146 0.2002064 -1 0.7314286
0 0 0.2757603 0.2602108 -1 0.7342857
0 0 0.2743815 0.3189475 -1 0.7371429
0 0 0.2730096 0.3761303 -1 0.74
0 0 0.2716446 0.4314806 -1 0.7428572
0 0 0.2702863 0.4847288 -1 0.7457143
0 0 0.2689349 0.5356154 -1 0.7485715
0 0 0.2675902 0.5838925 -1 0.7514285
0 0 0.2662523 0.629325 -1 0.7542857
0 0 0.264921 0.6716915 -1 0.7571428
0 0 0.2635964 0.7107856 -1 0.76
0 0 0.2622784 0.7464168 -1 0.7628571
0 0 0.260967 0.7784116 -1 0.7657143
0 0 0.2596622 0.8066139 -1 0.7685714
0 0 0.2583639 0.8308866 -1 0.7714286
0 0 0.2570721 0.8511112 -1 0.7742857
0 0 0.2557867 0.8671893 -1 0.7771429
0 0 0.2545078 0.8790426 -1 0.78
0 0 0.2532352 0.8866133 -1 0.7828571
0 0 0.251969 0.8898644 -1 0.7857143
0 0 0.2507092 0.8887803 -1 0.7885714
0 0 0.2494557 0.883366 -1 0.7914286
0 0 0.2482084 0.8736482 -1 0.7942857
0 0 0.2469673 0.859674 -1 0.7971429
0 0 0.2457325 0.8415115 -1 0.8
0 0 0.2445038 0.8192493 -1 0.8028572
0 0 0.2432813 0.7929958 -1 0.8057143
0 0 0.2420649 0.7628789 -1 0.8085715
0 0 0.2408546 0.7290453 -1 0.8114285
0 0 0.2396503 0.6916599 -1 0.8142857
0 0 0.2384521 0.6509048 -1 0.8171428
0 0 0.2372598 0.6069785 -1 0.82
0 0 0.2360735 0.5600951 -1 0.8228571
0 0 0.2348931 0.510483 -1 0.8257143
0 0 0.2337187 0.4583839 -1 0.8285714
0 0 0.2325501 0.4040515 -1 0.8314286
0 0 0.2313873 0.3477507 -1 0.8342857
0 0 0.2302304 0.2897557 -1 0.8371429
0 0 0.2290792 0.2303489 -1 0.84
0 0 0.2279339 0.16982 -1 0.8428571
0 0 0.2267942 0.1084637 -1 0.8457143
0 0 0.2256602 0.046579 -1 0.8485714
0 0 0.2245319 -0.01553264 -1 0.8514286
0 0 0.2234093 -0.07756861 -1 0.8542857
0 0 0.2222922 -0.1392267 -1 0.8571429
0 0 0.2211807 -0.2002064 -1 0.86
0 0 0.2200748 -0.2602108 -1 0.8628572
0 0 0.2189745 -0.3189475 -1 0.8657143
0 0 0.2178796 -0.3761303 -1 0.8685714
0 0 0.2167902 -0.4314806 -1 0.8714285
0 0 0.2157062 -0.4847288 -1 0.8742857
0 0 0.2146277 -0.5356154 -1 0.8771428
0 0 0.2135546 -0.5838925 -1 0.88
0 0 0.2124868 -0.629325 -1 0.8828571
0 0 0.2114244 -0.6716915 -1 0.8857143
0 0 0.2103672 -0.7107856 -1 0.8885714
0 0 0.2093154 -0.7464168 -1 0.8914286
0 0 0.2082688 -0.7784116 -1 0.8942857
0 0 0.2072275 -0.8066139 -1 0.8971428
0 0 0.2061913 -0.8308866 -1 0.9
0 0 0.2051604 -0.8511112 -1 0.9028571
0 0 0.2041346 -0.8671893 -1 0.9057143
0 0 0.2031139 -0.8790426 -1 0.9085714
0 0 0.2020983 -0.8866133 -1 0.9114286
0 0 0.2010878 -0.8898644 -1 0.9142857
0 0 0.2000824 -0.8887803 -1 0.9171429
0 0 0.199082 -0.883366 -1 0.92
0 0 0.1980866 -0.8736482 -1 0.9228572
0 0 0.1970962 -0.859674 -1 0.9257143
0 0 0.1961107 -0.8415115 -1 0.9285714
0 0 0.1951301 -0.8192493 -1 0.9314286
0 0 0.1941545 -0.7929958 -1 0.9342857
0 0 0.1931837 -0.7628789 -1 0.9371428
0 0 0.1922178 -0.7290453 -1 0.94
0 0 0.1912567 -0.6916599 -1 0.9428571
0 0 0.1903004 -0.6509048 -1 0.9457143
0 0 0.1893489 -0.6069785 -1 0.9485714
0 0 0.1884022 -0.5600951 -1 0.9514286
0 0 0.1874602 -0.510483 -1 0.9542857
0 0 0.1865229 -0.4583839 -1 0.9571428
0 0 0.1855902 -0.4040515 -1 0.96
0 0 0.1846623 -0.3477507 -1 0.9628571
0 0 0.183739 -0.2897557 -1 0.9657143
0 0 0.1828203 -0.2303489 -1 0.9685714
0 0 0.1819062 -0.16982 -1 0.9714286
0 0 0.1809967 -0.1084637 -1 0.9742857
0 0 0.1800917 -0.046579 -1 0.9771429
0 0 0.1791912 0.01553264 -1 0.98
0 0 0.1782953 0.07756861 -1 0.9828572
0 0 0.1774038 0.1392267 -1 0.9857143
0 0 0.1765168 0.2002064 -1 0.9885714
0 0 0.1756342 0.2602108 -1 0.9914286
0 0 0.174756 0.3189475 -1 0.9942857
0 0 0.1738822 0.3761303 -1 0.9971429
0 0 0.1730128 0.4314806 -1 0
0 0 0.1721478 0.4847288 -1 0.002857143
0 0 0.171287 0.5356154 -1 0.005714286
0 0 0.1704306 0.5838925 -1 0.008571428
0 0 0.1695784 0.629325 -1 0.01142857
0 0 0.1687305 0.6716915 -1 0.01428571
0 0 0.1678869 0.7107856 -1 0.01714286
0 0 0.1670474 0.7464168 -1 0.02
0 0 0.1662122 0.7784116 -1 0.02285714
0 0 0.1653811 0.8066139 -1 0.02571429
0 0 0.1645542 0.8308866 -1 0.02857143
0 0 0.1637315 0.8511112 -1 0.03142857
0 0 0.1629128 0.8671893 -1 0.03428571
0 0 0.1620982 0.8790426 -1 0.03714286
0 0 0.1612878 0.8866133 -1 0.04
0 0 0.1604813 0.8898644 -1 0.04285714
0 0 0.1596789 0.8887803 -1 0.04571429
0 0 0.1588805 0.883366 -1 0.04857143
0 0 0.1580861 0.8736482 -1 0.05142857
0 0 0.1572957 0.859674 -1 0.05428571
0 0 0.1565092 0.8415115 -1 0.05714286
0 0 0.1557267 0.8192493 -1 0.06
0 0 0.154948 0.7929958 -1 0.06285714
0 0 0.1541733 0.7628789 -1 0.06571428
0 0 0.1534024 0.7290453 -1 0.06857143
0 0 0.1526354 0.6916599 -1 0.07142857
0 0 0.1518722 0.6509048 -1 0.07428572
0 0 0.1511129 0.6069785 -1 0.07714286
0 0 0.1503573 0.5600951 -1 0.08
0 0 0.1496055 0.510483 -1 0.08285714
0 0 0.1488575 0.4583839 -1 0.08571429
0 0 0.1481132 0.4040515 -1 0.08857143
0 0 0.1473726 0.3477507 -1 0.09142857
0 0 0.1466358 0.2897557 -1 0.09428571
0 0 0.1459026 0.2303489 -1 0.09714286
0 0 0.1451731 0.16982 -1 0.1
0 0 0.1444472 0.1084637 -1 0.1028571
0 0 0.143725 0.046579 -1 0.1057143
0 0 0.1430064 -0.01553264 -1 0.1085714
0 0 0.1422913 -0.07756861 -1 0.1114286
0 0 0.1415799 -0.1392267 -1 0.1142857
0 0 0.140872 -0.2002064 -1 0.1171429
0 0 0.1401676 -0.2602108 -1 0.12
0 0 0.1394668 -0.3189475 -1 0.1228571
0 0 0.1387694 -0.3761303 -1 0.1257143
0 0 0.1380756 -0.4314806 -1 0.1285714
0 0 0.1373852 -0.4847288 -1 0.1314286
0 0 0.1366983 -0.5356154 -1 0.1342857
0 0 0.1360148 -0.5838925 -1 0.1371429
0 0 0.1353347 -0.629325 -1 0.14
0 0 0.134658 -0.6716915 1 0.1428571
0 0 0.1339848 -0.7107856 1 0.1457143
0 0 0.1333148 -0.7464168 1 0.1485714
0 0 0.1326483 -0.7784116 1 0.1514286
0 0 0.131985 -0.8066139 1 0.1542857
0 0 0.1313251 -0.8308866 1 0.1571429
0 0 0.1306685 -0.8511112 1 0.16
0 0 0.1300151 -0.8671893 1 0.1628571
0 0 0.129365 -0.8790426 1 0.1657143
0 0 0.1287182 -0.8866133 1 0.1685714
0 0 0.1280746 -0.8898644 1 0.1714286
0 0 0.1274343 -0.8887803 1 0.1742857
0 0 0.1267971 -0.883366 1 0.1771429
0 0 0.1261631 -0.8736482 1 0.18
0 0 0.1255323 -0.859674 1 0.1828571
0 0 0.1249046 -0.8415115 1 0.1857143
0 0 0.1242801 -0.8192493 1 0.1885714
0 0 0.1236587 -0.7929958 1 0.1914286
0 0 0.1230404 -0.7628789 1 0.1942857
0 0 0.1224252 -0.7290453 1 0.1971429
0 0 0.1218131 -0.6916599 1 0.2
0 0 0.121204 -0.6509048 1 0.2028571
0 0 0.120598 -0.6069785 1 0.2057143
0 0 0.119995 -0.5600951 1 0.2085714
0 0 0.119395 -0.510483 1 0.2114286
0 0 0.1187981 -0.4583839 1 0.2142857
0 0 0.1182041 -0.4040515 1 0.2171429
0 0 0.117613 -0.3477507 1 0.22
0 0 0.117025 -0.2897557 1 0.2228571
0 0 0.1164398 -0.2303489 1 0.2257143
0 0 0.1158577 -0.16982 1 0.2285714
0 0 0.1152784 -0.1084637 1 0.2314286
0 0 0.114702 -0.046579 1 0.2342857
0 0 0.1141285 0.01553264 1 0.2371429
0 0 0.1135578 0.07756861 1 0.24
0 0 0.11299 0.1392267 1 0.2428571
0 0 0.1124251 0.2002064 1 0.2457143
0 0 0.111863 0.2602108 1 0.2485714
0 0 0.1113036 0.3189475 1 0.2514286
0 0 0.1107471 0.3761303 1 0.2542857
0 0 0.1101934 0.4314806 1 0.2571429
0 0 0.1096424 0.4847288 1 0.26
0 0 0.1090942 0.5356154 1 0.2628571
0 0 0.1085487 0.5838925 1 0.2657143
0 0 0.108006 0.629325 1 0.2685714
0 0 0.107466 0.6716915 1 0.2714286
0 0 0.1069286 0.7107856 1 0.2742857
0 0 0.106394 0.7464168 1 0.2771429
0 0 0.105862 0.7784116 1 0.28
0 0 0.1053327 0.8066139 1 0.2828571
0 0 0.104806 0.8308866 1 0.2857143
0 0 0.104282 0.8511112 1 0.2885714
0 0 0.1037606 0.8671893 1 0.2914286
0 0 0.1032418 0.8790426 1 0.2942857
0 0 0.1027256 0.8866133 1 0.2971429
0 0 0.102212 0.8898644 1 0.3
0 0 0.1017009 0.8887803 1 0.3028571
0 0 0.1011924 0.883366 1 0.3057143
0 0 0.1006864 0.8736482 1 0.3085714
0 0 0.100183 0.859674 1 0.3114286
0 0 0.09968209 0.8415115 1 0.3142857
0 0 0.09918368 0.8192493 1 0.3171428
0 0 0.09868776 0.7929958 1 0.32
0 0 0.09819432 0.7628789 1 0.3228571
0 0 0.09770335 0.7290453 1 0.3257143
0 0 0.09721483 0.6916599 1 0.3285714
0 0 0.09672876 0.6509048 1 0.3314286
0 0 0.09624512 0.6069785 1 0.3342857
0 0 0.09576389 0.5600951 1 0.3371429
0 0 0.09528507 0.510483 1 0.34
0 0 0.09480865 0.4583839 1 0.3428572
0 0 0.0943346 0.4040515 1 0.3457143
0 0 0.09386293 0.3477507 1 0.3485714
0 0 0.09339362 0.2897557 1 0.3514286
0 0 0.09292665 0.2303489 1 0.3542857
0 0 0.09246202 0.16982 1 0.3571429
0 0 0.0919997 0.1084637 1 0.36
0 0 0.0915397 0.046579 1 0.3628571
0 0 0.09108201 -0.01553264 1 0.3657143
0 0 0.0906266 -0.07756861 1 0.3685714
0 0 0.09017347 -0.1392267 1 0.3714286
0 0 0.0897226 -0.2002064 1 0.3742857
0 0 0.08927398 -0.2602108 1 0.3771428
0 0 0.08882762 -0.3189475 1 0.38
0 0 0.08838347 -0.3761303 1 0.3828571
0 0 0.08794156 -0.4314806 1 0.3857143
0 0 0.08750185 -0.4847288 1 0.3885714
0 0 0.08706434 -0.5356154 1 0.3914286
0 0 0.08662902 -0.5838925 1 0.3942857
0 0 0.08619588 -0.629325 1 0.3971429
0 0 0.08576489 -0.6716915 1 0.4
0 0 0.08533607 -0.7107856 1 0.4028572
0 0 0.08490939 -0.7464168 1 0.4057143
0 0 0.08448485 -0.7784116 1 0.4085714
0 0 0.08406242 -0.8066139 1 0.4114286
0 0 0.08364211 -0.8308866 1 0.4142857
0 0 0.08322389 -0.8511112 1 0.4171429
0 0 0.08280778 -0.8671893 1 0.42
0 0 0.08239374 -0.8790426 1 0.4228571
0 0 0.08198177 -0.8866133 1 0.4257143
0 0 0.08157186 -0.8898644 1 0.4285714
0 0 0.081164 -0.8887803 1 0.4314286
0 0 0.08075818 -0.883366 1 0.4342857
0 0 0.08035439 -0.8736482 1 0.4371428
0 0 0.07995262 -0.859674 1 0.44
0 0 0.07955286 -0.8415115 1 0.4428571
0 0 0.07915509 -0.8192493 1 0.4457143
0 0 0.07875932 -0.7929958 1 0.4485714
0 0 0.07836552 -0.7628789 1 0.4514286
0 0 0.07797369 -0.7290453 1 0.4542857
0 0 0.07758383 -0.6916599 1 0.4571429
0 0 0.07719591 -0.6509048 1 0.46
0 0 0.07680993 -0.6069785 1 0.4628572
0 0 0.07642587 -0.5600951 1 0.4657143
0 0 0.07604375 -0.510483 1 0.4685714
0 0 0.07566353 -0.4583839 1 0.4714286
0 0 0.07528521 -0.4040515 1 0.4742857
0 0 0.07490879 -0.3477507 1 0.4771429
0 0 0.07453424 -0.2897557 1 0.48
0 0 0.07416157 -0.2303489 1 0.4828571
0 0 0.07379076 -0.16982 1 0.4857143
0 0 0.07342181 -0.1084637 1 0.4885714
0 0 0.0730547 -0.046579 1 0.4914286
0 0 0.07268942 0.01553264 1 0.4942857
0 0 0.07232597 0.07756861 1 0.4971429
0 0 0.07196435 0.1392267 1 0.5
0 0 0.07160453 0.2002064 1 0.5028571
0 0 0.0712465 0.2602108 1 0.5057143
0 0 0.07089027 0.3189475 1 0.5085714
0 0 0.07053582 0.3761303 1 0.5114286
0 0 0.07018314 0.4314806 1 0.5142857
0 0 0.06983222 0.4847288 1 0.5171428
0 0 0.06948306 0.5356154 1 0.52
0 0 0.06913565 0.5838925 1 0.5228571
0 0 0.06878997 0.629325 1 0.5257143
0 0 0.06844602 0.6716915 1 0.5285714
0 0 0.06810379 0.7107856 1 0.5314286
0 0 0.06776327 0.7464168 1 0.5342857
0 0 0.06742445 0.7784116 1 0.5371429
0 0 0.06708733 0.8066139 1 0.54
0 0 0.0667519 0.8308866 1 0.5428572
0 0 0.06641813 0.8511112 1 0.5457143
0 0 0.06608605 0.8671893 1 0.5485714
0 0 0.06575561 0.8790426 1 0.5514286
0 0 0.06542683 0.8866133 1 0.5542857
0 0 0.0650997 0.8898644 1 0.5571429
0 0 0.06477421 0.8887803 1 0.56
0 0 0.06445033 0.883366 1 0.5628572
0 0 0.06412808 0.8736482 1 0.5657143
0 0 0.06380744 0.859674 1 0.5685714
0 0 0.0634884 0.8415115 1 0.5714286
0 0 0.06317096 0.8192493 1 0.5742857
0 0 0.06285511 0.7929958 1 0.5771428
0 0 0.06254083 0.7628789 1 0.58
0 0 0.06222813 0.7290453 1 0.5828571
0 0 0.06191699 0.6916599 1 0.5857143
0 0 0.0616074 0.6509048 1 0.5885714
0 0 0.06129937 0.6069785 1 0.5914286
0 0 0.06099287 0.5600951 1 0.5942857
0 0 0.0606879 0.510483 1 0.5971429
0 0 0.06038446 0.4583839 1 0.6
0 0 0.06008254 0.4040515 1 0.6028572
0 0 0.05978213 0.3477507 1 0.6057143
0 0 0.05948322 0.2897557 1 0.6085714
0 0 0.0591858 0.2303489 1 0.6114286
0 0 0.05888987 0.16982 1 0.6142857
0 0 0.05859542 0.1084637 1 0.6171429
0 0 0.05830245 0.046579 1 0.62
0 0 0.05801094 -0.01553264 1 0.6228572
0 0 0.05772088 -0.07756861 1 0.6257143
0 0 0.05743228 -0.1392267 1 0.6285715
0 0 0.05714511 -0.2002064 1 0.6314286
0 0 0.05685939 -0.2602108 1 0.6342857
0 0 0.05657509 -0.3189475 1 0.6371428
0 0 0.05629222 -0.3761303 1 0.64
0 0 0.05601076 -0.4314806 1 0.6428571
0 0 0.0557307 -0.4847288 1 0.6457143
0 0 0.05545205 -0.5356154 1 0.6485714
0 0 0.05517479 -0.5838925 1 0.6514286
0 0 0.05489891 -0.629325 1 0.6542857
0 0 0.05462442 -0.6716915 1 0.6571429
0 0 0.0543513 -0.7107856 1 0.66
0 0 0.05407954 -0.7464168 1 0.6628571
0 0 0.05380914 -0.7784116 1 0.6657143
0 0 0.0535401 -0.8066139 1 0.6685714
0 0 0.0532724 -0.8308866 1 0.6714286
0 0 0.05300603 -0.8511112 1 0.6742857
0 0 0.05274101 -0.8671893 1 0.6771429
0 0 0.0524773 -0.8790426 1 0.68
0 0 0.05221491 -0.8866133 1 0.6828572
0 0 0.05195384 -0.8898644 1 0.6857143
0 0 0.05169407 -0.8887803 1 0.6885715
0 0 0.0514356 -0.883366 1 0.6914285
0 0 0.05117842 -0.8736482 1 0.6942857
0 0 0.05092253 -0.859674 1 0.6971428
0 0 0.05066792 -0.8415115 1 0.7
0 0 0.05041458 -0.8192493 1 0.7028571
0 0 0.05016251 -0.7929958 1 0.7057143
0 0 0.04991169 -0.7628789 1 0.7085714
0 0 0.04966213 -0.7290453 1 0.7114286
1 0 0.04941382 -0.6916599 -1 0.7142857
0 0 0.04916675 -0.6509048 -1 0.7171429
0 0 0.04892092 -0.6069785 -1 0.72
0 0 0.04867632 -0.5600951 -1 0.7228571
0 0 0.04843293 -0.510483 -1 0.7257143
0 0 0.04819077 -0.4583839 -1 0.7285714
0 0 0.04794981 -0.4040515 -1 0.7314286
0 0 0.04771006 -0.3477507 -1 0.7342857
0 0 0.04747152 -0.2897557 -1 0.7371429
0 0 0.04723416 -0.2303489 -1 0.74
0 0 0.04699799 -0.16982 -1 0.7428572
0 0 0.046763 -0.1084637 -1 0.7457143
0 0 0.04652918 -0.046579 -1 0.7485715
0 0 0.04629654 0.01553264 -1 0.7514285
0 0 0.04606505 0.07756861 -1 0.7542857
0 0 0.04583473 0.1392267 -1 0.7571428
0 0 0.04560556 0.2002064 -1 0.76
0 0 0.04537753 0.2602108 -1 0.7628571
0 0 0.04515064 0.3189475 -1 0.7657143
0 0 0.04492489 0.3761303 -1 0.7685714
0 0 0.04470026 0.4314806 -1 0.7714286
0 0 0.04447676 0.4847288 -1 0.7742857
0 0 0.04425438 0.5356154 -1 0.7771429
0 0 0.0440331 0.5838925 -1 0.78
0 0 0.04381294 0.629325 -1 0.7828571
0 0 0.04359387 0.6716915 -1 0.7857143
0 0 0.04337591 0.7107856 -1 0.7885714
0 0 0.04315903 0.7464168 -1 0.7914286
0 0 0.04294323 0.7784116 -1 0.7942857
0 0 0.04272851 0.8066139 -1 0.7971429
0 0 0.04251487 0.8308866 -1 0.8
0 0 0.0423023 0.8511112 -1 0.8028572
0 0 0.04209078 0.8671893 -1 0.8057143
0 0 0.04188033 0.8790426 -1 0.8085715
0 0 0.04167093 0.8866133 -1 0.8114285
0 0 0.04146257 0.8898644 -1 0.8142857
0 0 0.04125526 0.8887803 -1 0.8171428
0 0 0.04104898 0.883366 -1 0.82
0 0 0.04084374 0.8736482 -1 0.8228571
0 0 0.04063952 0.859674 -1 0.8257143
0 0 0.04043632 0.8415115 -1 0.8285714
0 0 0.04023414 0.8192493 -1 0.8314286
0 0 0.04003297 0.7929958 -1 0.8342857
0 0 0.03983281 0.7628789 -1 0.8371429
0 0 0.03963364 0.7290453 -1 0.84
0 0 0.03943548 0.6916599 -1 0.8428571
0 0 0.0392383 0.6509048 -1 0.8457143
0 0 0.03904211 0.6069785 -1 0.8485714
0 0 0.0388469 0.5600951 -1 0.8514286
0 0 0.03865266 0.510483 -1 0.8542857
0 0 0.0384594 0.4583839 -1 0.8571429
0 0 0.0382671 0.4040515 -1 0.86
0 0 0.03807577 0.3477507 -1 0.8628572
0 0 0.03788539 0.2897557 -1 0.8657143
0 0 0.03769596 0.2303489 -1 0.8685714
0 0 0.03750748 0.16982 -1 0.8714285
0 0 0.03731994 0.1084637 -1 0.8742857
0 0 0.03713334 0.046579 -1 0.8771428
0 0 0.03694768 -0.01553264 -1 0.88
0 0 0.03676294 -0.07756861 -1 0.8828571
0 0 0.03657912 -0.1392267 -1 0.8857143
0 0 0.03639623 -0.2002064 -1 0.8885714
0 0 0.03621425 -0.2602108 -1 0.8914286
0 0 0.03603318 -0.3189475 -1 0.8942857
0 0 0.03585301 -0.3761303 -1 0.8971428
0 0 0.03567374 -0.4314806 -1 0.9
0 0 0.03549537 -0.4847288 -1 0.9028571
0 0 0.0353179 -0.5356154 -1 0.9057143
0 0 0.03514131 -0.5838925 -1 0.9085714
0 0 0.0349656 -0.629325 -1 0.9114286
0 0 0.03479077 -0.6716915 -1 0.9142857
0 0 0.03461682 -0.7107856 -1 0.9171429
0 0 0.03444374 -0.7464168 -1 0.92
0 0 0.03427152 -0.7784116 -1 0.9228572
0 0 0.03410016 -0.8066139 -1 0.9257143
0 0 0.03392966 -0.8308866 -1 0.9285714
0 0 0.03376001 -0.8511112 -1 0.9314286
0 0 0.03359121 -0.8671893 -1 0.9342857
0 0 0.03342326 -0.8790426 -1 0.9371428
0 0 0.03325614 -0.8866133 -1 0.94
0 0 0.03308986 -0.8898644 -1 0.9428571
0 0 0.03292441 -0.8887803 -1 0.9457143
0 0 0.03275979 -0.883366 -1 0.9485714
0 0 0.03259599 -0.8736482 -1 0.9514286
0 0 0.03243301 -0.859674 -1 0.9542857
0 0 0.03227084 -0.8415115 -1 0.9571428
0 0 0.03210949 -0.8192493 -1 0.96
0 0 0.03194894 -0.7929958 -1 0.9628571
0 0 0.0317892 -0.7628789 -1 0.9657143
0 0 0.03163025 -0.7290453 -1 0.9685714
0 0 0.0314721 -0.6916599 -1 0.9714286
0 0 0.03131474 -0.6509048 -1 0.9742857
0 0 0.03115817 -0.6069785 -1 0.9771429
0 0 0.03100237 -0.5600951 -1 0.98
0 0 0.03084736 -0.510483 -1 0.9828572
0 0 0.03069312 -0.4583839 -1 0.9857143
0 0 0.03053966 -0.4040515 -1 0.9885714
0 0 0.03038696 -0.3477507 -1 0.9914286
0 0 0.03023503 -0.2897557 -1 0.9942857
0 0 0.03008385 -0.2303489 -1 0.9971429
0 0 0.02993343 -0.16982 -1 0
0 0 0.02978376 -0.1084637 -1 0.002857143
0 0 0.02963485 -0.046579 -1 0.005714286
0 0 0.02948667 0.01553264 -1 0.008571428
0 0 0.02933924 0.07756861 -1 0.01142857
0 0 0.02919254 0.1392267 -1 0.01428571
0 0 0.02904658 0.2002064 -1 0.01714286
0 0 0.02890135 0.2602108 -1 0.02
0 0 0.02875684 0.3189475 -1 0.02285714
0 0 0.02861306 0.3761303 -1 0.02571429
0 0 0.02846999 0.4314806 -1 0.02857143
0 0 0.02832764 0.4847288 -1 0.03142857
0 0 0.028186 0.5356154 -1 0.03428571
0 0 0.02804507 0.5838925 -1 0.03714286
0 0 0.02790485 0.629325 -1 0.04
0 0 0.02776532 0.6716915 -1 0.04285714
0 0 0.0276265 0.7107856 -1 0.04571429
0 0 0.02748836 0.7464168 -1 0.04857143
0 0 0.02735092 0.7784116 -1 0.05142857
0 0 0.02721417 0.8066139 -1 0.05428571
0 0 0.0270781 0.8308866 -1 0.05714286
0 0 0.02694271 0.8511112 -1 0.06
0 0 0.02680799 0.8671893 -1 0.06285714
0 0 0.02667395 0.8790426 -1 0.06571428
0 0 0.02654058 0.8866133 -1 0.06857143
0 0 0.02640788 0.8898644 -1 0.07142857
0 0 0.02627584 0.8887803 -1 0.07428572
0 0 0.02614446 0.883366 -1 0.07714286
0 0 0.02601374 0.8736482 -1 0.08
0 0 0.02588367 0.859674 -1 0.08285714
0 0 0.02575425 0.8415115 -1 0.08571429
0 0 0.02562548 0.8192493 -1 0.08857143
0 0 0.02549735 0.7929958 -1 0.09142857
0 0 0.02536987 0.7628789 -1 0.09428571
0 0 0.02524302 0.7290453 -1 0.09714286
0 0 0.0251168 0.6916599 -1 0.1
0 0 0.02499122 0.6509048 -1 0.1028571
0 0 0.02486626 0.6069785 -1 0.1057143
0 0 0.02474193 0.5600951 -1 0.1085714
0 0 0.02461822 0.510483 -1 0.1114286
0 0 0.02449513 0.4583839 -1 0.1142857
0 0 0.02437265 0.4040515 -1 0.1171429
0 0 0.02425079 0.3477507 -1 0.12
0 0 0.02412954 0.2897557 -1 0.1228571
0 0 0.02400889 0.2303489 -1 0.1257143
0 0 0.02388884 0.16982 -1 0.1285714
0 0 0.0237694 0.1084637 -1 0.1314286
0 0 0.02365055 0.046579 -1 0.1342857
0 0 0.0235323 -0.01553264 -1 0.1371429
0 0 0.02341464 -0.07756861 -1 0.14
0 0 0.02329757 -0.1392267 -1 0.1428571
0 0 0.02318108 -0.2002064 -1 0.1457143
0 0 0.02306517 -0.2602108 -1 0.1485714
0 0 0.02294985 -0.3189475 -1 0.1514286
0 0 0.0228351 -0.3761303 -1 0.1542857
0 0 0.02272092 -0.4314806 -1 0.1571429
0 0 0.02260732 -0.4847288 -1 0.16
0 0 0.02249428 -0.5356154 -1 0.1628571
0 0 0.02238181 -0.5838925 -1 0.1657143
0 0 0.0222699 -0.629325 -1 0.1685714
0 0 0.02215855 -0.6716915 -1 0.1714286
0 0 0.02204776 -0.7107856 -1 0.1742857
0 0 0.02193752 -0.7464168 -1 0.1771429
0 0 0.02182783 -0.7784116 -1 0.18
0 0 0.02171869 -0.8066139 -1 0.1828571
0 0 0.0216101 -0.8308866 -1 0.1857143
0 0 0.02150205 -0.8511112 -1 0.1885714
0 0 0.02139454 -0.8671893 -1 0.1914286
0 0 0.02128757 -0.8790426 -1 0.1942857
0 0 0.02118113 -0.8866133 -1 0.1971429
0 0 0.02107522 -0.8898644 -1 0.2
0 0 0.02096985 -0.8887803 -1 0.2028571
0 0 0.020865 -0.883366 -1 0.2057143
0 0 0.02076067 -0.8736482 -1 0.2085714
0 0 0.02065687 -0.859674 -1 0.2114286
0 0 0.02055359 -0.8415115 -1 0.2142857
0 0 0.02045082 -0.8192493 -1 0.2171429
0 0 0.02034856 -0.7929958 -1 0.22
0 0 0.02024682 -0.7628789 -1 0.2228571
0 0 0.02014559 -0.7290453 -1 0.2257143
0 0 0.02004486 -0.6916599 -1 0.2285714
0 0 0.01994463 -0.6509048 -1 0.2314286
0 0 0.01984491 -0.6069785 -1 0.2342857
0 0 0.01974569 -0.5600951 -1 0.2371429
0 0 0.01964696 -0.510483 -1 0.24
0 0 0.01954872 -0.4583839 -1 0.2428571
0 0 0.01945098 -0.4040515 -1 0.2457143
0 0 0.01935373 -0.3477507 -1 0.2485714
0 0 0.01925696 -0.2897557 -1 0.2514286
0 0 0.01916067 -0.2303489 -1 0.2542857
0 0 0.01906487 -0.16982 -1 0.2571429
0 0 0.01896954 -0.1084637 -1 0.26
0 0 0.0188747 -0.046579 -1 0.2628571
0 0 0.01878032 0.01553264 -1 0.2657143
0 0 0.01868642 0.07756861 -1 0.2685714
0 0 0.01859299 0.1392267 -1 0.2714286
0 0 0.01850002 0.2002064 -1 0.2742857
0 0 0.01840752 0.2602108 -1 0.2771429
0 0 0.01831548 0.3189475 -1 0.28
0 0 0.01822391 0.3761303 -1 0.2828571
0 0 0.01813279 0.4314806 1 0.2857143
0 0 0.01804212 0.4847288 1 0.2885714
0 0 0.01795191 0.5356154 1 0.2914286
0 0 0.01786215 0.5838925 1 0.2942857
0 0 0.01777284 0.629325 1 0.2971429
0 0 0.01768398 0.6716915 1 0.3
0 0 0.01759556 0.7107856 1 0.3028571
0 0 0.01750758 0.7464168 1 0.3057143
0 0 0.01742004 0.7784116 1 0.3085714
0 0 0.01733294 0.8066139 1 0.3114286
0 0 0.01724628 0.8308866 1 0.3142857
0 0 0.01716005 0.8511112 1 0.3171428
0 0 0.01707425 0.8671893 1 0.32
0 0 0.01698888 0.8790426 1 0.3228571
0 0 0.01690393 0.8866133 1 0.3257143
0 0 0.01681941 0.8898644 1 0.3285714
0 0 0.01673532 0.8887803 1 0.3314286
0 0 0.01665164 0.883366 1 0.3342857
0 0 0.01656838 0.8736482 1 0.3371429
0 0 0.01648554 0.859674 1 0.34
0 0 0.01640311 0.8415115 1 0.3428572
0 0 0.01632109 0.8192493 1 0.3457143
0 0 0.01623949 0.7929958 1 0.3485714
0 0 0.01615829 0.7628789 1 0.3514286
0 0 0.0160775 0.7290453 1 0.3542857
0 0 0.01599711 0.6916599 1 0.3571429
0 0 0.01591713 0.6509048 1 0.36
0 0 0.01583754 0.6069785 1 0.3628571
0 0 0.01575835 0.5600951 1 0.3657143
0 0 0.01567956 0.510483 1 0.3685714
0 0 0.01560116 0.4583839 1 0.3714286
0 0 0.01552316 0.4040515 1 0.3742857
0 0 0.01544554 0.3477507 1 0.3771428
0 0 0.01536832 0.2897557 1 0.38
0 0 0.01529147 0.2303489 1 0.3828571
0 0 0.01521502 0.16982 1 0.3857143
0 0 0.01513894 0.1084637 1 0.3885714
0 0 0.01506325 0.046579 1 0.3914286
0 0 0.01498793 -0.01553264 1 0.3942857
0 0 0.01491299 -0.07756861 1 0.3971429
0 0 0.01483843 -0.1392267 1 0.4
0 0 0.01476423 -0.2002064 1 0.4028572
0 0 0.01469041 -0.2602108 1 0.4057143
0 0 0.01461696 -0.3189475 1 0.4085714
0 0 0.01454388 -0.3761303 1 0.4114286
0 0 0.01447116 -0.4314806 1 0.4142857
0 0 0.0143988 -0.4847288 1 0.4171429
0 0 0.01432681 -0.5356154 1 0.42
0 0 0.01425517 -0.5838925 1 0.4228571
0 0 0.0141839 -0.629325 1 0.4257143
0 0 0.01411298 -0.6716915 1 0.4285714
0 0 0.01404241 -0.7107856 1 0.4314286
0 0 0.0139722 -0.7464168 1 0.4342857
0 0 0.01390234 -0.7784116 1 0.4371428
0 0 0.01383283 -0.8066139 1 0.44
0 0 0.01376366 -0.8308866 1 0.4428571
0 0 0.01369485 -0.8511112 1 0.4457143
0 0 0.01362637 -0.8671893 1 0.4485714
0 0 0.01355824 -0.8790426 1 0.4514286
0 0 0.01349045 -0.8866133 1 0.4542857
0 0 0.013423 -0.8898644 1 0.4571429
0 0 0.01335588 -0.8887803 1 0.46
0 0 0.0132891 -0.883366 1 0.4628572
0 0 0.01322266 -0.8736482 1 0.4657143
0 0 0.01315654 -0.859674 1 0.4685714
0 0 0.01309076 -0.8415115 1 0.4714286
0 0 0.01302531 -0.8192493 1 0.4742857
0 0 0.01296018 -0.7929958 1 0.4771429
0 0 0.01289538 -0.7628789 1 0.48
0 0 0.0128309 -0.7290453 1 0.4828571
0 0 0.01276675 -0.6916599 1 0.4857143
0 0 0.01270291 -0.6509048 1 0.4885714
0 0 0.0126394 -0.6069785 1 0.4914286
0 0 0.0125762 -0.5600951 1 0.4942857
0 0 0.01251332 -0.510483 1 0.4971429
0 0 0.01245075 -0.4583839 1 0.5
0 0 0.0123885 -0.4040515 1 0.5028571
0 0 0.01232656 -0.3477507 1 0.5057143
0 0 0.01226493 -0.2897557 1 0.5085714
0 0 0.0122036 -0.2303489 1 0.5114286
0 0 0.01214258 -0.16982 1 0.5142857
0 0 0.01208187 -0.1084637 1 0.5171428
0 0 0.01202146 -0.046579 1 0.52
0 0 0.01196135 0.01553264 1 0.5228571
0 0 0.01190155 0.07756861 1 0.5257143
0 0 0.01184204 0.1392267 1 0.5285714
0 0 0.01178283 0.2002064 1 0.5314286
0 0 0.01172391 0.2602108 1 0.5342857
0 0 0.01166529 0.3189475 1 0.5371429
0 0 0.01160697 0.3761303 1 0.54
0 1 0.01154893 0.4314806 1 0.5428572
0 1 0.01149119 0.4847288 1 0.5457143
0 1 0.01143373 0.5356154 1 0.5485714
0 1 0.01137656 0.5838925 1 0.5514286
0 1 0.01131968 0.629325 1 0.5542857
0 1 0.01126308 0.6716915 1 0.5571429
0 1 0.01120677 0.7107856 1 0.56
0 1 0.01115073 0.7464168 1 0.5628572
0 1 0.01109498 0.7784116 1 0.5657143
0 1 0.0110395 0.8066139 1 0.5685714
0 1 0.01098431 0.8308866 1 0.5714286
0 1 0.01092939 0.8511112 1 0.5742857
0 1 0.01087474 0.8671893 1 0.5771428
0 1 0.01082037 0.8790426 1 0.58
0 1 0.01076626 0.8866133 1 0.5828571
0 1 0.01071243 0.8898644 1 0.5857143
0 1 0.01065887 0.8887803 1 0.5885714
0 1 0.01060558 0.883366 1 0.5914286
0 1 0.01055255 0.8736482 1 0.5942857
0 1 0.01049978 0.859674 1 0.5971429
0 1 0.01044729 0.8415115 1 0.6
0 1 0.01039505 0.8192493 1 0.6028572
0 1 0.01034307 0.7929958 1 0.6057143
0 1 0.01029136 0.7628789 1 0.6085714
0 1 0.0102399 0.7290453 1 0.6114286
0 1 0.0101887 0.6916599 1 0.6142857
0 1 0.01013776 0.6509048 1 0.6171429
0 1 0.01008707 0.6069785 1 0.62
0 1 0.01003664 0.5600951 1 0.6228572
0 1 0.009986452 0.510483 1 0.6257143
0 1 0.009936519 0.4583839 1 0.6285715
0 1 0.009886837 0.4040515 1 0.6314286
0 1 0.009837403 0.3477507 1 0.6342857
0 1 0.009788216 0.2897557 1 0.6371428
0 1 0.009739274 0.2303489 1 0.64
0 1 0.009690578 0.16982 1 0.6428571
0 1 0.009642125 0.1084637 1 0.6457143
0 1 0.009593914 0.046579 1 0.6485714
0 1 0.009545945 -0.01553264 1 0.6514286
0 1 0.009498215 -0.07756861 1 0.6542857
0 1 0.009450724 -0.1392267 1 0.6571429
0 1 0.009403471 -0.2002064 1 0.66
0 1 0.009356453 -0.2602108 1 0.6628571
0 1 0.009309671 -0.3189475 1 0.6657143
0 1 0.009263122 -0.3761303 1 0.6685714
0 1 0.009216807 -0.4314806 1 0.6714286
0 1 0.009170723 -0.4847288 1 0.6742857
0 1 0.009124869 -0.5356154 1 0.6771429
0 1 0.009079245 -0.5838925 1 0.68
0 1 0.009033849 -0.629325 1 0.6828572
0 1 0.008988679 -0.6716915 1 0.6857143
0 1 0.008943737 -0.7107856 1 0.6885715
0 1 0.008899017 -0.7464168 1 0.6914285
0 1 0.008854522 -0.7784116 1 0.6942857
0 1 0.00881025 -0.8066139 1 0.6971428
0 1 0.008766199 -0.8308866 1 0.7
0 1 0.008722368 -0.8511112 1 0.7028571
0 1 0.008678756 -0.8671893 1 0.7057143
0 1 0.008635362 -0.8790426 1 0.7085714
0 1 0.008592186 -0.8866133 1 0.7114286
0 1 0.008549225 -0.8898644 1 0.7142857
0 1 0.008506478 -0.8887803 1 0.7171429
0 1 0.008463946 -0.883366 1 0.72
0 1 0.008421626 -0.8736482 1 0.7228571
0 1 0.008379518 -0.859674 1 0.7257143
0 1 0.008337621 -0.8415115 1 0.7285714
0 1 0.008295932 -0.8192493 1 0.7314286
0 1 0.008254453 -0.7929958 1 0.7342857
0 1 0.00821318 -0.7628789 1 0.7371429
0 1 0.008172114 -0.7290453 1 0.74
0 1 0.008131254 -0.6916599 1 0.7428572
0 1 0.008090598 -0.6509048 1 0.7457143
0 1 0.008050145 -0.6069785 1 0.7485715
0 1 0.008009894 -0.5600951 1 0.7514285
0 1 0.007969844 -0.510483 1 0.7542857
0 1 0.007929995 -0.4583839 1 0.7571428
0 1 0.007890346 -0.4040515 1 0.76
0 1 0.007850894 -0.3477507 1 0.7628571
0 1 0.007811639 -0.2897557 1 0.7657143
0 1 0.007772581 -0.2303489 1 0.7685714
0 1 0.007733718 -0.16982 1 0.7714286
0 1 0.007695049 -0.1084637 1 0.7742857
0 1 0.007656574 -0.046579 1 0.7771429
0 1 0.007618291 0.01553264 1 0.78
0 1 0.0075802 0.07756861 1 0.7828571
0 1 0.007542299 0.1392267 1 0.7857143
0 1 0.007504587 0.2002064 1 0.7885714
0 1 0.007467064 0.2602108 1 0.7914286
0 1 0.007429729 0.3189475 1 0.7942857
0 1 0.00739258 0.3761303 1 0.7971429
0 1 0.007355617 0.4314806 1 0.8
0 1 0.007318839 0.4847288 1 0.8028572
0 1 0.007282245 0.5356154 1 0.8057143
0 1 0.007245834 0.5838925 1 0.8085715
0 1 0.007209605 0.629325 1 0.8114285
0 1 0.007173557 0.6716915 1 0.8142857
0 1 0.007137689 0.7107856 1 0.8171428
0 1 0.007102001 0.7464168 1 0.82
0 1 0.007066491 0.7784116 1 0.8228571
0 1 0.007031158 0.8066139 1 0.8257143
0 1 0.006996002 0.8308866 1 0.8285714
0 1 0.006961022 0.8511112 1 0.8314286
0 1 0.006926217 0.8671893 1 0.8342857
0 1 0.006891586 0.8790426 1 0.8371429
0 1 0.006857128 0.8866133 1 0.84
0 1 0.006822843 0.8898644 1 0.8428571
0 1 0.006788728 0.8887803 1 0.8457143
0 1 0.006754784 0.883366 1 0.8485714
0 1 0.00672101 0.8736482 1 0.8514286
0 1 0.006687406 0.859674 1 0.8542857
0 1 0.006653969 0.8415115 -1 0.8571429
0 1 0.006620699 0.8192493 -1 0.86
0 1 0.006587595 0.7929958 -1 0.8628572
0 1 0.006554657 0.7628789 -1 0.8657143
0 1 0.006521884 0.7290453 -1 0.8685714
0 1 0.006489275 0.6916599 -1 0.8714285
0 1 0.006456828 0.6509048 -1 0.8742857
0 1 0.006424544 0.6069785 -1 0.8771428
0 1 0.006392421 0.5600951 -1 0.88
0 1 0.006360459 0.510483 -1 0.8828571
0 1 0.006328657 0.4583839 -1 0.8857143
0 1 0.006297014 0.4040515 -1 0.8885714
0 1 0.006265529 0.3477507 -1 0.8914286
0 1 0.006234201 0.2897557 -1 0.8942857
0 1 0.00620303 0.2303489 -1 0.8971428
0 1 0.006172015 0.16982 -1 0.9
0 1 0.006141155 0.1084637 -1 0.9028571
0 1 0.006110449 0.046579 -1 0.9057143
0 1 0.006079897 -0.01553264 -1 0.9085714
0 1 0.006049497 -0.07756861 -1 0.9114286
0 1 0.00601925 -0.1392267 -1 0.9142857
0 1 0.005989153 -0.2002064 -1 0.9171429
0 1 0.005959208 -0.2602108 -1 0.92
0 1 0.005929412 -0.3189475 -1 0.9228572
0 1 0.005899765 -0.3761303 -1 0.9257143
0 1 0.005870266 -0.4314806 -1 0.9285714
0 1 0.005840914 -0.4847288 -1 0.9314286
0 1 0.00581171 -0.5356154 -1 0.9342857
0 1 0.005782651 -0.5838925 -1 0.9371428
0 1 0.005753738 -0.629325 -1 0.94
0 1 0.005724969 -0.6716915 -1 0.9428571
0 1 0.005696345 -0.7107856 -1 0.9457143
0 1 0.005667863 -0.7464168 -1 0.9485714
0 1 0.005639523 -0.7784116 -1 0.9514286
0 1 0.005611326 -0.8066139 -1 0.9542857
0 1 0.005583269 -0.8308866 -1 0.9571428
0 1 0.005555353 -0.8511112 -1 0.96
0 1 0.005527576 -0.8671893 -1 0.9628571
0 1 0.005499938 -0.8790426 -1 0.9657143
0 1 0.005472438 -0.8866133 -1 0.9685714
0 1 0.005445076 -0.8898644 -1 0.9714286
0 1 0.005417851 -0.8887803 -1 0.9742857
0 1 0.005390762 -0.883366 -1 0.9771429
0 1 0.005363808 -0.8736482 -1 0.98
0 1 0.005336989 -0.859674 -1 0.9828572
0 1 0.005310304 -0.8415115 -1 0.9857143
0 1 0.005283752 -0.8192493 -1 0.9885714
0 1 0.005257334 -0.7929958 -1 0.9914286
0 1 0.005231047 -0.7628789 -1 0.9942857
0 1 0.005204892 -0.7290453 -1 0.9971429
0 1 0.005178867 -0.6916599 -1 0
0 1 0.005152973 -0.6509048 -1 0.002857143
0 1 0.005127208 -0.6069785 -1 0.005714286
0 1 0.005101572 -0.5600951 -1 0.008571428
0 1 0.005076064 -0.510483 -1 0.01142857
0 1 0.005050684 -0.4583839 -1 0.01428571
0 1 0.005025431 -0.4040515 -1 0.01714286
0 1 0.005000303 -0.3477507 -1 0.02
0 1 0.004975302 -0.2897557 -1 0.02285714
0 1 0.004950425 -0.2303489 -1 0.02571429
0 1 0.004925673 -0.16982 -1 0.02857143
0 1 0.004901045 -0.1084637 -1 0.03142857
0 1 0.00487654 -0.046579 -1 0.03428571
0 1 0.004852157 0.01553264 -1 0.03714286
0 1 0.004827896 0.07756861 -1 0.04
0 1 0.004803757 0.1392267 -1 0.04285714
0 1 0.004779738 0.2002064 -1 0.04571429
0 1 0.004755839 0.2602108 -1 0.04857143
0 1 0.00473206 0.3189475 -1 0.05142857
0 1 0.0047084 0.3761303 -1 0.05428571
0 1 0.004684858 0.4314806 -1 0.05714286
0 1 0.004661433 0.4847288 -1 0.06
0 1 0.004638126 0.5356154 -1 0.06285714
0 1 0.004614936 0.5838925 -1 0.06571428
0 1 0.004591861 0.629325 -1 0.06857143
0 1 0.004568901 0.6716915 -1 0.07142857
0 1 0.004546057 0.7107856 -1 0.07428572
0 1 0.004523327 0.7464168 -1 0.07714286
0 1 0.00450071 0.7784116 -1 0.08
0 1 0.004478206 0.8066139 -1 0.08285714
0 1 0.004455816 0.8308866 -1 0.08571429
0 1 0.004433536 0.8511112 -1 0.08857143
0 1 0.004411369 0.8671893 -1 0.09142857
0 1 0.004389312 0.8790426 -1 0.09428571
0 1 0.004367366 0.8866133 -1 0.09714286
0 1 0.004345529 0.8898644 -1 0.1
0 1 0.004323801 0.8887803 -1 0.1028571
0 1 0.004302182 0.883366 -1 0.1057143
0 1 0.004280671 0.8736482 -1 0.1085714
0 1 0.004259268 0.859674 -1 0.1114286
0 1 0.004237971 0.8415115 -1 0.1142857
0 1 0.004216781 0.8192493 -1 0.1171429
0 1 0.004195698 0.7929958 -1 0.12
0 1 0.004174719 0.7628789 -1 0.1228571
0 1 0.004153845 0.7290453 -1 0.1257143
0 1 0.004133076 0.6916599 -1 0.1285714
0 1 0.004112411 0.6509048 -1 0.1314286
0 1 0.004091849 0.6069785 -1 0.1342857
0 1 0.00407139 0.5600951 -1 0.1371429
0 1 0.004051032 0.510483 -1 0.14
0 1 0.004030778 0.4583839 -1 0.1428571
0 1 0.004010624 0.4040515 -1 0.1457143
0 1 0.003990571 0.3477507 -1 0.1485714
0 1 0.003970617 0.2897557 -1 0.1514286
0 1 0.003950764 0.2303489 -1 0.1542857
0 1 0.003931011 0.16982 -1 0.1571429
0 1 0.003911356 0.1084637 -1 0.16
0 1 0.003891799 0.046579 -1 0.1628571
0 1 0.00387234 -0.01553264 -1 0.1657143
0 1 0.003852978 -0.07756861 -1 0.1685714
0 1 0.003833713 -0.1392267 -1 0.1714286
0 1 0.003814545 -0.2002064 -1 0.1742857
0 1 0.003795472 -0.2602108 -1 0.1771429
0 1 0.003776495 -0.3189475 -1 0.18
0 1 0.003757612 -0.3761303 -1 0.1828571
0 1 0.003738824 -0.4314806 -1 0.1857143
0 1 0.00372013 -0.4847288 -1 0.1885714
0 1 0.003701529 -0.5356154 -1 0.1914286
0 1 0.003683022 -0.5838925 -1 0.1942857
0 1 0.003664606 -0.629325 -1 0.1971429
0 1 0.003646283 -0.6716915 -1 0.2
0 1 0.003628052 -0.7107856 -1 0.2028571
0 1 0.003609912 -0.7464168 -1 0.2057143
0 1 0.003591862 -0.7784116 -1 0.2085714
0 1 0.003573903 -0.8066139 -1 0.2114286
0 1 0.003556033 -0.8308866 -1 0.2142857
0 1 0.003538253 -0.8511112 -1 0.2171429
0 1 0.003520562 -0.8671893 -1 0.22
0 1 0.003502959 -0.8790426 -1 0.2228571
0 1 0.003485444 -0.8866133 -1 0.2257143
0 1 0.003468017 -0.8898644 -1 0.2285714
0 1 0.003450677 -0.8887803 -1 0.2314286
0 1 0.003433424 -0.883366 -1 0.2342857
0 1 0.003416257 -0.8736482 -1 0.2371429
0 1 0.003399175 -0.859674 -1 0.24
0 1 0.003382179 -0.8415115 -1 0.2428571
0 1 0.003365268 -0.8192493 -1 0.2457143
0 1 0.003348442 -0.7929958 -1 0.2485714
0 1 0.0033317 -0.7628789 -1 0.2514286
0 1 0.003315042 -0.7290453 -1 0.2542857
0 1 0.003298466 -0.6916599 -1 0.2571429
0 1 0.003281974 -0.6509048 -1 0.26
0 1 0.003265564 -0.6069785 -1 0.2628571
0 1 0.003249236 -0.5600951 -1 0.2657143
0 1 0.00323299 -0.510483 -1 0.2685714
0 1 0.003216825 -0.4583839 -1 0.2714286
0 1 0.003200741 -0.4040515 -1 0.2742857
0 1 0.003184737 -0.3477507 -1 0.2771429
0 1 0.003168814 -0.2897557 -1 0.28
0 1 0.00315297 -0.2303489 -1 0.2828571
0 1 0.003137205 -0.16982 -1 0.2857143
0 1 0.003121519 -0.1084637 -1 0.2885714
0 1 0.003105911 -0.046579 -1 0.2914286
0 1 0.003090382 0.01553264 -1 0.2942857
0 1 0.00307493 0.07756861 -1 0.2971429
0 1 0.003059555 0.1392267 -1 0.3
0 1 0.003044257 0.2002064 -1 0.3028571
0 1 0.003029036 0.2602108 -1 0.3057143
0 1 0.003013891 0.3189475 -1 0.3085714
0 1 0.002998821 0.3761303 -1 0.3114286
0 1 0.002983827 0.4314806 -1 0.3142857
0 1 0.002968908 0.4847288 -1 0.3171428
0 1 0.002954063 0.5356154 -1 0.32
0 1 0.002939293 0.5838925 -1 0.3228571
0 1 0.002924597 0.629325 -1 0.3257143
0 1 0.002909974 0.6716915 -1 0.3285714
0 1 0.002895424 0.7107856 -1 0.3314286
0 1 0.002880947 0.7464168 -1 0.3342857
0 1 0.002866542 0.7784116 -1 0.3371429
0 1 0.002852209 0.8066139 -1 0.34
0 1 0.002837948 0.8308866 -1 0.3428572
0 1 0.002823758 0.8511112 -1 0.3457143
0 1 0.00280964 0.8671893 -1 0.3485714
0 1 0.002795591 0.8790426 -1 0.3514286
0 1 0.002781613 0.8866133 -1 0.3542857
0 1 0.002767706 0.8898644 -1 0.3571429
0 1 0.002753867 0.8887803 -1 0.36
0 1 0.002740098 0.883366 -1 0.3628571
0 1 0.002726397 0.8736482 -1 0.3657143
0 1 0.002712765 0.859674 -1 0.3685714
0 1 0.002699201 0.8415115 -1 0.3714286
0 1 0.002685705 0.8192493 -1 0.3742857
0 1 0.002672277 0.7929958 -1 0.3771428
0 1 0.002658915 0.7628789 -1 0.38
0 1 0.002645621 0.7290453 -1 0.3828571
0 1 0.002632393 0.6916599 -1 0.3857143
0 1 0.002619231 0.6509048 -1 0.3885714
0 1 0.002606135 0.6069785 -1 0.3914286
0 1 0.002593104 0.5600951 -1 0.3942857
0 1 0.002580138 0.510483 -1 0.3971429
0 1 0.002567238 0.4583839 -1 0.4
0 1 0.002554402 0.4040515 -1 0.4028572
0 1 0.00254163 0.3477507 -1 0.4057143
0 1 0.002528921 0.2897557 -1 0.4085714
0 1 0.002516277 0.2303489 -1 0.4114286
0 1 0.002503695 0.16982 -1 0.4142857
0 1 0.002491177 0.1084637 -1 0.4171429
0 1 0.002478721 0.046579 -1 0.42
0 1 0.002466328 -0.01553264 -1 0.4228571
0 1 0.002453996 -0.07756861 -1 0.4257143
0 1 0.002441726 -0.1392267 1 0.4285714
0 1 0.002429517 -0.2002064 1 0.4314286
0 1 0.00241737 -0.2602108 1 0.4342857
0 1 0.002405283 -0.3189475 1 0.4371428
0 1 0.002393256 -0.3761303 1 0.44
0 1 0.00238129 -0.4314806 1 0.4428571
0 1 0.002369384 -0.4847288 1 0.4457143
0 1 0.002357537 -0.5356154 1 0.4485714
0 1 0.002345749 -0.5838925 1 0.4514286
0 1 0.00233402 -0.629325 1 0.4542857
0 1 0.00232235 -0.6716915 1 0.4571429
0 1 0.002310738 -0.7107856 1 0.46
0 1 0.002299185 -0.7464168 1 0.4628572
0 1 0.002287689 -0.7784116 1 0.4657143
0 1 0.00227625 -0.8066139 1 0.4685714
0 1 0.002264869 -0.8308866 1 0.4714286
0 1 0.002253545 -0.8511112 1 0.4742857
0 1 0.002242277 -0.8671893 1 0.4771429
0 1 0.002231066 -0.8790426 1 0.48
0 1 0.00221991 -0.8866133 1 0.4828571
0 1 0.002208811 -0.8898644 1 0.4857143
0 1 0.002197767 -0.8887803 1 0.4885714
0 1 0.002186778 -0.883366 1 0.4914286
0 1 0.002175844 -0.8736482 1 0.4942857
0 1 0.002164965 -0.859674 1 0.4971429
0 1 0.00215414 -0.8415115 1 0.5
0 1 0.002143369 -0.8192493 1 0.5028571
0 1 0.002132652 -0.7929958 1 0.5057143
0 1 0.002121989 -0.7628789 1 0.5085714
0 1 0.002111379 -0.7290453 1 0.5114286
0 1 0.002100822 -0.6916599 1 0.5142857
0 1 0.002090318 -0.6509048 1 0.5171428
0 1 0.002079867 -0.6069785 1 0.52
0 1 0.002069467 -0.5600951 1 0.5228571
0 1 0.00205912 -0.510483 1 0.5257143
0 1 0.002048824 -0.4583839 1 0.5285714
0 1 0.00203858 -0.4040515 1 0.5314286
0 1 0.002028387 -0.3477507 1 0.5342857
0 1 0.002018245 -0.2897557 1 0.5371429
0 1 0.002008154 -0.2303489 1 0.54
0 1 0.001998113 -0.16982 1 0.5428572
0 1 0.001988123 -0.1084637 1 0.5457143
0 1 0.001978182 -0.046579 1 0.5485714
0 1 0.001968291 0.01553264 1 0.5514286
0 1 0.00195845 0.07756861 1 0.5542857
0 1 0.001948658 0.1392267 1 0.5571429
0 1 0.001938914 0.2002064 1 0.56
0 1 0.00192922 0.2602108 1 0.5628572
0 1 0.001919574 0.3189475 1 0.5657143
0 1 0.001909976 0.3761303 1 0.5685714
0 1 0.001900426 0.4314806 1 0.5714286
0 1 0.001890924 0.4847288 1 0.5742857
0 1 0.001881469 0.5356154 1 0.5771428
0 1 0.001872062 0.5838925 1 0.58
0 1 0.001862701 0.629325 1 0.5828571
0 1 0.001853388 0.6716915 1 0.5857143
0 1 0.001844121 0.7107856 1 0.5885714
0 1 0.0018349 0.7464168 1 0.5914286
0 1 0.001825726 0.7784116 1 0.5942857
0 1 0.001816597 0.8066139 1 0.5971429
0 1 0.001807514 0.8308866 1 0.6
0 1 0.001798477 0.8511112 1 0.6028572
0 1 0.001789484 0.8671893 1 0.6057143
0 1 0.001780537 0.8790426 1 0.6085714
0 1 0.001771634 0.8866133 1 0.6114286
0 1 0.001762776 0.8898644 1 0.6142857
0 1 0.001753962 0.8887803 1 0.6171429
0 1 0.001745192 0.883366 1 0.62
0 1 0.001736466 0.8736482 1 0.6228572
0 1 0.001727784 0.859674 1 0.6257143
0 1 0.001719145 0.8415115 1 0.6285715
0 1 0.001710549 0.8192493 1 0.6314286
0 1 0.001701997 0.7929958 1 0.6342857
0 1 0.001693487 0.7628789 1 0.6371428
0 1 0.001685019 0.7290453 1 0.64
0 1 0.001676594 0.6916599 1 0.6428571
0 1 0.001668211 0.6509048 1 0.6457143
0 1 0.00165987 0.6069785 1 0.6485714
0 1 0.001651571 0.5600951 1 0.6514286
0 1 0.001643313 0.510483 1 0.6542857
0 1 0.001635096 0.4583839 1 0.6571429
0 1 0.001626921 0.4040515 1 0.66
0 1 0.001618786 0.3477507 1 0.6628571
0 1 0.001610692 0.2897557 1 0.6657143
0 1 0.001602639 0.2303489 1 0.6685714
0 1 0.001594626 0.16982 1 0.6714286
0 1 0.001586653 0.1084637 1 0.6742857
0 1 0.001578719 0.046579 1 0.6771429
0 1 0.001570826 -0.01553264 1 0.68
0 1 0.001562972 -0.07756861 1 0.6828572
0 1 0.001555157 -0.1392267 1 0.6857143
0 1 0.001547381 -0.2002064 1 0.6885715
0 1 0.001539644 -0.2602108 1 0.6914285
0 1 0.001531946 -0.3189475 1 0.6942857
0 1 0.001524286 -0.3761303 1 0.6971428
0 1 0.001516665 -0.4314806 1 0.7
0 1 0.001509081 -0.4847288 1 0.7028571
0 1 0.001501536 -0.5356154 1 0.7057143
0 1 0.001494028 -0.5838925 1 0.7085714
0 1 0.001486558 -0.629325 1 0.7114286
0 1 0.001479125 -0.6716915 1 0.7142857
0 1 0.00147173 -0.7107856 1 0.7171429
0 1 0.001464371 -0.7464168 1 0.72
0 1 0.001457049 -0.7784116 1 0.7228571
0 1 0.001449764 -0.8066139 1 0.7257143
0 1 0.001442515 -0.8308866 1 0.7285714
0 1 0.001435303 -0.8511112 1 0.7314286
0 1 0.001428126 -0.8671893 1 0.7342857
0 1 0.001420985 -0.8790426 1 0.7371429
0 1 0.00141388 -0.8866133 1 0.74
0 1 0.001406811 -0.8898644 1 0.7428572
0 1 0.001399777 -0.8887803 1 0.7457143
0 1 0.001392778 -0.883366 1 0.7485715
0 1 0.001385814 -0.8736482 1 0.7514285
0 1 0.001378885 -0.859674 1 0.7542857
0 1 0.001371991 -0.8415115 1 0.7571428
0 1 0.001365131 -0.8192493 1 0.76
0 1 0.001358305 -0.7929958 1 0.7628571
0 1 0.001351514 -0.7628789 1 0.7657143
0 1 0.001344756 -0.7290453 1 0.7685714
0 1 0.001338032 -0.6916599 1 0.7714286
0 1 0.001331342 -0.6509048 1 0.7742857
0 1 0.001324685 -0.6069785 1 0.7771429
0 1 0.001318062 -0.5600951 1 0.78
0 1 0.001311472 -0.510483 1 0.7828571
0 1 0.001304914 -0.4583839 1 0.7857143
0 1 0.00129839 -0.4040515 1 0.7885714
0 1 0.001291898 -0.3477507 1 0.7914286
0 1 0.001285438 -0.2897557 1 0.7942857
0 1 0.001279011 -0.2303489 1 0.7971429
0 1 0.001272616 -0.16982 1 0.8
0 1 0.001266253 -0.1084637 1 0.8028572
0 1 0.001259922 -0.046579 1 0.8057143
0 1 0.001253622 0.01553264 1 0.8085715
0 1 0.001247354 0.07756861 1 0.8114285
0 1 0.001241117 0.1392267 1 0.8142857
0 1 0.001234912 0.2002064 1 0.8171428
0 1 0.001228737 0.2602108 1 0.82
0 1 0.001222593 0.3189475 1 0.8228571
0 1 0.00121648 0.3761303 1 0.8257143
0 1 0.001210398 0.4314806 1 0.8285714
0 1 0.001204346 0.4847288 1 0.8314286
0 1 0.001198324 0.5356154 1 0.8342857
0 1 0.001192333 0.5838925 1 0.8371429
0 1 0.001186371 0.629325 1 0.84
0 1 0.001180439 0.6716915 1 0.8428571
0 1 0.001174537 0.7107856 1 0.8457143
0 1 0.001168664 0.7464168 1 0.8485714
0 1 0.001162821 0.7784116 1 0.8514286
0 1 0.001157007 0.8066139 1 0.8542857
0 1 0.001151222 0.8308866 1 0.8571429
0 1 0.001145466 0.8511112 1 0.86
0 1 0.001139738 0.8671893 1 0.8628572
0 1 0.00113404 0.8790426 1 0.8657143
0 1 0.001128369 0.8866133 1 0.8685714
0 1 0.001122728 0.8898644 1 0.8714285
0 1 0.001117114 0.8887803 1 0.8742857
0 1 0.001111528 0.883366 1 0.8771428
0 1 0.001105971 0.8736482 1 0.88
0 1 0.001100441 0.859674 1 0.8828571
0 1 0.001094939 0.8415115 1 0.8857143
0 1 0.001089464 0.8192493 1 0.8885714
0 1 0.001084017 0.7929958 1 0.8914286
0 1 0.001078597 0.7628789 1 0.8942857
0 1 0.001073204 0.7290453 1 0.8971428
0 1 0.001067838 0.6916599 1 0.9
0 1 0.001062498 0.6509048 1 0.9028571
0 1 0.001057186 0.6069785 1 0.9057143
0 1 0.0010519 0.5600951 1 0.9085714
0 1 0.001046641 0.510483 1 0.9114286
0 1 0.001041407 0.4583839 1 0.9142857
0 1 0.0010362 0.4040515 1 0.9171429
0 1 0.001031019 0.3477507 1 0.92
0 1 0.001025864 0.2897557 1 0.9228572
0 1 0.001020735 0.2303489 1 0.9257143
0 1 0.001015631 0.16982 1 0.9285714
0 1 0.001010553 0.1084637 1 0.9314286
0 1 0.0010055 0.046579 1 0.9342857
0 1 0.001000473 -0.01553264 1 0.9371428
0 1 0.0009954704 -0.07756861 1 0.94
0 1 0.000990493 -0.1392267 1 0.9428571
0 1 0.0009855406 -0.2002064 1 0.9457143
0 1 0.0009806128 -0.2602108 1 0.9485714
0 1 0.0009757098 -0.3189475 1 0.9514286
0 1 0.0009708313 -0.3761303 1 0.9542857
0 1 0.0009659771 -0.4314806 1 0.9571428
0 1 0.0009611472 -0.4847288 1 0.96
0 1 0.0009563415 -0.5356154 1 0.9628571
0 1 0.0009515597 -0.5838925 1 0.9657143
0 1 0.000946802 -0.629325 1 0.9685714
0 1 0.0009420679 -0.6716915 1 0.9714286
0 1 0.0009373576 -0.7107856 1 0.9742857
0 1 0.0009326708 -0.7464168 1 0.9771429
0 1 0.0009280075 -0.7784116 1 0.98
0 1 0.0009233675 -0.8066139 1 0.9828572
0 1 0.0009187506 -0.8308866 1 0.9857143
0 1 0.0009141568 -0.8511112 1 0.9885714
0 1 0.0009095861 -0.8671893 1 0.9914286
0 1 0.0009050381 -0.8790426 1 0.9942857
0 1 0.000900513 -0.8866133 1 0.9971429
