# channels number
4
# samples number
500
# sampling rate
1
# start date
01-01-0001
# start time
00:00:00.000
# channels names
Model_6_1;Model_5_1;Model_10_1;Model_13_1
0 1 4.26497 6
0.01 1 3.355921 6.14
0.02 1 3.684028 6.28
0.03 1 4.313297 6.42
0.04 1 3.649729 6.56
0.05 1 3.676319 6.7
0.06 1 3.480372 6.84
0.07 1 4.75641 6.98
0.08 1 4.157623 7.12
0.09 1 4.99382 7.26
0.1 1 4.92878 7.4
0.11 1 3.150584 7.54
0.12 1 3.072099 7.68
0.13 1 3.529982 7.82
0.14 1 3.088758 7.96
0.15 -1 4.802708 0.0999999
0.16 -1 4.810377 0.2399998
0.17 -1 3.751785 0.3800001
0.18 -1 4.320106 0.52
0.19 -1 3.5351 0.6599998
0.2 -1 4.259886 0.8000002
0.21 -1 3.836951 0.9400001
0.22 -1 3.067673 1.08
0.23 -1 3.408425 1.22
0.24 -1 3.938253 1.36
0.25 -1 3.684829 1.5
0.26 -1 4.870798 1.64
0.27 -1 4.04072 1.78
0.28 -1 3.751995 1.92
0.29 -1 3.670787 2.06
0.3 1 4.120888 10.2
0.31 1 4.570625 10.34
0.32 1 4.72809 10.48
0.33 1 4.182416 10.62
0.34 1 3.140079 10.76
0.35 1 3.06712 10.9
0.36 1 3.737483 11.04
0.37 1 3.797882 11.18
0.38 1 3.308674 11.32
0.39 1 4.741261 11.46
0.4 1 4.274031 11.6
0.41 1 4.473404 11.74
0.42 1 4.723262 11.88
0.43 1 3.484872 12.02
0.44 1 3.479827 12.16
0.45 -1 4.262907 4.3
0.46 -1 4.692523 4.440001
0.47 -1 3.328279 4.58
0.48 -1 3.732039 4.72
0.49 -1 3.580967 4.860001
0.5 -1 3.554162 5
0.51 -1 3.287091 5.139999
0.52 -1 3.867816 5.28
0.53 -1 3.628286 5.42
0.54 -1 4.108995 5.56
0.55 -1 3.428019 5.7
0.56 -1 3.288248 5.84
0.57 -1 3.275603 5.98
0.58 -1 3.375044 6.12
0.59 -1 4.9649 6.259999
0.6 1 3.805522 14.4
0.61 1 4.439653 14.54
0.62 1 4.004415 14.68
0.63 1 3.486837 14.82
0.64 1 3.872931 14.96
0.65 1 3.358155 15.1
0.66 1 3.422494 15.24
0.67 1 3.889683 15.38
0.68 1 3.389903 15.52
0.69 1 3.021639 15.66
0.7 1 4.065225 15.8
0.71 1 4.012495 15.94
0.72 1 3.443111 16.08
0.73 1 4.578846 16.22
0.74 1 4.261069 16.36
0.75 -1 4.786482 8.5
0.76 -1 4.113688 8.639999
0.77 -1 4.582801 8.78
0.78 -1 4.928598 8.92
0.79 -1 4.675347 9.06
0.8 -1 3.992306 9.2
0.81 -1 4.542519 9.34
0.82 -1 3.308681 9.48
0.83 -1 3.171028 9.62
0.84 -1 3.116624 9.759999
0.85 -1 3.833797 9.900001
0.86 -1 3.70281 10.04
0.87 -1 4.099804 10.18
0.88 -1 3.073421 10.32
0.89 -1 4.71206 10.46
0.9 1 4.778872 18.6
0.91 1 3.46188 18.74
0.92 1 3.422838 18.88
0.93 1 3.343774 19.02
0.94 1 3.935739 19.16
0.95 1 4.834378 19.3
0.96 1 3.468989 19.44
0.97 1 4.236426 19.58
0.98 1 4.61194 19.72
0.99 1 3.121672 19.86
0 1 3.840412 6
0.01 1 3.80284 6.14
0.02 1 4.938376 6.28
0.03 1 3.7104 6.42
0.04 1 4.515742 6.56
0.05 -1 4.541667 -1.3
0.06 -1 4.84398 -1.16
0.07 -1 4.28897 -1.02
0.08 -1 4.367217 -0.8800001
0.09 -1 4.322513 -0.74
0.1 -1 4.314331 -0.5999999
0.11 -1 3.705446 -0.46
0.12 -1 3.347006 -0.3199999
0.13 -1 3.699697 -0.1800001
0.14 -1 3.972594 -0.03999996
0.15 -1 4.263003 0.0999999
0.16 -1 4.130972 0.2399998
0.17 -1 3.833387 0.3800001
0.18 -1 3.370212 0.52
0.19 -1 3.039134 0.6599998
0.2 1 4.655345 8.8
0.21 1 4.32269 8.940001
0.22 1 3.816262 9.08
0.23 1 3.677843 9.22
0.24 1 3.242767 9.360001
0.25 1 3.603345 9.5
0.26 1 3.589657 9.639999
0.27 1 3.099337 9.780001
0.28 1 3.643107 9.92
0.29 1 4.426691 10.06
0.3 1 4.317493 10.2
0.31 1 4.877263 10.34
0.32 1 4.970861 10.48
0.33 1 4.806926 10.62
0.34 1 3.834934 10.76
0.35 -1 3.189465 2.9
0.36 -1 4.604143 3.04
0.37 -1 4.59828 3.18
0.38 -1 3.655286 3.32
0.39 -1 3.574957 3.46
0.4 -1 3.989817 3.6
0.41 -1 4.41384 3.74
0.42 -1 4.732588 3.88
0.43 -1 3.750908 4.02
0.44 -1 3.397729 4.16
0.45 -1 4.073425 4.3
0.46 -1 3.114875 4.440001
0.47 -1 4.723141 4.58
0.48 -1 4.371181 4.72
0.49 -1 4.672736 4.860001
0.5 1 3.703405 13
0.51 1 4.635602 13.14
0.52 1 3.866214 13.28
0.53 1 4.572806 13.42
0.54 1 3.466326 13.56
0.55 1 4.517722 13.7
0.56 1 4.986579 13.84
0.57 1 4.260533 13.98
0.58 1 3.467634 14.12
0.59 1 3.912397 14.26
0.6 1 3.95201 14.4
0.61 1 4.744644 14.54
0.62 1 3.645863 14.68
0.63 1 4.940526 14.82
0.64 1 3.00502 14.96
0.65 -1 4.437068 7.099999
0.66 -1 3.734586 7.240001
0.67 -1 3.540079 7.38
0.68 -1 4.864763 7.52
0.69 -1 3.783128 7.66
0.7 -1 4.65886 7.8
0.71 -1 4.532692 7.94
0.72 -1 3.178101 8.08
0.73 -1 4.795255 8.22
0.74 -1 4.049317 8.360001
0.75 -1 3.241506 8.5
0.76 -1 4.590102 8.639999
0.77 -1 3.065354 8.78
0.78 -1 3.280114 8.92
0.79 -1 4.169341 9.06
0.8 1 3.48847 17.2
0.81 1 3.866516 17.34
0.82 1 3.728156 17.48
0.83 1 3.970371 17.62
0.84 1 3.723286 17.76
0.85 1 4.68189 17.9
0.86 1 4.011049 18.04
0.87 1 3.398054 18.18
0.88 1 4.3406 18.32
0.89 1 4.317212 18.46
0.9 1 3.202887 18.6
0.91 1 3.34361 18.74
0.92 1 4.130646 18.88
0.93 1 4.742888 19.02
0.94 1 4.622947 19.16
0.95 -1 4.245173 11.3
0.96 -1 3.767977 11.44
0.97 -1 4.792062 11.58
0.98 -1 3.745888 11.72
0.99 -1 3.960661 11.86
0 -1 3.33884 -2
0.01 -1 4.574795 -1.86
0.02 -1 4.858378 -1.72
0.03 -1 3.588052 -1.58
0.04 -1 3.013876 -1.44
0.05 -1 4.170713 -1.3
0.06 -1 4.457501 -1.16
0.07 -1 4.070959 -1.02
0.08 -1 3.523489 -0.8800001
0.09 -1 3.224821 -0.74
0.1 1 4.92762 7.4
0.11 1 4.921225 7.54
0.12 1 3.980419 7.68
0.13 1 4.298293 7.82
0.14 1 3.423927 7.96
0.15 1 3.085495 8.1
0.16 1 4.016488 8.24
0.17 1 4.675492 8.38
0.18 1 4.21724 8.52
0.19 1 3.32313 8.66
0.2 1 3.426019 8.8
0.21 1 3.336531 8.940001
0.22 1 4.19948 9.08
0.23 1 3.54755 9.22
0.24 1 3.580242 9.360001
0.25 -1 4.315249 1.5
0.26 -1 3.402046 1.64
0.27 -1 3.435212 1.78
0.28 -1 3.172308 1.92
0.29 -1 4.804145 2.06
0.3 -1 4.473529 2.2
0.31 -1 4.79804 2.34
0.32 -1 4.319466 2.48
0.33 -1 4.319453 2.62
0.34 -1 3.830501 2.76
0.35 -1 3.913675 2.9
0.36 -1 4.008138 3.04
0.37 -1 3.140104 3.18
0.38 -1 3.956495 3.32
0.39 -1 4.552573 3.46
0.4 1 3.22439 11.6
0.41 1 4.940091 11.74
0.42 1 4.874566 11.88
0.43 1 4.115779 12.02
0.44 1 4.389592 12.16
0.45 1 3.281662 12.3
0.46 1 4.363191 12.44
0.47 1 4.832354 12.58
0.48 1 4.318962 12.72
0.49 1 4.537452 12.86
0.5 1 3.228685 13
0.51 1 4.092485 13.14
0.52 1 3.574823 13.28
0.53 1 3.422758 13.42
0.54 1 3.534642 13.56
0.55 -1 3.002309 5.7
0.56 -1 3.375315 5.84
0.57 -1 4.310828 5.98
0.58 -1 3.00781 6.12
0.59 -1 3.698627 6.259999
0.6 -1 3.768667 6.400001
0.61 -1 4.022289 6.54
0.62 -1 3.89865 6.68
0.63 -1 3.719344 6.82
0.64 -1 3.751292 6.96
0.65 -1 3.12958 7.099999
0.66 -1 3.601759 7.240001
0.67 -1 4.660966 7.38
0.68 -1 3.467791 7.52
0.69 -1 4.510252 7.66
0.7 1 4.077357 15.8
0.71 1 3.876384 15.94
0.72 1 3.718997 16.08
0.73 1 4.664667 16.22
0.74 1 3.09874 16.36
0.75 1 3.485928 16.5
0.76 1 3.461966 16.64
0.77 1 3.0837 16.78
0.78 1 4.157958 16.92
0.79 1 3.29858 17.06
0.8 1 4.952058 17.2
0.81 1 3.569692 17.34
0.82 1 4.116251 17.48
0.83 1 3.634856 17.62
0.84 1 4.57546 17.76
0.85 -1 3.381044 9.900001
0.86 -1 4.223217 10.04
0.87 -1 3.896708 10.18
0.88 -1 3.784811 10.32
0.89 -1 3.828193 10.46
0.9 -1 3.53836 10.6
0.91 -1 4.697309 10.74
0.92 -1 3.132294 10.88
0.93 -1 3.257868 11.02
0.94 -1 3.783906 11.16
0.95 -1 4.202101 11.3
0.96 -1 4.04144 11.44
0.97 -1 4.155221 11.58
0.98 -1 3.364488 11.72
0.99 -1 4.260012 11.86
0 1 4.679903 6
0.01 1 4.702225 6.14
0.02 1 4.364563 6.28
0.03 1 4.80871 6.42
0.04 1 3.460095 6.56
0.05 1 4.352301 6.7
0.06 1 3.373487 6.84
0.07 1 3.910156 6.98
0.08 1 3.324018 7.12
0.09 1 3.048715 7.26
0.1 1 4.540343 7.4
0.11 1 3.291615 7.54
0.12 1 3.15287 7.68
0.13 1 4.70923 7.82
0.14 1 3.746569 7.96
0.15 -1 3.198975 0.0999999
0.16 -1 4.906038 0.2399998
0.17 -1 3.263794 0.3800001
0.18 -1 4.143884 0.52
0.19 -1 3.370247 0.6599998
0.2 -1 3.906363 0.8000002
0.21 -1 4.705051 0.9400001
0.22 -1 3.876156 1.08
0.23 -1 4.639599 1.22
0.24 -1 3.971892 1.36
0.25 -1 4.380047 1.5
0.26 -1 3.74409 1.64
0.27 -1 3.46113 1.78
0.28 -1 3.880762 1.92
0.29 -1 3.89664 2.06
0.3 1 4.444487 10.2
0.31 1 4.306745 10.34
0.32 1 4.719213 10.48
0.33 1 4.897946 10.62
0.34 1 3.618678 10.76
0.35 1 3.249834 10.9
0.36 1 4.20513 11.04
0.37 1 4.307541 11.18
0.38 1 3.174761 11.32
0.39 1 3.22316 11.46
0.4 1 3.007557 11.6
0.41 1 3.313062 11.74
0.42 1 3.57269 11.88
0.43 1 3.736096 12.02
0.44 1 4.28785 12.16
0.45 -1 3.246745 4.3
0.46 -1 4.54444 4.440001
0.47 -1 3.423064 4.58
0.48 -1 4.511299 4.72
0.49 -1 3.584931 4.860001
0.5 -1 4.296062 5
0.51 -1 3.777646 5.139999
0.52 -1 3.011337 5.28
0.53 -1 4.99424 5.42
0.54 -1 3.35365 5.56
0.55 -1 4.974851 5.7
0.56 -1 3.826069 5.84
0.57 -1 4.724964 5.98
0.58 -1 3.836818 6.12
0.59 -1 4.080048 6.259999
0.6 1 3.608211 14.4
0.61 1 4.912357 14.54
0.62 1 3.029394 14.68
0.63 1 4.427378 14.82
0.64 1 3.604228 14.96
0.65 1 3.233598 15.1
0.66 1 3.572402 15.24
0.67 1 3.254924 15.38
0.68 1 4.090552 15.52
0.69 1 3.496735 15.66
0.7 1 3.993845 15.8
0.71 1 3.598497 15.94
0.72 1 3.089034 16.08
0.73 1 3.920725 16.22
0.74 1 3.36269 16.36
0.75 -1 3.593301 8.5
0.76 -1 4.132361 8.639999
0.77 -1 3.14006 8.78
0.78 -1 3.351749 8.92
0.79 -1 3.725147 9.06
0.8 -1 4.835608 9.2
0.81 -1 3.321026 9.34
0.82 -1 3.949831 9.48
0.83 -1 3.295831 9.62
0.84 -1 4.600577 9.759999
0.85 -1 3.666841 9.900001
0.86 -1 4.295408 10.04
0.87 -1 4.724972 10.18
0.88 -1 4.544296 10.32
0.89 -1 3.643827 10.46
0.9 1 4.423765 18.6
0.91 1 4.480166 18.74
0.92 1 3.470723 18.88
0.93 1 4.094713 19.02
0.94 1 4.614949 19.16
0.95 1 3.095199 19.3
0.96 1 3.283668 19.44
0.97 1 4.145312 19.58
0.98 1 3.131868 19.72
0.99 1 4.054252 19.86
0 1 4.674342 6
0.01 1 4.289515 6.14
0.02 1 4.332512 6.28
0.03 1 4.014564 6.42
0.04 1 4.591086 6.56
0.05 -1 3.697565 -1.3
0.06 -1 3.688613 -1.16
0.07 -1 4.090612 -1.02
0.08 -1 4.63155 -0.8800001
0.09 -1 4.760349 -0.74
0.1 -1 3.84249 -0.5999999
0.11 -1 3.686009 -0.46
0.12 -1 4.373215 -0.3199999
0.13 -1 3.111671 -0.1800001
0.14 -1 4.24444 -0.03999996
0.15 -1 3.287184 0.0999999
0.16 -1 3.962526 0.2399998
0.17 -1 4.733563 0.3800001
0.18 -1 4.826801 0.52
0.19 -1 4.937387 0.6599998
0.2 1 3.938191 8.8
0.21 1 3.84743 8.940001
0.22 1 3.710628 9.08
0.23 1 3.446725 9.22
0.24 1 4.07297 9.360001
0.25 1 4.513679 9.5
0.26 1 3.127774 9.639999
0.27 1 3.99432 9.780001
0.28 1 4.305776 9.92
0.29 1 3.267491 10.06
0.3 1 3.309633 10.2
0.31 1 4.98705 10.34
0.32 1 3.008192 10.48
0.33 1 4.297497 10.62
0.34 1 4.050805 10.76
0.35 -1 3.546092 2.9
0.36 -1 3.988513 3.04
0.37 -1 4.935267 3.18
0.38 -1 3.704745 3.32
0.39 -1 3.903012 3.46
0.4 -1 4.978228 3.6
0.41 -1 3.204795 3.74
0.42 -1 3.093422 3.88
0.43 -1 4.783947 4.02
0.44 -1 4.801337 4.16
0.45 -1 3.737756 4.3
0.46 -1 3.106951 4.440001
0.47 -1 3.359052 4.58
0.48 -1 4.850273 4.72
0.49 -1 4.327765 4.860001
0.5 1 4.132673 13
0.51 1 3.550104 13.14
0.52 1 4.318511 13.28
0.53 1 3.194482 13.42
0.54 1 3.116061 13.56
0.55 1 3.826912 13.7
0.56 1 3.578887 13.84
0.57 1 3.885788 13.98
0.58 1 4.941593 14.12
0.59 1 3.077407 14.26
0.6 1 3.569791 14.4
0.61 1 4.694293 14.54
0.62 1 4.784837 14.68
0.63 1 4.364059 14.82
0.64 1 4.450716 14.96
0.65 -1 3.85544 7.099999
0.66 -1 3.677817 7.240001
0.67 -1 3.075718 7.38
0.68 -1 4.060866 7.52
0.69 -1 3.698348 7.66
0.7 -1 4.298671 7.8
0.71 -1 4.027259 7.94
0.72 -1 4.028819 8.08
0.73 -1 3.923789 8.22
0.74 -1 4.959158 8.360001
0.75 -1 3.733396 8.5
0.76 -1 3.754008 8.639999
0.77 -1 3.926681 8.78
0.78 -1 3.645387 8.92
0.79 -1 3.335215 9.06
0.8 1 4.406727 17.2
0.81 1 4.768722 17.34
0.82 1 4.144047 17.48
0.83 1 4.978011 17.62
0.84 1 4.134818 17.76
0.85 1 4.759529 17.9
0.86 1 3.668539 18.04
0.87 1 4.81371 18.18
0.88 1 4.181437 18.32
0.89 1 3.223893 18.46
0.9 1 4.967205 18.6
0.91 1 3.102726 18.74
0.92 1 4.993674 18.88
0.93 1 3.627337 19.02
0.94 1 3.333222 19.16
0.95 -1 3.283936 11.3
0.96 -1 3.419958 11.44
0.97 -1 3.729363 11.58
0.98 -1 3.333232 11.72
0.99 -1 3.945897 11.86
