# channels number
3
# samples number
1000
# sampling rate
0.99
# start date
01-01-0001
# start time
00:00:00.000
# channels names
Model_4_1;Model_4_2;Model_4_3
0.8207472 0.8207472 0.8207472
0.9492316 0.9701254 0.9836361
0.9898492 0.9718109 0.9242446
0.9388404 0.825547 0.6559938
0.8009268 0.553601 0.2395027
0.5888746 0.1973743 -0.2311109
0.3223125 -0.1889009 -0.6494985
0.02591518 -0.5464176 -0.9211134
-0.272881 -0.8207472 -0.9845767
-0.5464176 -0.9701254 -0.825547
-0.7693745 -0.9718109 -0.4799615
-0.9211134 -0.825547 -0.02591518
-0.9875884 -0.553601 0.4339874
-0.9626462 -0.1973743 0.7958183
-0.8485956 0.1889009 0.9778115
-0.6559938 0.5464176 0.9388404
-0.4026693 0.8207472 0.6877118
-0.1120712 0.9701254 0.2811752
0.1889009 0.9718109 -0.1889009
0.4723872 0.825547 -0.6162895
0.7121464 0.553601 -0.90441
0.885985 0.1973743 -0.9881535
0.9778115 -0.1889009 -0.8485956
0.9791257 -0.5464176 -0.5172736
0.8898061 -0.8207472 -0.06905891
0.7181206 -0.9701254 0.3947616
0.4799615 -0.9718109 0.7693745
0.1973743 -0.825547 0.9701254
-0.1034832 -0.553601 0.9516491
-0.3947616 -0.1973743 0.7181206
-0.6494985 0.1889009 0.3223125
-0.8441138 0.5464176 -0.1463313
-0.9605927 0.8207472 -0.5819074
-0.9881535 0.9701254 -0.885985
-0.9242446 0.9718109 -0.9898492
-0.7747821 0.825547 -0.8700289
-0.553601 0.553601 -0.553601
-0.2811752 0.1973743 -0.1120712
0.01727788 -0.1889009 0.3547843
0.3141316 -0.5464176 0.7414662
0.5819074 -0.8207472 0.9605927
0.7958183 -0.9701254 0.9626462
0.9360634 -0.9718109 0.7471625
0.9896607 -0.825547 0.3628362
0.9516491 -0.553601 -0.1034832
0.825547 -0.1973743 -0.5464176
0.6230272 0.1889009 -0.8658735
0.3628362 0.5464176 -0.9896607
0.06905891 0.8207472 -0.8898061
-0.2311109 0.9701254 -0.5888746
-0.5098877 0.9718109 -0.1548701
-0.7414662 0.825547 0.3141316
-0.90441 0.553601 0.7121464
-0.9836361 0.1973743 0.9492316
-0.9718109 -0.1889009 0.9718109
-0.8700289 -0.5464176 0.7747821
-0.6877118 -0.8207472 0.4026693
-0.4417358 -0.9701254 -0.06043806
-0.1548701 -0.9718109 -0.5098877
0.1463313 -0.825547 -0.8441138
0.4339874 -0.553601 -0.9875884
0.681471 -0.1973743 -0.9078895
0.8658735 0.1889009 -0.6230272
0.9701254 0.5464176 -0.1973743
0.9845767 0.8207472 0.272881
0.9078895 0.9701254 0.681471
0.7471625 0.9718109 0.9360634
0.5172736 0.825547 0.9791257
0.2395027 0.553601 0.8009268
-0.06043806 0.1973743 0.4417358
-0.3547843 -0.1889009 -0.01727788
-0.6162895 -0.5464176 -0.4723872
-0.8207472 -0.8207472 -0.8207472
-0.9492316 -0.9701254 -0.9836361
-0.9898492 -0.9718109 -0.9242446
-0.9388404 -0.825547 -0.6559938
-0.8009268 -0.553601 -0.2395027
-0.5888746 -0.1973743 0.2311109
-0.3223125 0.1889009 0.6494985
-0.02591518 0.5464176 0.9211134
0.272881 0.8207472 0.9845767
0.5464176 0.9701254 0.825547
0.7693745 0.9718109 0.4799615
0.9211134 0.825547 0.02591518
0.9875884 0.553601 -0.4339874
0.9626462 0.1973743 -0.7958183
0.8485956 -0.1889009 -0.9778115
0.6559938 -0.5464176 -0.9388404
0.4026693 -0.8207472 -0.6877118
0.1120712 -0.9701254 -0.2811752
-0.1889009 -0.9718109 0.1889009
-0.4723872 -0.825547 0.6162895
-0.7121464 -0.553601 0.90441
-0.885985 -0.1973743 0.9881535
-0.9778115 0.1889009 0.8485956
-0.9791257 0.5464176 0.5172736
-0.8898061 0.8207472 0.06905891
-0.7181206 0.9701254 -0.3947616
-0.4799615 0.9718109 -0.7693745
-0.1973743 0.825547 -0.9701254
0.1034832 0.553601 -0.9516491
0.3947616 0.1973743 -0.7181206
0.6494985 -0.1889009 -0.3223125
0.8441138 -0.5464176 0.1463313
0.9605927 -0.8207472 0.5819074
0.9881535 -0.9701254 0.885985
0.9242446 -0.9718109 0.9898492
0.7747821 -0.825547 0.8700289
0.553601 -0.553601 0.553601
0.2811752 -0.1973743 0.1120712
-0.01727788 0.1889009 -0.3547843
-0.3141316 0.5464176 -0.7414662
-0.5819074 0.8207472 -0.9605927
-0.7958183 0.9701254 -0.9626462
-0.9360634 0.9718109 -0.7471625
-0.9896607 0.825547 -0.3628362
-0.9516491 0.553601 0.1034832
-0.825547 0.1973743 0.5464176
-0.6230272 -0.1889009 0.8658735
-0.3628362 -0.5464176 0.9896607
-0.06905891 -0.8207472 0.8898061
0.2311109 -0.9701254 0.5888746
0.5098877 -0.9718109 0.1548701
0.7414662 -0.825547 -0.3141316
0.90441 -0.553601 -0.7121464
0.9836361 -0.1973743 -0.9492316
0.9718109 0.1889009 -0.9718109
0.8700289 0.5464176 -0.7747821
0.6877118 0.8207472 -0.4026693
0.4417358 0.9701254 0.06043806
0.1548701 0.9718109 0.5098877
-0.1463313 0.825547 0.8441138
-0.4339874 0.553601 0.9875884
-0.681471 0.1973743 0.9078895
-0.8658735 -0.1889009 0.6230272
-0.9701254 -0.5464176 0.1973743
-0.9845767 -0.8207472 -0.272881
-0.9078895 -0.9701254 -0.681471
-0.7471625 -0.9718109 -0.9360634
-0.5172736 -0.825547 -0.9791257
-0.2395027 -0.553601 -0.8009268
0.06043806 -0.1973743 -0.4417358
0.3547843 0.1889009 0.01727788
0.6162895 0.5464176 0.4723872
0.8207472 0.8207472 0.8207472
0.9492316 0.9701254 0.9836361
0.9898492 0.9718109 0.9242446
0.9388404 0.825547 0.6559938
0.8009268 0.553601 0.2395027
0.5888746 0.1973743 -0.2311109
0.3223125 -0.1889009 -0.6494985
0.02591518 -0.5464176 -0.9211134
-0.272881 -0.8207472 -0.9845767
-0.5464176 -0.9701254 -0.825547
-0.7693745 -0.9718109 -0.4799615
-0.9211134 -0.825547 -0.02591518
-0.9875884 -0.553601 0.4339874
-0.9626462 -0.1973743 0.7958183
-0.8485956 0.1889009 0.9778115
-0.6559938 0.5464176 0.9388404
-0.4026693 0.8207472 0.6877118
-0.1120712 0.9701254 0.2811752
0.1889009 0.9718109 -0.1889009
0.4723872 0.825547 -0.6162895
0.7121464 0.553601 -0.90441
0.885985 0.1973743 -0.9881535
0.9778115 -0.1889009 -0.8485956
0.9791257 -0.5464176 -0.5172736
0.8898061 -0.8207472 -0.06905891
0.7181206 -0.9701254 0.3947616
0.4799615 -0.9718109 0.7693745
0.1973743 -0.825547 0.9701254
-0.1034832 -0.553601 0.9516491
-0.3947616 -0.1973743 0.7181206
-0.6494985 0.1889009 0.3223125
-0.8441138 0.5464176 -0.1463313
-0.9605927 0.8207472 -0.5819074
-0.9881535 0.9701254 -0.885985
-0.9242446 0.9718109 -0.9898492
-0.7747821 0.825547 -0.8700289
-0.553601 0.553601 -0.553601
-0.2811752 0.1973743 -0.1120712
0.01727788 -0.1889009 0.3547843
0.3141316 -0.5464176 0.7414662
0.5819074 -0.8207472 0.9605927
0.7958183 -0.9701254 0.9626462
0.9360634 -0.9718109 0.7471625
0.9896607 -0.825547 0.3628362
0.9516491 -0.553601 -0.1034832
0.825547 -0.1973743 -0.5464176
0.6230272 0.1889009 -0.8658735
0.3628362 0.5464176 -0.9896607
0.06905891 0.8207472 -0.8898061
-0.2311109 0.9701254 -0.5888746
-0.5098877 0.9718109 -0.1548701
-0.7414662 0.825547 0.3141316
-0.90441 0.553601 0.7121464
-0.9836361 0.1973743 0.9492316
-0.9718109 -0.1889009 0.9718109
-0.8700289 -0.5464176 0.7747821
-0.6877118 -0.8207472 0.4026693
-0.4417358 -0.9701254 -0.06043806
-0.1548701 -0.9718109 -0.5098877
0.1463313 -0.825547 -0.8441138
0.4339874 -0.553601 -0.9875884
0.681471 -0.1973743 -0.9078895
0.8658735 0.1889009 -0.6230272
0.9701254 0.5464176 -0.1973743
0.9845767 0.8207472 0.272881
0.9078895 0.9701254 0.681471
0.7471625 0.9718109 0.9360634
0.5172736 0.825547 0.9791257
0.2395027 0.553601 0.8009268
-0.06043806 0.1973743 0.4417358
-0.3547843 -0.1889009 -0.01727788
-0.6162895 -0.5464176 -0.4723872
-0.8207472 -0.8207472 -0.8207472
-0.9492316 -0.9701254 -0.9836361
-0.9898492 -0.9718109 -0.9242446
-0.9388404 -0.825547 -0.6559938
-0.8009268 -0.553601 -0.2395027
-0.5888746 -0.1973743 0.2311109
-0.3223125 0.1889009 0.6494985
-0.02591518 0.5464176 0.9211134
0.272881 0.8207472 0.9845767
0.5464176 0.9701254 0.825547
0.7693745 0.9718109 0.4799615
0.9211134 0.825547 0.02591518
0.9875884 0.553601 -0.4339874
0.9626462 0.1973743 -0.7958183
0.8485956 -0.1889009 -0.9778115
0.6559938 -0.5464176 -0.9388404
0.4026693 -0.8207472 -0.6877118
0.1120712 -0.9701254 -0.2811752
-0.1889009 -0.9718109 0.1889009
-0.4723872 -0.825547 0.6162895
-0.7121464 -0.553601 0.90441
-0.885985 -0.1973743 0.9881535
-0.9778115 0.1889009 0.8485956
-0.9791257 0.5464176 0.5172736
-0.8898061 0.8207472 0.06905891
-0.7181206 0.9701254 -0.3947616
-0.4799615 0.9718109 -0.7693745
-0.1973743 0.825547 -0.9701254
0.1034832 0.553601 -0.9516491
0.3947616 0.1973743 -0.7181206
0.6494985 -0.1889009 -0.3223125
0.8441138 -0.5464176 0.1463313
0.9605927 -0.8207472 0.5819074
0.9881535 -0.9701254 0.885985
0.9242446 -0.9718109 0.9898492
0.7747821 -0.825547 0.8700289
0.553601 -0.553601 0.553601
0.2811752 -0.1973743 0.1120712
-0.01727788 0.1889009 -0.3547843
-0.3141316 0.5464176 -0.7414662
-0.5819074 0.8207472 -0.9605927
-0.7958183 0.9701254 -0.9626462
-0.9360634 0.9718109 -0.7471625
-0.9896607 0.825547 -0.3628362
-0.9516491 0.553601 0.1034832
-0.825547 0.1973743 0.5464176
-0.6230272 -0.1889009 0.8658735
-0.3628362 -0.5464176 0.9896607
-0.06905891 -0.8207472 0.8898061
0.2311109 -0.9701254 0.5888746
0.5098877 -0.9718109 0.1548701
0.7414662 -0.825547 -0.3141316
0.90441 -0.553601 -0.7121464
0.9836361 -0.1973743 -0.9492316
0.9718109 0.1889009 -0.9718109
0.8700289 0.5464176 -0.7747821
0.6877118 0.8207472 -0.4026693
0.4417358 0.9701254 0.06043806
0.1548701 0.9718109 0.5098877
-0.1463313 0.825547 0.8441138
-0.4339874 0.553601 0.9875884
-0.681471 0.1973743 0.9078895
-0.8658735 -0.1889009 0.6230272
-0.9701254 -0.5464176 0.1973743
-0.9845767 -0.8207472 -0.272881
-0.9078895 -0.9701254 -0.681471
-0.7471625 -0.9718109 -0.9360634
-0.5172736 -0.825547 -0.9791257
-0.2395027 -0.553601 -0.8009268
0.06043806 -0.1973743 -0.4417358
0.3547843 0.1889009 0.01727788
0.6162895 0.5464176 0.4723872
0.8207472 0.8207472 0.8207472
0.9492316 0.9701254 0.9836361
0.9898492 0.9718109 0.9242446
0.9388404 0.825547 0.6559938
0.8009268 0.553601 0.2395027
0.5888746 0.1973743 -0.2311109
0.3223125 -0.1889009 -0.6494985
0.02591518 -0.5464176 -0.9211134
-0.272881 -0.8207472 -0.9845767
-0.5464176 -0.9701254 -0.825547
-0.7693745 -0.9718109 -0.4799615
-0.9211134 -0.825547 -0.02591518
-0.9875884 -0.553601 0.4339874
-0.9626462 -0.1973743 0.7958183
-0.8485956 0.1889009 0.9778115
-0.6559938 0.5464176 0.9388404
-0.4026693 0.8207472 0.6877118
-0.1120712 0.9701254 0.2811752
0.1889009 0.9718109 -0.1889009
0.4723872 0.825547 -0.6162895
0.7121464 0.553601 -0.90441
0.885985 0.1973743 -0.9881535
0.9778115 -0.1889009 -0.8485956
0.9791257 -0.5464176 -0.5172736
0.8898061 -0.8207472 -0.06905891
0.7181206 -0.9701254 0.3947616
0.4799615 -0.9718109 0.7693745
0.1973743 -0.825547 0.9701254
-0.1034832 -0.553601 0.9516491
-0.3947616 -0.1973743 0.7181206
-0.6494985 0.1889009 0.3223125
-0.8441138 0.5464176 -0.1463313
-0.9605927 0.8207472 -0.5819074
-0.9881535 0.9701254 -0.885985
-0.9242446 0.9718109 -0.9898492
-0.7747821 0.825547 -0.8700289
-0.553601 0.553601 -0.553601
-0.2811752 0.1973743 -0.1120712
0.01727788 -0.1889009 0.3547843
0.3141316 -0.5464176 0.7414662
0.5819074 -0.8207472 0.9605927
0.7958183 -0.9701254 0.9626462
0.9360634 -0.9718109 0.7471625
0.9896607 -0.825547 0.3628362
0.9516491 -0.553601 -0.1034832
0.825547 -0.1973743 -0.5464176
0.6230272 0.1889009 -0.8658735
0.3628362 0.5464176 -0.9896607
0.06905891 0.8207472 -0.8898061
-0.2311109 0.9701254 -0.5888746
-0.5098877 0.9718109 -0.1548701
-0.7414662 0.825547 0.3141316
-0.90441 0.553601 0.7121464
-0.9836361 0.1973743 0.9492316
-0.9718109 -0.1889009 0.9718109
-0.8700289 -0.5464176 0.7747821
-0.6877118 -0.8207472 0.4026693
-0.4417358 -0.9701254 -0.06043806
-0.1548701 -0.9718109 -0.5098877
0.1463313 -0.825547 -0.8441138
0.4339874 -0.553601 -0.9875884
0.681471 -0.1973743 -0.9078895
0.8658735 0.1889009 -0.6230272
0.9701254 0.5464176 -0.1973743
0.9845767 0.8207472 0.272881
0.9078895 0.9701254 0.681471
0.7471625 0.9718109 0.9360634
0.5172736 0.825547 0.9791257
0.2395027 0.553601 0.8009268
-0.06043806 0.1973743 0.4417358
-0.3547843 -0.1889009 -0.01727788
-0.6162895 -0.5464176 -0.4723872
-0.8207472 -0.8207472 -0.8207472
-0.9492316 -0.9701254 -0.9836361
-0.9898492 -0.9718109 -0.9242446
-0.9388404 -0.825547 -0.6559938
-0.8009268 -0.553601 -0.2395027
-0.5888746 -0.1973743 0.2311109
-0.3223125 0.1889009 0.6494985
-0.02591518 0.5464176 0.9211134
0.272881 0.8207472 0.9845767
0.5464176 0.9701254 0.825547
0.7693745 0.9718109 0.4799615
0.9211134 0.825547 0.02591518
0.9875884 0.553601 -0.4339874
0.9626462 0.1973743 -0.7958183
0.8485956 -0.1889009 -0.9778115
0.6559938 -0.5464176 -0.9388404
0.4026693 -0.8207472 -0.6877118
0.1120712 -0.9701254 -0.2811752
-0.1889009 -0.9718109 0.1889009
-0.4723872 -0.825547 0.6162895
-0.7121464 -0.553601 0.90441
-0.885985 -0.1973743 0.9881535
-0.9778115 0.1889009 0.8485956
-0.9791257 0.5464176 0.5172736
-0.8898061 0.8207472 0.06905891
-0.7181206 0.9701254 -0.3947616
-0.4799615 0.9718109 -0.7693745
-0.1973743 0.825547 -0.9701254
0.1034832 0.553601 -0.9516491
0.3947616 0.1973743 -0.7181206
0.6494985 -0.1889009 -0.3223125
0.8441138 -0.5464176 0.1463313
0.9605927 -0.8207472 0.5819074
0.9881535 -0.9701254 0.885985
0.9242446 -0.9718109 0.9898492
0.7747821 -0.825547 0.8700289
0.553601 -0.553601 0.553601
0.2811752 -0.1973743 0.1120712
-0.01727788 0.1889009 -0.3547843
-0.3141316 0.5464176 -0.7414662
-0.5819074 0.8207472 -0.9605927
-0.7958183 0.9701254 -0.9626462
-0.9360634 0.9718109 -0.7471625
-0.9896607 0.825547 -0.3628362
-0.9516491 0.553601 0.1034832
-0.825547 0.1973743 0.5464176
-0.6230272 -0.1889009 0.8658735
-0.3628362 -0.5464176 0.9896607
-0.06905891 -0.8207472 0.8898061
0.2311109 -0.9701254 0.5888746
0.5098877 -0.9718109 0.1548701
0.7414662 -0.825547 -0.3141316
0.90441 -0.553601 -0.7121464
0.9836361 -0.1973743 -0.9492316
0.9718109 0.1889009 -0.9718109
0.8700289 0.5464176 -0.7747821
0.6877118 0.8207472 -0.4026693
0.4417358 0.9701254 0.06043806
0.1548701 0.9718109 0.5098877
-0.1463313 0.825547 0.8441138
-0.4339874 0.553601 0.9875884
-0.681471 0.1973743 0.9078895
-0.8658735 -0.1889009 0.6230272
-0.9701254 -0.5464176 0.1973743
-0.9845767 -0.8207472 -0.272881
-0.9078895 -0.9701254 -0.681471
-0.7471625 -0.9718109 -0.9360634
-0.5172736 -0.825547 -0.9791257
-0.2395027 -0.553601 -0.8009268
0.06043806 -0.1973743 -0.4417358
0.3547843 0.1889009 0.01727788
0.6162895 0.5464176 0.4723872
0.8207472 0.8207472 0.8207472
0.9492316 0.9701254 0.9836361
0.9898492 0.9718109 0.9242446
0.9388404 0.825547 0.6559938
0.8009268 0.553601 0.2395027
0.5888746 0.1973743 -0.2311109
0.3223125 -0.1889009 -0.6494985
0.02591518 -0.5464176 -0.9211134
-0.272881 -0.8207472 -0.9845767
-0.5464176 -0.9701254 -0.825547
-0.7693745 -0.9718109 -0.4799615
-0.9211134 -0.825547 -0.02591518
-0.9875884 -0.553601 0.4339874
-0.9626462 -0.1973743 0.7958183
-0.8485956 0.1889009 0.9778115
-0.6559938 0.5464176 0.9388404
-0.4026693 0.8207472 0.6877118
-0.1120712 0.9701254 0.2811752
0.1889009 0.9718109 -0.1889009
0.4723872 0.825547 -0.6162895
0.7121464 0.553601 -0.90441
0.885985 0.1973743 -0.9881535
0.9778115 -0.1889009 -0.8485956
0.9791257 -0.5464176 -0.5172736
0.8898061 -0.8207472 -0.06905891
0.7181206 -0.9701254 0.3947616
0.4799615 -0.9718109 0.7693745
0.1973743 -0.825547 0.9701254
-0.1034832 -0.553601 0.9516491
-0.3947616 -0.1973743 0.7181206
-0.6494985 0.1889009 0.3223125
-0.8441138 0.5464176 -0.1463313
-0.9605927 0.8207472 -0.5819074
-0.9881535 0.9701254 -0.885985
-0.9242446 0.9718109 -0.9898492
-0.7747821 0.825547 -0.8700289
-0.553601 0.553601 -0.553601
-0.2811752 0.1973743 -0.1120712
0.01727788 -0.1889009 0.3547843
0.3141316 -0.5464176 0.7414662
0.5819074 -0.8207472 0.9605927
0.7958183 -0.9701254 0.9626462
0.9360634 -0.9718109 0.7471625
0.9896607 -0.825547 0.3628362
0.9516491 -0.553601 -0.1034832
0.825547 -0.1973743 -0.5464176
0.6230272 0.1889009 -0.8658735
0.3628362 0.5464176 -0.9896607
0.06905891 0.8207472 -0.8898061
-0.2311109 0.9701254 -0.5888746
-0.5098877 0.9718109 -0.1548701
-0.7414662 0.825547 0.3141316
-0.90441 0.553601 0.7121464
-0.9836361 0.1973743 0.9492316
-0.9718109 -0.1889009 0.9718109
-0.8700289 -0.5464176 0.7747821
-0.6877118 -0.8207472 0.4026693
-0.4417358 -0.9701254 -0.06043806
-0.1548701 -0.9718109 -0.5098877
0.1463313 -0.825547 -0.8441138
0.4339874 -0.553601 -0.9875884
0.681471 -0.1973743 -0.9078895
0.8658735 0.1889009 -0.6230272
0.9701254 0.5464176 -0.1973743
0.9845767 0.8207472 0.272881
0.9078895 0.9701254 0.681471
0.7471625 0.9718109 0.9360634
0.5172736 0.825547 0.9791257
0.2395027 0.553601 0.8009268
-0.06043806 0.1973743 0.4417358
-0.3547843 -0.1889009 -0.01727788
-0.6162895 -0.5464176 -0.4723872
-0.8207472 -0.8207472 -0.8207472
-0.9492316 -0.9701254 -0.9836361
-0.9898492 -0.9718109 -0.9242446
-0.9388404 -0.825547 -0.6559938
-0.8009268 -0.553601 -0.2395027
-0.5888746 -0.1973743 0.2311109
-0.3223125 0.1889009 0.6494985
-0.02591518 0.5464176 0.9211134
0.272881 0.8207472 0.9845767
0.5464176 0.9701254 0.825547
0.7693745 0.9718109 0.4799615
0.9211134 0.825547 0.02591518
0.9875884 0.553601 -0.4339874
0.9626462 0.1973743 -0.7958183
0.8485956 -0.1889009 -0.9778115
0.6559938 -0.5464176 -0.9388404
0.4026693 -0.8207472 -0.6877118
0.1120712 -0.9701254 -0.2811752
-0.1889009 -0.9718109 0.1889009
-0.4723872 -0.825547 0.6162895
-0.7121464 -0.553601 0.90441
-0.885985 -0.1973743 0.9881535
-0.9778115 0.1889009 0.8485956
-0.9791257 0.5464176 0.5172736
-0.8898061 0.8207472 0.06905891
-0.7181206 0.9701254 -0.3947616
-0.4799615 0.9718109 -0.7693745
-0.1973743 0.825547 -0.9701254
0.1034832 0.553601 -0.9516491
0.3947616 0.1973743 -0.7181206
0.6494985 -0.1889009 -0.3223125
0.8441138 -0.5464176 0.1463313
0.9605927 -0.8207472 0.5819074
0.9881535 -0.9701254 0.885985
0.9242446 -0.9718109 0.9898492
0.7747821 -0.825547 0.8700289
0.553601 -0.553601 0.553601
0.2811752 -0.1973743 0.1120712
-0.01727788 0.1889009 -0.3547843
-0.3141316 0.5464176 -0.7414662
-0.5819074 0.8207472 -0.9605927
-0.7958183 0.9701254 -0.9626462
-0.9360634 0.9718109 -0.7471625
-0.9896607 0.825547 -0.3628362
-0.9516491 0.553601 0.1034832
-0.825547 0.1973743 0.5464176
-0.6230272 -0.1889009 0.8658735
-0.3628362 -0.5464176 0.9896607
-0.06905891 -0.8207472 0.8898061
0.2311109 -0.9701254 0.5888746
0.5098877 -0.9718109 0.1548701
0.7414662 -0.825547 -0.3141316
0.90441 -0.553601 -0.7121464
0.9836361 -0.1973743 -0.9492316
0.9718109 0.1889009 -0.9718109
0.8700289 0.5464176 -0.7747821
0.6877118 0.8207472 -0.4026693
0.4417358 0.9701254 0.06043806
0.1548701 0.9718109 0.5098877
-0.1463313 0.825547 0.8441138
-0.4339874 0.553601 0.9875884
-0.681471 0.1973743 0.9078895
-0.8658735 -0.1889009 0.6230272
-0.9701254 -0.5464176 0.1973743
-0.9845767 -0.8207472 -0.272881
-0.9078895 -0.9701254 -0.681471
-0.7471625 -0.9718109 -0.9360634
-0.5172736 -0.825547 -0.9791257
-0.2395027 -0.553601 -0.8009268
0.06043806 -0.1973743 -0.4417358
0.3547843 0.1889009 0.01727788
0.6162895 0.5464176 0.4723872
0.8207472 0.8207472 0.8207472
0.9492316 0.9701254 0.9836361
0.9898492 0.9718109 0.9242446
0.9388404 0.825547 0.6559938
0.8009268 0.553601 0.2395027
0.5888746 0.1973743 -0.2311109
0.3223125 -0.1889009 -0.6494985
0.02591518 -0.5464176 -0.9211134
-0.272881 -0.8207472 -0.9845767
-0.5464176 -0.9701254 -0.825547
-0.7693745 -0.9718109 -0.4799615
-0.9211134 -0.825547 -0.02591518
-0.9875884 -0.553601 0.4339874
-0.9626462 -0.1973743 0.7958183
-0.8485956 0.1889009 0.9778115
-0.6559938 0.5464176 0.9388404
-0.4026693 0.8207472 0.6877118
-0.1120712 0.9701254 0.2811752
0.1889009 0.9718109 -0.1889009
0.4723872 0.825547 -0.6162895
0.7121464 0.553601 -0.90441
0.885985 0.1973743 -0.9881535
0.9778115 -0.1889009 -0.8485956
0.9791257 -0.5464176 -0.5172736
0.8898061 -0.8207472 -0.06905891
0.7181206 -0.9701254 0.3947616
0.4799615 -0.9718109 0.7693745
0.1973743 -0.825547 0.9701254
-0.1034832 -0.553601 0.9516491
-0.3947616 -0.1973743 0.7181206
-0.6494985 0.1889009 0.3223125
-0.8441138 0.5464176 -0.1463313
-0.9605927 0.8207472 -0.5819074
-0.9881535 0.9701254 -0.885985
-0.9242446 0.9718109 -0.9898492
-0.7747821 0.825547 -0.8700289
-0.553601 0.553601 -0.553601
-0.2811752 0.1973743 -0.1120712
0.01727788 -0.1889009 0.3547843
0.3141316 -0.5464176 0.7414662
0.5819074 -0.8207472 0.9605927
0.7958183 -0.9701254 0.9626462
0.9360634 -0.9718109 0.7471625
0.9896607 -0.825547 0.3628362
0.9516491 -0.553601 -0.1034832
0.825547 -0.1973743 -0.5464176
0.6230272 0.1889009 -0.8658735
0.3628362 0.5464176 -0.9896607
0.06905891 0.8207472 -0.8898061
-0.2311109 0.9701254 -0.5888746
-0.5098877 0.9718109 -0.1548701
-0.7414662 0.825547 0.3141316
-0.90441 0.553601 0.7121464
-0.9836361 0.1973743 0.9492316
-0.9718109 -0.1889009 0.9718109
-0.8700289 -0.5464176 0.7747821
-0.6877118 -0.8207472 0.4026693
-0.4417358 -0.9701254 -0.06043806
-0.1548701 -0.9718109 -0.5098877
0.1463313 -0.825547 -0.8441138
0.4339874 -0.553601 -0.9875884
0.681471 -0.1973743 -0.9078895
0.8658735 0.1889009 -0.6230272
0.9701254 0.5464176 -0.1973743
0.9845767 0.8207472 0.272881
0.9078895 0.9701254 0.681471
0.7471625 0.9718109 0.9360634
0.5172736 0.825547 0.9791257
0.2395027 0.553601 0.8009268
-0.06043806 0.1973743 0.4417358
-0.3547843 -0.1889009 -0.01727788
-0.6162895 -0.5464176 -0.4723872
-0.8207472 -0.8207472 -0.8207472
-0.9492316 -0.9701254 -0.9836361
-0.9898492 -0.9718109 -0.9242446
-0.9388404 -0.825547 -0.6559938
-0.8009268 -0.553601 -0.2395027
-0.5888746 -0.1973743 0.2311109
-0.3223125 0.1889009 0.6494985
-0.02591518 0.5464176 0.9211134
0.272881 0.8207472 0.9845767
0.5464176 0.9701254 0.825547
0.7693745 0.9718109 0.4799615
0.9211134 0.825547 0.02591518
0.9875884 0.553601 -0.4339874
0.9626462 0.1973743 -0.7958183
0.8485956 -0.1889009 -0.9778115
0.6559938 -0.5464176 -0.9388404
0.4026693 -0.8207472 -0.6877118
0.1120712 -0.9701254 -0.2811752
-0.1889009 -0.9718109 0.1889009
-0.4723872 -0.825547 0.6162895
-0.7121464 -0.553601 0.90441
-0.885985 -0.1973743 0.9881535
-0.9778115 0.1889009 0.8485956
-0.9791257 0.5464176 0.5172736
-0.8898061 0.8207472 0.06905891
-0.7181206 0.9701254 -0.3947616
-0.4799615 0.9718109 -0.7693745
-0.1973743 0.825547 -0.9701254
0.1034832 0.553601 -0.9516491
0.3947616 0.1973743 -0.7181206
0.6494985 -0.1889009 -0.3223125
0.8441138 -0.5464176 0.1463313
0.9605927 -0.8207472 0.5819074
0.9881535 -0.9701254 0.885985
0.9242446 -0.9718109 0.9898492
0.7747821 -0.825547 0.8700289
0.553601 -0.553601 0.553601
0.2811752 -0.1973743 0.1120712
-0.01727788 0.1889009 -0.3547843
-0.3141316 0.5464176 -0.7414662
-0.5819074 0.8207472 -0.9605927
-0.7958183 0.9701254 -0.9626462
-0.9360634 0.9718109 -0.7471625
-0.9896607 0.825547 -0.3628362
-0.9516491 0.553601 0.1034832
-0.825547 0.1973743 0.5464176
-0.6230272 -0.1889009 0.8658735
-0.3628362 -0.5464176 0.9896607
-0.06905891 -0.8207472 0.8898061
0.2311109 -0.9701254 0.5888746
0.5098877 -0.9718109 0.1548701
0.7414662 -0.825547 -0.3141316
0.90441 -0.553601 -0.7121464
0.9836361 -0.1973743 -0.9492316
0.9718109 0.1889009 -0.9718109
0.8700289 0.5464176 -0.7747821
0.6877118 0.8207472 -0.4026693
0.4417358 0.9701254 0.06043806
0.1548701 0.9718109 0.5098877
-0.1463313 0.825547 0.8441138
-0.4339874 0.553601 0.9875884
-0.681471 0.1973743 0.9078895
-0.8658735 -0.1889009 0.6230272
-0.9701254 -0.5464176 0.1973743
-0.9845767 -0.8207472 -0.272881
-0.9078895 -0.9701254 -0.681471
-0.7471625 -0.9718109 -0.9360634
-0.5172736 -0.825547 -0.9791257
-0.2395027 -0.553601 -0.8009268
0.06043806 -0.1973743 -0.4417358
0.3547843 0.1889009 0.01727788
0.6162895 0.5464176 0.4723872
0.8207472 0.8207472 0.8207472
0.9492316 0.9701254 0.9836361
0.9898492 0.9718109 0.9242446
0.9388404 0.825547 0.6559938
0.8009268 0.553601 0.2395027
0.5888746 0.1973743 -0.2311109
0.3223125 -0.1889009 -0.6494985
0.02591518 -0.5464176 -0.9211134
-0.272881 -0.8207472 -0.9845767
-0.5464176 -0.9701254 -0.825547
-0.7693745 -0.9718109 -0.4799615
-0.9211134 -0.825547 -0.02591518
-0.9875884 -0.553601 0.4339874
-0.9626462 -0.1973743 0.7958183
-0.8485956 0.1889009 0.9778115
-0.6559938 0.5464176 0.9388404
-0.4026693 0.8207472 0.6877118
-0.1120712 0.9701254 0.2811752
0.1889009 0.9718109 -0.1889009
0.4723872 0.825547 -0.6162895
0.7121464 0.553601 -0.90441
0.885985 0.1973743 -0.9881535
0.9778115 -0.1889009 -0.8485956
0.9791257 -0.5464176 -0.5172736
0.8898061 -0.8207472 -0.06905891
0.7181206 -0.9701254 0.3947616
0.4799615 -0.9718109 0.7693745
0.1973743 -0.825547 0.9701254
-0.1034832 -0.553601 0.9516491
-0.3947616 -0.1973743 0.7181206
-0.6494985 0.1889009 0.3223125
-0.8441138 0.5464176 -0.1463313
-0.9605927 0.8207472 -0.5819074
-0.9881535 0.9701254 -0.885985
-0.9242446 0.9718109 -0.9898492
-0.7747821 0.825547 -0.8700289
-0.553601 0.553601 -0.553601
-0.2811752 0.1973743 -0.1120712
0.01727788 -0.1889009 0.3547843
0.3141316 -0.5464176 0.7414662
0.5819074 -0.8207472 0.9605927
0.7958183 -0.9701254 0.9626462
0.9360634 -0.9718109 0.7471625
0.9896607 -0.825547 0.3628362
0.9516491 -0.553601 -0.1034832
0.825547 -0.1973743 -0.5464176
0.6230272 0.1889009 -0.8658735
0.3628362 0.5464176 -0.9896607
0.06905891 0.8207472 -0.8898061
-0.2311109 0.9701254 -0.5888746
-0.5098877 0.9718109 -0.1548701
-0.7414662 0.825547 0.3141316
-0.90441 0.553601 0.7121464
-0.9836361 0.1973743 0.9492316
-0.9718109 -0.1889009 0.9718109
-0.8700289 -0.5464176 0.7747821
-0.6877118 -0.8207472 0.4026693
-0.4417358 -0.9701254 -0.06043806
-0.1548701 -0.9718109 -0.5098877
0.1463313 -0.825547 -0.8441138
0.4339874 -0.553601 -0.9875884
0.681471 -0.1973743 -0.9078895
0.8658735 0.1889009 -0.6230272
0.9701254 0.5464176 -0.1973743
0.9845767 0.8207472 0.272881
0.9078895 0.9701254 0.681471
0.7471625 0.9718109 0.9360634
0.5172736 0.825547 0.9791257
0.2395027 0.553601 0.8009268
-0.06043806 0.1973743 0.4417358
-0.3547843 -0.1889009 -0.01727788
-0.6162895 -0.5464176 -0.4723872
-0.8207472 -0.8207472 -0.8207472
-0.9492316 -0.9701254 -0.9836361
-0.9898492 -0.9718109 -0.9242446
-0.9388404 -0.825547 -0.6559938
-0.8009268 -0.553601 -0.2395027
-0.5888746 -0.1973743 0.2311109
-0.3223125 0.1889009 0.6494985
-0.02591518 0.5464176 0.9211134
0.272881 0.8207472 0.9845767
0.5464176 0.9701254 0.825547
0.7693745 0.9718109 0.4799615
0.9211134 0.825547 0.02591518
0.9875884 0.553601 -0.4339874
0.9626462 0.1973743 -0.7958183
0.8485956 -0.1889009 -0.9778115
0.6559938 -0.5464176 -0.9388404
0.4026693 -0.8207472 -0.6877118
0.1120712 -0.9701254 -0.2811752
-0.1889009 -0.9718109 0.1889009
-0.4723872 -0.825547 0.6162895
-0.7121464 -0.553601 0.90441
-0.885985 -0.1973743 0.9881535
-0.9778115 0.1889009 0.8485956
-0.9791257 0.5464176 0.5172736
-0.8898061 0.8207472 0.06905891
-0.7181206 0.9701254 -0.3947616
-0.4799615 0.9718109 -0.7693745
-0.1973743 0.825547 -0.9701254
0.1034832 0.553601 -0.9516491
0.3947616 0.1973743 -0.7181206
0.6494985 -0.1889009 -0.3223125
0.8441138 -0.5464176 0.1463313
0.9605927 -0.8207472 0.5819074
0.9881535 -0.9701254 0.885985
0.9242446 -0.9718109 0.9898492
0.7747821 -0.825547 0.8700289
0.553601 -0.553601 0.553601
0.2811752 -0.1973743 0.1120712
-0.01727788 0.1889009 -0.3547843
-0.3141316 0.5464176 -0.7414662
-0.5819074 0.8207472 -0.9605927
-0.7958183 0.9701254 -0.9626462
-0.9360634 0.9718109 -0.7471625
-0.9896607 0.825547 -0.3628362
-0.9516491 0.553601 0.1034832
-0.825547 0.1973743 0.5464176
-0.6230272 -0.1889009 0.8658735
-0.3628362 -0.5464176 0.9896607
-0.06905891 -0.8207472 0.8898061
0.2311109 -0.9701254 0.5888746
0.5098877 -0.9718109 0.1548701
0.7414662 -0.825547 -0.3141316
0.90441 -0.553601 -0.7121464
0.9836361 -0.1973743 -0.9492316
0.9718109 0.1889009 -0.9718109
0.8700289 0.5464176 -0.7747821
0.6877118 0.8207472 -0.4026693
0.4417358 0.9701254 0.06043806
0.1548701 0.9718109 0.5098877
-0.1463313 0.825547 0.8441138
-0.4339874 0.553601 0.9875884
-0.681471 0.1973743 0.9078895
-0.8658735 -0.1889009 0.6230272
-0.9701254 -0.5464176 0.1973743
-0.9845767 -0.8207472 -0.272881
-0.9078895 -0.9701254 -0.681471
-0.7471625 -0.9718109 -0.9360634
-0.5172736 -0.825547 -0.9791257
-0.2395027 -0.553601 -0.8009268
0.06043806 -0.1973743 -0.4417358
0.3547843 0.1889009 0.01727788
0.6162895 0.5464176 0.4723872
0.8207472 0.8207472 0.8207472
0.9492316 0.9701254 0.9836361
0.9898492 0.9718109 0.9242446
0.9388404 0.825547 0.6559938
0.8009268 0.553601 0.2395027
0.5888746 0.1973743 -0.2311109
0.3223125 -0.1889009 -0.6494985
0.02591518 -0.5464176 -0.9211134
-0.272881 -0.8207472 -0.9845767
-0.5464176 -0.9701254 -0.825547
-0.7693745 -0.9718109 -0.4799615
-0.9211134 -0.825547 -0.02591518
-0.9875884 -0.553601 0.4339874
-0.9626462 -0.1973743 0.7958183
-0.8485956 0.1889009 0.9778115
-0.6559938 0.5464176 0.9388404
-0.4026693 0.8207472 0.6877118
-0.1120712 0.9701254 0.2811752
0.1889009 0.9718109 -0.1889009
0.4723872 0.825547 -0.6162895
0.7121464 0.553601 -0.90441
0.885985 0.1973743 -0.9881535
0.9778115 -0.1889009 -0.8485956
0.9791257 -0.5464176 -0.5172736
0.8898061 -0.8207472 -0.06905891
0.7181206 -0.9701254 0.3947616
0.4799615 -0.9718109 0.7693745
0.1973743 -0.825547 0.9701254
-0.1034832 -0.553601 0.9516491
-0.3947616 -0.1973743 0.7181206
-0.6494985 0.1889009 0.3223125
-0.8441138 0.5464176 -0.1463313
-0.9605927 0.8207472 -0.5819074
-0.9881535 0.9701254 -0.885985
-0.9242446 0.9718109 -0.9898492
-0.7747821 0.825547 -0.8700289
-0.553601 0.553601 -0.553601
-0.2811752 0.1973743 -0.1120712
0.01727788 -0.1889009 0.3547843
0.3141316 -0.5464176 0.7414662
0.5819074 -0.8207472 0.9605927
0.7958183 -0.9701254 0.9626462
0.9360634 -0.9718109 0.7471625
0.9896607 -0.825547 0.3628362
0.9516491 -0.553601 -0.1034832
0.825547 -0.1973743 -0.5464176
0.6230272 0.1889009 -0.8658735
0.3628362 0.5464176 -0.9896607
0.06905891 0.8207472 -0.8898061
-0.2311109 0.9701254 -0.5888746
-0.5098877 0.9718109 -0.1548701
-0.7414662 0.825547 0.3141316
-0.90441 0.553601 0.7121464
-0.9836361 0.1973743 0.9492316
-0.9718109 -0.1889009 0.9718109
-0.8700289 -0.5464176 0.7747821
-0.6877118 -0.8207472 0.4026693
-0.4417358 -0.9701254 -0.06043806
-0.1548701 -0.9718109 -0.5098877
0.1463313 -0.825547 -0.8441138
0.4339874 -0.553601 -0.9875884
0.681471 -0.1973743 -0.9078895
0.8658735 0.1889009 -0.6230272
0.9701254 0.5464176 -0.1973743
0.9845767 0.8207472 0.272881
0.9078895 0.9701254 0.681471
0.7471625 0.9718109 0.9360634
0.5172736 0.825547 0.9791257
0.2395027 0.553601 0.8009268
-0.06043806 0.1973743 0.4417358
-0.3547843 -0.1889009 -0.01727788
-0.6162895 -0.5464176 -0.4723872
-0.8207472 -0.8207472 -0.8207472
-0.9492316 -0.9701254 -0.9836361
-0.9898492 -0.9718109 -0.9242446
-0.9388404 -0.825547 -0.6559938
-0.8009268 -0.553601 -0.2395027
-0.5888746 -0.1973743 0.2311109
-0.3223125 0.1889009 0.6494985
-0.02591518 0.5464176 0.9211134
0.272881 0.8207472 0.9845767
0.5464176 0.9701254 0.825547
0.7693745 0.9718109 0.4799615
0.9211134 0.825547 0.02591518
0.9875884 0.553601 -0.4339874
0.9626462 0.1973743 -0.7958183
0.8485956 -0.1889009 -0.9778115
0.6559938 -0.5464176 -0.9388404
0.4026693 -0.8207472 -0.6877118
0.1120712 -0.9701254 -0.2811752
-0.1889009 -0.9718109 0.1889009
-0.4723872 -0.825547 0.6162895
-0.7121464 -0.553601 0.90441
-0.885985 -0.1973743 0.9881535
-0.9778115 0.1889009 0.8485956
-0.9791257 0.5464176 0.5172736
-0.8898061 0.8207472 0.06905891
-0.7181206 0.9701254 -0.3947616
-0.4799615 0.9718109 -0.7693745
-0.1973743 0.825547 -0.9701254
0.1034832 0.553601 -0.9516491
0.3947616 0.1973743 -0.7181206
0.6494985 -0.1889009 -0.3223125
0.8441138 -0.5464176 0.1463313
0.9605927 -0.8207472 0.5819074
0.9881535 -0.9701254 0.885985
0.9242446 -0.9718109 0.9898492
0.7747821 -0.825547 0.8700289
0.553601 -0.553601 0.553601
0.2811752 -0.1973743 0.1120712
-0.01727788 0.1889009 -0.3547843
-0.3141316 0.5464176 -0.7414662
-0.5819074 0.8207472 -0.9605927
-0.7958183 0.9701254 -0.9626462
-0.9360634 0.9718109 -0.7471625
-0.9896607 0.825547 -0.3628362
-0.9516491 0.553601 0.1034832
-0.825547 0.1973743 0.5464176
-0.6230272 -0.1889009 0.8658735
-0.3628362 -0.5464176 0.9896607
-0.06905891 -0.8207472 0.8898061
0.2311109 -0.9701254 0.5888746
0.5098877 -0.9718109 0.1548701
0.7414662 -0.825547 -0.3141316
0.90441 -0.553601 -0.7121464
0.9836361 -0.1973743 -0.9492316
0.9718109 0.1889009 -0.9718109
0.8700289 0.5464176 -0.7747821
0.6877118 0.8207472 -0.4026693
0.4417358 0.9701254 0.06043806
0.1548701 0.9718109 0.5098877
-0.1463313 0.825547 0.8441138
-0.4339874 0.553601 0.9875884
-0.681471 0.1973743 0.9078895
-0.8658735 -0.1889009 0.6230272
-0.9701254 -0.5464176 0.1973743
