# channels number
1
# samples number
1400
# sampling rate
0.89
# start date
01-01-0001
# start time
00:00:00.000
# channels names
Model_7_1
-0.3987855
0.1053972
0.1987939
-0.4778583
0.6990285
-0.8365452
0.8746562
-0.8094181
0.6490964
-0.4131227
0.1297416
0.1673685
-0.4430967
0.6650482
-0.8073487
0.8536599
-0.7990524
0.6505247
-0.4261111
0.1526946
0.1372126
-0.4093338
0.6316795
-0.7783069
0.8323455
-0.787936
0.6508605
-0.4377962
0.1742882
0.1083117
-0.376574
0.5989452
-0.7494579
0.810762
-0.776123
0.6501568
-0.4482232
0.1945547
0.08065002
-0.3448199
0.5668657
-0.7208377
0.7889566
-0.763666
0.6484653
-0.457437
0.2135269
0.05421064
-0.3140724
0.5354597
-0.69248
0.7669744
-0.7506159
0.6458368
-0.4654822
0.2312381
0.02897551
-0.2843307
0.5047435
-0.6644167
0.7448584
-0.7370222
0.6423211
-0.4724033
0.247722
0.004925553
-0.2555926
0.4747318
-0.6366775
0.7226501
-0.7229329
0.6379672
-0.4782442
0.2630125
-0.01795922
-0.2278541
0.4454375
-0.6092902
0.7003888
-0.7083941
0.6328226
-0.4830484
0.2771438
-0.03969965
-0.2011103
0.4168716
-0.5822808
0.6781121
-0.6934507
0.626934
-0.4868588
0.2901502
-0.06031737
-0.1753547
0.3890435
-0.5556732
0.6558558
-0.678146
0.620347
-0.489718
0.3020661
-0.07983474
-0.1505794
0.361961
-0.5294897
0.6336538
-0.6625215
0.613106
-0.4916679
0.312926
-0.09827472
-0.1267758
0.3356303
-0.5037508
0.6115385
-0.6466176
0.6052544
-0.4927498
0.3227643
-0.1156609
-0.1039337
0.3100561
-0.4784752
0.5895404
-0.6304727
0.596834
-0.4930042
0.3316154
-0.1320173
-0.08204231
0.2852417
-0.4536801
0.5676882
-0.614124
0.5878861
-0.4924711
0.3395135
-0.1473684
-0.06108958
0.2611891
-0.429381
0.5460094
-0.5976071
0.5784503
-0.4911898
0.3464926
-0.1617392
-0.04106267
0.2378989
-0.405592
0.5245295
-0.5809563
0.5685654
-0.4891988
0.3525866
-0.1751548
-0.02194794
0.2153706
-0.3823256
0.5032725
-0.5642043
0.5582687
-0.4865358
0.357829
-0.1876407
-0.003730935
0.1936024
-0.3595928
0.482261
-0.5473823
0.5475965
-0.4832379
0.3622533
-0.1992228
0.01360348
0.1725916
-0.3374034
0.4615161
-0.5305201
0.5365838
-0.479341
0.3658923
-0.2099268
0.0300711
0.152334
-0.3157657
0.4410574
-0.5136463
0.5252648
-0.4748806
0.3687786
-0.2197787
0.04568831
0.132825
-0.2946869
0.4209031
-0.4967879
0.5136719
-0.4698913
0.3709444
-0.2288046
0.06047203
0.1140587
-0.2741728
0.40107
-0.4799707
0.501837
-0.4644064
0.3724213
-0.2370306
0.07443967
0.09602822
-0.2542282
0.3815736
-0.4632191
0.4897903
-0.458459
0.3732408
-0.2444827
0.08760908
0.07872618
-0.2348567
0.3624283
-0.4465563
0.4775611
-0.452081
0.3734335
-0.2511871
0.09999847
0.06214419
-0.2160606
0.3436469
-0.430004
0.4651775
-0.4453032
0.3730297
-0.2571696
0.1116264
0.04627322
-0.1978416
0.3252412
-0.4135831
0.4526666
-0.4381559
0.3720592
-0.262456
0.1225118
0.03110354
-0.1802001
0.3072218
-0.3973128
0.4400542
-0.4306684
0.370551
-0.267072
0.1326736
0.0166248
-0.1631357
0.2895983
-0.3812113
0.4273651
-0.422869
0.3685339
-0.271043
0.1421313
0.002826053
-0.1466471
0.272379
-0.3652959
0.414623
-0.4147852
0.3660358
-0.2743942
0.1509043
-0.01030416
-0.1307321
0.2555713
-0.3495823
0.4018505
-0.4064436
0.3630841
-0.2771507
0.1590122
-0.02277781
-0.1153877
0.2391815
-0.3340856
0.3890691
-0.3978698
0.3597055
-0.2793369
0.1664747
-0.0346073
-0.1006103
0.223215
-0.3188194
0.3762995
-0.3890886
0.3559262
-0.2809774
0.1733115
-0.04580545
-0.08639546
0.2076764
-0.3037965
0.3635611
-0.380124
0.3517717
-0.2820961
0.1795424
-0.05638545
-0.07273804
0.192569
-0.2890287
0.3508723
-0.370999
0.3472667
-0.2827169
0.1851871
-0.06636082
-0.05963233
0.1778957
-0.2745268
0.3382508
-0.3617359
0.3424356
-0.2828628
0.1902655
-0.07574535
-0.04707206
0.1636584
-0.2603005
0.3257131
-0.3523557
0.3373016
-0.282557
0.194797
-0.08455312
-0.03505035
0.1498581
-0.2463588
0.3132747
-0.3428791
0.3318878
-0.2818218
0.1988013
-0.09279839
-0.02355985
0.1364953
-0.2327098
0.3009506
-0.3333257
0.3262163
-0.2806795
0.2022977
-0.1004957
-0.0125927
0.1235696
-0.2193606
0.2887543
-0.3237142
0.3203085
-0.2791516
0.2053056
-0.1076595
-0.002140636
0.1110801
-0.2063176
0.2766989
-0.3140624
0.3141853
-0.2772594
0.2078441
-0.1143048
0.007805043
0.099025
-0.1935863
0.2647964
-0.3043877
0.3078668
-0.2750235
0.209932
-0.1204462
0.0172534
0.08740219
-0.1811717
0.2530582
-0.2947063
0.3013725
-0.2724644
0.211588
-0.1260988
0.02621382
0.07620881
-0.1690776
0.2414946
-0.2850338
0.294721
-0.2696017
0.2128306
-0.1312774
0.03469603
0.06544155
-0.1573076
0.2301153
-0.2753848
0.2879307
-0.2664548
0.213678
-0.1359971
0.04271001
0.05509652
-0.1458643
0.2189292
-0.2657735
0.2810189
-0.2630424
0.2141482
-0.1402728
0.05026601
0.04516941
-0.1347498
0.2079445
-0.2562132
0.2740023
-0.259383
0.2142587
-0.1441195
0.05737446
0.03565544
-0.1239655
0.1971686
-0.2467163
0.2668972
-0.2554942
0.2140271
-0.1475519
0.06404603
0.02654942
-0.1135123
0.1866082
-0.2372947
0.259719
-0.2513935
0.2134702
-0.150585
0.07029154
0.01784576
-0.1033904
0.1762696
-0.2279596
0.2524826
-0.2470975
0.2126049
-0.1532335
0.07612195
0.009538534
-0.09359968
0.166158
-0.2187213
0.2452022
-0.2426226
0.2114476
-0.1555119
0.08154833
0.001621457
-0.08413927
0.1562784
-0.2095898
0.2378914
-0.2379844
0.2100143
-0.1574346
0.08658186
-0.005912048
-0.07500798
0.1466349
-0.2005741
0.2305631
-0.2331984
0.2083208
-0.1590161
0.09123379
-0.01306885
-0.06620411
0.1372312
-0.1916828
0.2232298
-0.2282791
0.2063823
-0.1602705
0.09551541
-0.01985606
-0.05772552
0.1280704
-0.1829237
0.2159031
-0.2232409
0.2042139
-0.1612117
0.09943805
-0.02628103
-0.04956969
0.119155
-0.1743043
0.2085944
-0.2180974
0.2018302
-0.1618536
0.1030131
-0.03235134
-0.0417337
0.1104871
-0.1658312
0.2013142
-0.212862
0.1992455
-0.1622098
0.1062518
-0.03807475
-0.03421425
0.1020683
-0.1575107
0.1940725
-0.2075472
0.1964736
-0.1622935
0.1091655
-0.04345915
-0.02700775
0.09389956
-0.1493483
0.186879
-0.2021653
0.193528
-0.162118
0.1117654
-0.04851264
-0.02011026
0.08598161
-0.1413492
0.1797425
-0.1967281
0.1904218
-0.1616962
0.1140629
-0.05324339
-0.01351754
0.07831465
-0.1335181
0.1726714
-0.1912468
0.1871677
-0.1610408
0.116069
-0.05765972
-0.007225107
0.0708985
-0.1258589
0.1656738
-0.1857321
0.1837781
-0.1601642
0.1177948
-0.06177002
-0.001228197
0.06373256
-0.1183754
0.1587569
-0.1801944
0.1802649
-0.1590785
0.1192513
-0.06558274
0.00447817
0.05681593
-0.1110708
0.1519279
-0.1746435
0.1766396
-0.1577957
0.1204492
-0.06910641
0.009899194
0.0501473
-0.1039479
0.145193
-0.1690888
0.1729135
-0.1563274
0.1213993
-0.07234959
0.01504027
0.04372507
-0.09700886
0.1385583
-0.1635391
0.1690972
-0.1546849
0.1221123
-0.07532085
0.01990697
0.03754731
-0.09025577
0.1320294
-0.158003
0.1652012
-0.1528793
0.1225985
-0.0780288
0.02450502
0.03161182
-0.08369015
0.1256114
-0.1524885
0.1612355
-0.1509215
0.1228682
-0.080482
0.02884029
0.02591611
-0.07731316
0.1193089
-0.1470032
0.1572098
-0.1488219
0.1229317
-0.08268903
0.03291879
0.02045743
-0.07112564
0.1131261
-0.1415543
0.1531332
-0.1465907
0.1227988
-0.08465843
0.03674663
0.01523282
-0.06512807
0.1070671
-0.1361486
0.1490147
-0.1442379
0.1224793
-0.08639868
0.04033002
0.01023907
-0.05932062
0.1011353
-0.1307926
0.1448628
-0.141773
0.1219828
-0.08791824
0.04367523
0.005472767
-0.05370314
0.09533373
-0.1254921
0.1406856
-0.1392055
0.1213188
-0.08922546
0.04678864
0.0009303167
-0.0482752
0.08966526
-0.1202528
0.136491
-0.1365444
0.1204964
-0.09032866
0.04967664
-0.003392058
-0.04303609
0.08413228
-0.1150801
0.1322864
-0.1337984
0.1195247
-0.09123605
0.0523457
-0.007498295
-0.03798483
0.07873688
-0.1099786
0.1280788
-0.1309759
0.1184125
-0.09195575
0.05480229
-0.01139248
-0.03312021
0.07348083
-0.1049531
0.1238752
-0.1280852
0.1171684
-0.09249579
0.05705292
-0.01507883
-0.02844078
0.0683656
-0.1000077
0.1196818
-0.1251342
0.1158008
-0.09286407
0.05910409
-0.0185617
-0.02394485
0.06339237
-0.09514623
0.1155047
-0.1221303
0.1143178
-0.09306841
0.06096231
-0.02184552
-0.01963055
0.05856203
-0.09037229
0.1113498
-0.1190809
0.1127274
-0.09311646
0.06263406
-0.02493484
-0.01549579
0.05387519
-0.08568911
0.1072225
-0.115993
0.1110373
-0.09301578
0.06412581
-0.02783429
-0.01153833
0.04933224
-0.08109961
0.1031279
-0.1128734
0.1092552
-0.09277377
0.06544399
-0.03054858
-0.007755737
0.0449333
-0.07660644
0.09907082
-0.1097285
0.1073881
-0.09239772
0.066595
-0.03308246
-0.00414543
0.04067826
-0.07221197
0.09505589
-0.1065644
0.1054433
-0.09189475
0.06758518
-0.03544076
-0.0007046825
0.03656678
-0.06791831
0.09108733
-0.1033872
0.1034276
-0.09127184
0.06842081
-0.03762832
0.002569365
0.03259834
-0.06372727
0.08716913
-0.1002023
0.1013476
-0.09053583
0.06910813
-0.03965004
0.005679697
0.02877219
-0.05964044
0.08330498
-0.09701525
0.0992097
-0.08969337
0.06965328
-0.04151082
0.008629407
0.02508741
-0.05565917
0.07949832
-0.09383111
0.0970201
-0.08875099
0.07006234
-0.0432156
0.01142169
0.0215429
-0.05178456
0.07575234
-0.09065475
0.09478477
-0.08771504
0.0703413
-0.04476929
0.01405984
0.01813739
-0.04801751
0.07206995
-0.08749079
0.09250943
-0.08659173
0.07049607
-0.04617682
0.01654722
0.01486945
-0.04435869
0.06845386
-0.08434358
0.09019963
-0.08538707
0.07053247
-0.04744311
0.01888727
0.01173752
-0.04080858
0.06490651
-0.08121727
0.08786068
-0.08410691
0.07045621
-0.04857306
0.02108351
0.008739883
-0.03736746
0.06143012
-0.07811575
0.08549768
-0.08275697
0.0702729
-0.04957154
0.02313948
0.0058747
-0.03403541
0.0580267
-0.07504269
0.0831155
-0.08134276
0.06998805
-0.05044339
0.02505881
0.003140019
-0.03081236
0.05469805
-0.07200152
0.08071884
-0.07986964
0.06960707
-0.05119342
0.02684514
0.0005337724
-0.02769806
0.05144575
-0.06899548
0.07831217
-0.07834281
0.06913524
-0.05182638
0.02850214
-0.001946205
-0.0246921
0.04827118
-0.06602758
0.07589975
-0.07676727
0.06857773
-0.052347
0.03003352
-0.004302172
-0.02179393
0.04517555
-0.06310062
0.07348567
-0.07514789
0.06793959
-0.05275993
0.031443
-0.006536474
-0.01900284
0.04215988
-0.06021721
0.07107379
-0.07348935
0.06722578
-0.05306978
0.03273431
-0.008651532
-0.016318
0.039225
-0.05737975
0.06866781
-0.07179616
0.06644109
-0.05328108
0.03391118
-0.01064984
-0.01373844
0.03637159
-0.05459048
0.06627122
-0.07007267
0.06559022
-0.05339832
0.03497733
-0.01253394
-0.01126309
0.03360016
-0.05185141
0.06388732
-0.06832308
0.06467772
-0.05342589
0.0359365
-0.01430645
-0.008890764
0.03091108
-0.04916442
0.06151925
-0.0665514
0.06370805
-0.05336812
0.0367924
-0.01597002
-0.006620157
0.02830454
-0.04653117
0.05916996
-0.0647615
0.06268552
-0.05322927
0.03754871
-0.01752735
-0.004449881
0.02578063
-0.04395321
0.05684222
-0.06295709
0.0616143
-0.05301351
0.03820911
-0.01898118
-0.002378454
0.02333929
-0.04143187
0.05453864
-0.06114171
0.06049847
-0.05272493
0.03877722
-0.02033426
-0.000404314
0.02098031
-0.03896836
0.05226167
-0.05931874
0.05934194
-0.05236753
0.03925668
-0.02158938
0.001474182
0.01870341
-0.03656374
0.05001359
-0.05749141
0.05814853
-0.05194524
0.03965103
-0.02274935
0.003258745
0.01650814
-0.0342189
0.04779652
-0.05566283
0.05692191
-0.05146188
0.03996381
-0.02381698
0.004951152
0.01439399
-0.03193464
0.04561244
-0.05383592
0.05566562
-0.05092118
0.0401985
-0.0247951
0.006553234
0.01236031
-0.02971157
0.04346316
-0.05201348
0.05438308
-0.05032681
0.04035856
-0.02568653
0.00806688
0.01040639
-0.02755021
0.04135038
-0.05019814
0.0530776
-0.0496823
0.04044736
-0.02649411
0.009494022
0.0085314
-0.02545095
0.03927564
-0.04839242
0.05175235
-0.04899112
0.04046825
-0.02722065
0.01083664
0.006734443
-0.02341406
0.03724033
-0.04659869
0.05041037
-0.04825663
0.04042449
-0.02786896
0.01209673
0.005014537
-0.02143971
0.03524574
-0.04481918
0.04905458
-0.0474821
0.04031932
-0.02844184
0.01327636
0.003370629
-0.01952793
0.03329302
-0.043056
0.0476878
-0.04667069
0.04015588
-0.02894207
0.01437758
0.001801596
-0.0176787
0.03138319
-0.04131112
0.04631271
-0.04582548
0.0399373
-0.0293724
0.01540249
0.0003062538
-0.01589186
0.02951717
-0.0395864
0.04493187
-0.04494945
0.03966658
-0.02973556
0.0163532
-0.001116642
-0.01416718
0.02769575
-0.03788355
0.04354774
-0.04404549
0.03934671
-0.03003427
0.01723184
-0.002468386
-0.01250434
0.02591963
-0.0362042
0.04216265
-0.04311636
0.03898058
-0.03027119
0.01804053
-0.003750324
-0.01090294
0.02418937
-0.03454983
0.04077883
-0.04216476
0.03857102
-0.03044897
0.01878142
-0.004963846
-0.009362506
0.02250548
-0.03292183
0.03939839
-0.04119329
0.0381208
-0.0305702
0.01945665
-0.00611038
-0.007882477
0.02086832
-0.03132147
0.03802334
-0.04020443
0.03763261
-0.03063747
0.02006836
-0.007191391
-0.006462238
0.01927821
-0.02974992
0.03665557
-0.0392006
0.03710907
-0.03065328
0.02061869
-0.008208374
-0.005101106
0.01773534
-0.02820825
0.03529688
-0.0381841
0.03655271
-0.03062014
0.02110977
-0.009162853
-0.003798337
0.01623983
-0.02669742
0.03394897
-0.03715714
0.03596603
-0.03054048
0.0215437
-0.01005638
-0.002553134
0.01479173
-0.0252183
0.03261342
-0.03612185
0.03535142
-0.03041668
0.02192261
-0.01089052
-0.001364646
0.013391
-0.02377168
0.03129173
-0.03508026
0.0347112
-0.03025111
0.02224857
-0.01166685
-0.0002319765
0.01203753
-0.02235823
0.02998531
-0.03403433
0.03404764
-0.03004605
0.02252365
-0.01238698
0.0008458171
0.01073114
-0.02097857
0.02869547
-0.0329859
0.03336292
-0.02980376
0.02274991
-0.01305252
0.001869716
0.009471602
-0.01963321
0.02742342
-0.03193674
0.03265914
-0.02952643
0.02292937
-0.01366507
0.00284074
0.008258599
-0.01832261
0.02617029
-0.03088854
0.03193834
-0.0292162
0.02306403
-0.01422627
0.00375994
0.007091771
-0.01704711
0.02493714
-0.02984291
0.03120248
-0.02887518
0.02315586
-0.01473774
0.0046284
0.005970702
-0.01580703
0.02372492
-0.02880135
0.03045346
-0.02850539
0.02320681
-0.01520109
0.005447228
0.00489492
-0.01460257
0.02253453
-0.02776532
0.02969309
-0.02810882
0.02321879
-0.01561794
0.006217557
0.00386391
-0.0134339
0.02136677
-0.02673616
0.02892312
-0.02768741
0.02319369
-0.01598991
0.006940542
0.002877108
-0.0123011
0.02022237
-0.02571516
0.02814524
-0.02724301
0.02313334
-0.0163186
0.007617356
0.00193391
-0.01120422
0.01910198
-0.02470353
0.02736104
-0.02677747
0.02303958
-0.01660561
0.008249185
0.001033672
-0.01014321
0.01800621
-0.0237024
0.02657208
-0.02629253
0.02291416
-0.01685251
0.008837231
0.0001757141
-0.009118007
0.01693558
-0.02271283
0.02577982
-0.0257899
0.02275884
-0.01706088
0.009382705
-0.0006406769
-0.008128467
0.01589053
-0.02173582
0.02498567
-0.02527125
0.02257531
-0.01723227
0.009886825
-0.001416245
-0.007174408
0.01487148
-0.02077228
0.02419097
-0.02473816
0.02236524
-0.0173682
0.01035082
-0.002151761
-0.006255601
0.01387874
-0.01982308
0.02339699
-0.02419218
0.02213025
-0.0174702
0.01077591
-0.002848024
-0.005371769
0.01291259
-0.01888901
0.02260496
-0.02363479
0.02187194
-0.01753976
0.01116332
-0.003505851
-0.004522598
0.01197327
-0.0179708
0.02181602
-0.02306743
0.02159184
-0.01757835
0.01151429
-0.004126085
-0.003707731
0.01106094
-0.01706912
0.02103126
-0.02249148
0.02129145
-0.01758743
0.01183004
-0.004709583
-0.002926777
0.01017571
-0.01618458
0.02025171
-0.02190826
0.02097224
-0.01756841
0.0121118
-0.005257219
-0.002179309
0.009317657
-0.01531774
0.01947834
-0.02131903
0.02063563
-0.0175227
0.01236077
-0.005769881
-0.001464869
0.008486804
-0.01446909
0.01871206
-0.02072503
0.020283
-0.01745168
0.01257817
-0.00624847
-0.0007829706
0.00768313
-0.01363908
0.01795374
-0.02012742
0.01991567
-0.01735668
0.01276519
-0.006693895
-0.0001330973
0.006906572
-0.01282811
0.01720418
-0.01952731
0.01953495
-0.01723902
0.01292302
-0.007107072
0.0004852905
0.00615703
-0.01203653
0.01646412
-0.01892577
0.01914209
-0.01710001
0.01305284
-0.007488925
0.001072756
0.005434364
-0.01126462
0.01573428
-0.01832381
0.01873829
-0.01694089
0.0131558
-0.007840382
0.001629884
0.004738399
-0.01051266
0.01501529
-0.01772241
0.01832473
-0.0167629
0.01323307
