# channels number
4
# samples number
1000
# sampling rate
0.99
# start date
01-01-0001
# start time
00:00:00.000
# channels names
Model_4_1;Model_4_2;Model_4_3;Model_13_1
0.8207472 0.8207472 0.8207472 66.65977
0.9492316 0.9701254 0.9836361 78.46236
0.9898492 0.9718109 0.9242446 78.15431
0.9388404 0.825547 0.6559938 65.91856
0.8009268 0.553601 0.2395027 43.95263
0.5888746 0.1973743 -0.2311109 16.05025
0.3223125 -0.1889009 -0.6494985 -13.09976
0.02591518 -0.5464176 -0.9211134 -38.76067
-0.272881 -0.8207472 -0.9845767 -56.97904
-0.5464176 -0.9701254 -0.825547 -65.24431
-0.7693745 -0.9718109 -0.4799615 -62.85916
-0.9211134 -0.825547 -0.02591518 -50.96245
-0.9875884 -0.553601 0.4339874 -32.21606
-0.9626462 -0.1973743 0.7958183 -10.23153
-0.8485956 0.1889009 0.9778115 11.14035
-0.6559938 0.5464176 0.9388404 28.51363
-0.4026693 0.8207472 0.6877118 39.53074
-0.1120712 0.9701254 0.2811752 43.1871
0.1889009 0.9718109 -0.1889009 39.87243
0.4723872 0.825547 -0.6162895 31.14383
0.7121464 0.553601 -0.90441 19.29877
0.885985 0.1973743 -0.9881535 6.851602
0.9778115 -0.1889009 -0.8485956 -3.971718
0.9791257 -0.5464176 -0.5172736 -11.61966
0.8898061 -0.8207472 -0.06905891 -15.41494
0.7181206 -0.9701254 0.3947616 -15.54737
0.4799615 -0.9718109 0.7693745 -12.88572
0.1973743 -0.825547 0.9701254 -8.671886
-0.1034832 -0.553601 0.9516491 -4.180722
-0.3947616 -0.1973743 0.7181206 -0.4277925
-0.6494985 0.1889009 0.3223125 2.012316
-0.8441138 0.5464176 -0.1463313 3.047801
-0.9605927 0.8207472 -0.5819074 2.979887
-0.9881535 0.9701254 -0.885985 2.322244
-0.9242446 0.9718109 -0.9898492 1.590559
-0.7747821 0.825547 -0.8700289 1.125659
-0.553601 0.553601 -0.553601 1
-0.2811752 0.1973743 -0.1120712 1.030044
0.01727788 -0.1889009 0.3547843 0.8852074
0.3141316 -0.5464176 0.7414662 0.2552526
0.5819074 -0.8207472 0.9605927 -0.9798863
0.7958183 -0.9701254 0.9626462 -2.635725
0.9360634 -0.9718109 0.7471625 -4.207916
0.9896607 -0.825547 0.3628362 -4.971942
0.9516491 -0.553601 -0.1034832 -4.180723
0.825547 -0.1973743 -0.5464176 -1.312383
0.6230272 0.1889009 -0.8658735 3.69911
0.3628362 0.5464176 -0.9896607 10.32021
0.06905891 0.8207472 -0.8898061 17.41495
-0.2311109 0.9701254 -0.5888746 23.4053
-0.5098877 0.9718109 -0.1548701 26.57728
-0.7414662 0.825547 0.3141316 25.47519
-0.90441 0.553601 0.7121464 19.29877
-0.9836361 0.1973743 0.9492316 8.206882
-0.9718109 -0.1889009 0.9718109 -6.556037
-0.8700289 -0.5464176 0.7747821 -22.76164
-0.6877118 -0.8207472 0.4026693 -37.53074
-0.4417358 -0.9701254 -0.06043806 -47.84849
-0.1548701 -0.9718109 -0.5098877 -51.16759
0.1463313 -0.825547 -0.8441138 -45.97753
0.4339874 -0.553601 -0.9875884 -32.21606
0.681471 -0.1973743 -0.9078895 -11.42334
0.8658735 0.1889009 -0.6230272 13.41296
0.9701254 0.5464176 -0.1973743 38.31173
0.9845767 0.8207472 0.272881 58.97904
0.9078895 0.9701254 0.681471 71.59222
0.7471625 0.9718109 0.9360634 73.53696
0.5172736 0.825547 0.9791257 63.94986
0.2395027 0.553601 0.8009268 43.95263
-0.06043806 0.1973743 0.4417358 16.52093
-0.3547843 -0.1889009 -0.01727788 -13.99728
-0.6162895 -0.5464176 -0.4723872 -42.63024
-0.8207472 -0.8207472 -0.8207472 -64.65977
-0.9492316 -0.9701254 -0.9836361 -76.46236
-0.9898492 -0.9718109 -0.9242446 -76.15431
-0.9388404 -0.825547 -0.6559938 -63.91856
-0.8009268 -0.553601 -0.2395027 -41.95263
-0.5888746 -0.1973743 0.2311109 -14.05025
-0.3223125 0.1889009 0.6494985 15.09976
-0.02591518 0.5464176 0.9211134 40.76067
0.272881 0.8207472 0.9845767 58.97904
0.5464176 0.9701254 0.825547 67.24431
0.7693745 0.9718109 0.4799615 64.85915
0.9211134 0.825547 0.02591518 52.96245
0.9875884 0.553601 -0.4339874 34.21606
0.9626462 0.1973743 -0.7958183 12.23153
0.8485956 -0.1889009 -0.9778115 -9.140354
0.6559938 -0.5464176 -0.9388404 -26.51363
0.4026693 -0.8207472 -0.6877118 -37.53074
0.1120712 -0.9701254 -0.2811752 -41.1871
-0.1889009 -0.9718109 0.1889009 -37.87243
-0.4723872 -0.825547 0.6162895 -29.14383
-0.7121464 -0.553601 0.90441 -17.29877
-0.885985 -0.1973743 0.9881535 -4.851602
-0.9778115 0.1889009 0.8485956 5.971718
-0.9791257 0.5464176 0.5172736 13.61966
-0.8898061 0.8207472 0.06905891 17.41494
-0.7181206 0.9701254 -0.3947616 17.54737
-0.4799615 0.9718109 -0.7693745 14.88572
-0.1973743 0.825547 -0.9701254 10.67189
0.1034832 0.553601 -0.9516491 6.180722
0.3947616 0.1973743 -0.7181206 2.427794
0.6494985 -0.1889009 -0.3223125 -0.01231587
0.8441138 -0.5464176 0.1463313 -1.047801
0.9605927 -0.8207472 0.5819074 -0.9798865
0.9881535 -0.9701254 0.885985 -0.3222442
0.9242446 -0.9718109 0.9898492 0.4094415
0.7747821 -0.825547 0.8700289 0.8743408
0.553601 -0.553601 0.553601 1
0.2811752 -0.1973743 0.1120712 0.9699557
-0.01727788 0.1889009 -0.3547843 1.114793
-0.3141316 0.5464176 -0.7414662 1.744747
-0.5819074 0.8207472 -0.9605927 2.979886
-0.7958183 0.9701254 -0.9626462 4.635725
-0.9360634 0.9718109 -0.7471625 6.207916
-0.9896607 0.825547 -0.3628362 6.971942
-0.9516491 0.553601 0.1034832 6.180723
-0.825547 0.1973743 0.5464176 3.312384
-0.6230272 -0.1889009 0.8658735 -1.69911
-0.3628362 -0.5464176 0.9896607 -8.320214
-0.06905891 -0.8207472 0.8898061 -15.41495
0.2311109 -0.9701254 0.5888746 -21.4053
0.5098877 -0.9718109 0.1548701 -24.57728
0.7414662 -0.825547 -0.3141316 -23.47519
0.90441 -0.553601 -0.7121464 -17.29877
0.9836361 -0.1973743 -0.9492316 -6.206882
0.9718109 0.1889009 -0.9718109 8.556037
0.8700289 0.5464176 -0.7747821 24.76164
0.6877118 0.8207472 -0.4026693 39.53074
0.4417358 0.9701254 0.06043806 49.84849
0.1548701 0.9718109 0.5098877 53.16759
-0.1463313 0.825547 0.8441138 47.97753
-0.4339874 0.553601 0.9875884 34.21606
-0.681471 0.1973743 0.9078895 13.42334
-0.8658735 -0.1889009 0.6230272 -11.41296
-0.9701254 -0.5464176 0.1973743 -36.31173
-0.9845767 -0.8207472 -0.272881 -56.97904
-0.9078895 -0.9701254 -0.681471 -69.59222
-0.7471625 -0.9718109 -0.9360634 -71.53696
-0.5172736 -0.825547 -0.9791257 -61.94986
-0.2395027 -0.553601 -0.8009268 -41.95263
0.06043806 -0.1973743 -0.4417358 -14.52093
0.3547843 0.1889009 0.01727788 15.99728
0.6162895 0.5464176 0.4723872 44.63024
0.8207472 0.8207472 0.8207472 66.65977
0.9492316 0.9701254 0.9836361 78.46236
0.9898492 0.9718109 0.9242446 78.15431
0.9388404 0.825547 0.6559938 65.91856
0.8009268 0.553601 0.2395027 43.95263
0.5888746 0.1973743 -0.2311109 16.05025
0.3223125 -0.1889009 -0.6494985 -13.09976
0.02591518 -0.5464176 -0.9211134 -38.76067
-0.272881 -0.8207472 -0.9845767 -56.97904
-0.5464176 -0.9701254 -0.825547 -65.24431
-0.7693745 -0.9718109 -0.4799615 -62.85916
-0.9211134 -0.825547 -0.02591518 -50.96245
-0.9875884 -0.553601 0.4339874 -32.21606
-0.9626462 -0.1973743 0.7958183 -10.23153
-0.8485956 0.1889009 0.9778115 11.14035
-0.6559938 0.5464176 0.9388404 28.51363
-0.4026693 0.8207472 0.6877118 39.53074
-0.1120712 0.9701254 0.2811752 43.1871
0.1889009 0.9718109 -0.1889009 39.87243
0.4723872 0.825547 -0.6162895 31.14383
0.7121464 0.553601 -0.90441 19.29877
0.885985 0.1973743 -0.9881535 6.851602
0.9778115 -0.1889009 -0.8485956 -3.971718
0.9791257 -0.5464176 -0.5172736 -11.61966
0.8898061 -0.8207472 -0.06905891 -15.41494
0.7181206 -0.9701254 0.3947616 -15.54737
0.4799615 -0.9718109 0.7693745 -12.88572
0.1973743 -0.825547 0.9701254 -8.671886
-0.1034832 -0.553601 0.9516491 -4.180722
-0.3947616 -0.1973743 0.7181206 -0.4277925
-0.6494985 0.1889009 0.3223125 2.012316
-0.8441138 0.5464176 -0.1463313 3.047801
-0.9605927 0.8207472 -0.5819074 2.979887
-0.9881535 0.9701254 -0.885985 2.322244
-0.9242446 0.9718109 -0.9898492 1.590559
-0.7747821 0.825547 -0.8700289 1.125659
-0.553601 0.553601 -0.553601 1
-0.2811752 0.1973743 -0.1120712 1.030044
0.01727788 -0.1889009 0.3547843 0.8852074
0.3141316 -0.5464176 0.7414662 0.2552526
0.5819074 -0.8207472 0.9605927 -0.9798863
0.7958183 -0.9701254 0.9626462 -2.635725
0.9360634 -0.9718109 0.7471625 -4.207916
0.9896607 -0.825547 0.3628362 -4.971942
0.9516491 -0.553601 -0.1034832 -4.180723
0.825547 -0.1973743 -0.5464176 -1.312383
0.6230272 0.1889009 -0.8658735 3.69911
0.3628362 0.5464176 -0.9896607 10.32021
0.06905891 0.8207472 -0.8898061 17.41495
-0.2311109 0.9701254 -0.5888746 23.4053
-0.5098877 0.9718109 -0.1548701 26.57728
-0.7414662 0.825547 0.3141316 25.47519
-0.90441 0.553601 0.7121464 19.29877
-0.9836361 0.1973743 0.9492316 8.206882
-0.9718109 -0.1889009 0.9718109 -6.556037
-0.8700289 -0.5464176 0.7747821 -22.76164
-0.6877118 -0.8207472 0.4026693 -37.53074
-0.4417358 -0.9701254 -0.06043806 -47.84849
-0.1548701 -0.9718109 -0.5098877 -51.16759
0.1463313 -0.825547 -0.8441138 -45.97753
0.4339874 -0.553601 -0.9875884 -32.21606
0.681471 -0.1973743 -0.9078895 -11.42334
0.8658735 0.1889009 -0.6230272 13.41296
0.9701254 0.5464176 -0.1973743 38.31173
0.9845767 0.8207472 0.272881 58.97904
0.9078895 0.9701254 0.681471 71.59222
0.7471625 0.9718109 0.9360634 73.53696
0.5172736 0.825547 0.9791257 63.94986
0.2395027 0.553601 0.8009268 43.95263
-0.06043806 0.1973743 0.4417358 16.52093
-0.3547843 -0.1889009 -0.01727788 -13.99728
-0.6162895 -0.5464176 -0.4723872 -42.63024
-0.8207472 -0.8207472 -0.8207472 -64.65977
-0.9492316 -0.9701254 -0.9836361 -76.46236
-0.9898492 -0.9718109 -0.9242446 -76.15431
-0.9388404 -0.825547 -0.6559938 -63.91856
-0.8009268 -0.553601 -0.2395027 -41.95263
-0.5888746 -0.1973743 0.2311109 -14.05025
-0.3223125 0.1889009 0.6494985 15.09976
-0.02591518 0.5464176 0.9211134 40.76067
0.272881 0.8207472 0.9845767 58.97904
0.5464176 0.9701254 0.825547 67.24431
0.7693745 0.9718109 0.4799615 64.85915
0.9211134 0.825547 0.02591518 52.96245
0.9875884 0.553601 -0.4339874 34.21606
0.9626462 0.1973743 -0.7958183 12.23153
0.8485956 -0.1889009 -0.9778115 -9.140354
0.6559938 -0.5464176 -0.9388404 -26.51363
0.4026693 -0.8207472 -0.6877118 -37.53074
0.1120712 -0.9701254 -0.2811752 -41.1871
-0.1889009 -0.9718109 0.1889009 -37.87243
-0.4723872 -0.825547 0.6162895 -29.14383
-0.7121464 -0.553601 0.90441 -17.29877
-0.885985 -0.1973743 0.9881535 -4.851602
-0.9778115 0.1889009 0.8485956 5.971718
-0.9791257 0.5464176 0.5172736 13.61966
-0.8898061 0.8207472 0.06905891 17.41494
-0.7181206 0.9701254 -0.3947616 17.54737
-0.4799615 0.9718109 -0.7693745 14.88572
-0.1973743 0.825547 -0.9701254 10.67189
0.1034832 0.553601 -0.9516491 6.180722
0.3947616 0.1973743 -0.7181206 2.427794
0.6494985 -0.1889009 -0.3223125 -0.01231587
0.8441138 -0.5464176 0.1463313 -1.047801
0.9605927 -0.8207472 0.5819074 -0.9798865
0.9881535 -0.9701254 0.885985 -0.3222442
0.9242446 -0.9718109 0.9898492 0.4094415
0.7747821 -0.825547 0.8700289 0.8743408
0.553601 -0.553601 0.553601 1
0.2811752 -0.1973743 0.1120712 0.9699557
-0.01727788 0.1889009 -0.3547843 1.114793
-0.3141316 0.5464176 -0.7414662 1.744747
-0.5819074 0.8207472 -0.9605927 2.979886
-0.7958183 0.9701254 -0.9626462 4.635725
-0.9360634 0.9718109 -0.7471625 6.207916
-0.9896607 0.825547 -0.3628362 6.971942
-0.9516491 0.553601 0.1034832 6.180723
-0.825547 0.1973743 0.5464176 3.312384
-0.6230272 -0.1889009 0.8658735 -1.69911
-0.3628362 -0.5464176 0.9896607 -8.320214
-0.06905891 -0.8207472 0.8898061 -15.41495
0.2311109 -0.9701254 0.5888746 -21.4053
0.5098877 -0.9718109 0.1548701 -24.57728
0.7414662 -0.825547 -0.3141316 -23.47519
0.90441 -0.553601 -0.7121464 -17.29877
0.9836361 -0.1973743 -0.9492316 -6.206882
0.9718109 0.1889009 -0.9718109 8.556037
0.8700289 0.5464176 -0.7747821 24.76164
0.6877118 0.8207472 -0.4026693 39.53074
0.4417358 0.9701254 0.06043806 49.84849
0.1548701 0.9718109 0.5098877 53.16759
-0.1463313 0.825547 0.8441138 47.97753
-0.4339874 0.553601 0.9875884 34.21606
-0.681471 0.1973743 0.9078895 13.42334
-0.8658735 -0.1889009 0.6230272 -11.41296
-0.9701254 -0.5464176 0.1973743 -36.31173
-0.9845767 -0.8207472 -0.272881 -56.97904
-0.9078895 -0.9701254 -0.681471 -69.59222
-0.7471625 -0.9718109 -0.9360634 -71.53696
-0.5172736 -0.825547 -0.9791257 -61.94986
-0.2395027 -0.553601 -0.8009268 -41.95263
0.06043806 -0.1973743 -0.4417358 -14.52093
0.3547843 0.1889009 0.01727788 15.99728
0.6162895 0.5464176 0.4723872 44.63024
0.8207472 0.8207472 0.8207472 66.65977
0.9492316 0.9701254 0.9836361 78.46236
0.9898492 0.9718109 0.9242446 78.15431
0.9388404 0.825547 0.6559938 65.91856
0.8009268 0.553601 0.2395027 43.95263
0.5888746 0.1973743 -0.2311109 16.05025
0.3223125 -0.1889009 -0.6494985 -13.09976
0.02591518 -0.5464176 -0.9211134 -38.76067
-0.272881 -0.8207472 -0.9845767 -56.97904
-0.5464176 -0.9701254 -0.825547 -65.24431
-0.7693745 -0.9718109 -0.4799615 -62.85916
-0.9211134 -0.825547 -0.02591518 -50.96245
-0.9875884 -0.553601 0.4339874 -32.21606
-0.9626462 -0.1973743 0.7958183 -10.23153
-0.8485956 0.1889009 0.9778115 11.14035
-0.6559938 0.5464176 0.9388404 28.51363
-0.4026693 0.8207472 0.6877118 39.53074
-0.1120712 0.9701254 0.2811752 43.1871
0.1889009 0.9718109 -0.1889009 39.87243
0.4723872 0.825547 -0.6162895 31.14383
0.7121464 0.553601 -0.90441 19.29877
0.885985 0.1973743 -0.9881535 6.851602
0.9778115 -0.1889009 -0.8485956 -3.971718
0.9791257 -0.5464176 -0.5172736 -11.61966
0.8898061 -0.8207472 -0.06905891 -15.41494
0.7181206 -0.9701254 0.3947616 -15.54737
0.4799615 -0.9718109 0.7693745 -12.88572
0.1973743 -0.825547 0.9701254 -8.671886
-0.1034832 -0.553601 0.9516491 -4.180722
-0.3947616 -0.1973743 0.7181206 -0.4277925
-0.6494985 0.1889009 0.3223125 2.012316
-0.8441138 0.5464176 -0.1463313 3.047801
-0.9605927 0.8207472 -0.5819074 2.979887
-0.9881535 0.9701254 -0.885985 2.322244
-0.9242446 0.9718109 -0.9898492 1.590559
-0.7747821 0.825547 -0.8700289 1.125659
-0.553601 0.553601 -0.553601 1
-0.2811752 0.1973743 -0.1120712 1.030044
0.01727788 -0.1889009 0.3547843 0.8852074
0.3141316 -0.5464176 0.7414662 0.2552526
0.5819074 -0.8207472 0.9605927 -0.9798863
0.7958183 -0.9701254 0.9626462 -2.635725
0.9360634 -0.9718109 0.7471625 -4.207916
0.9896607 -0.825547 0.3628362 -4.971942
0.9516491 -0.553601 -0.1034832 -4.180723
0.825547 -0.1973743 -0.5464176 -1.312383
0.6230272 0.1889009 -0.8658735 3.69911
0.3628362 0.5464176 -0.9896607 10.32021
0.06905891 0.8207472 -0.8898061 17.41495
-0.2311109 0.9701254 -0.5888746 23.4053
-0.5098877 0.9718109 -0.1548701 26.57728
-0.7414662 0.825547 0.3141316 25.47519
-0.90441 0.553601 0.7121464 19.29877
-0.9836361 0.1973743 0.9492316 8.206882
-0.9718109 -0.1889009 0.9718109 -6.556037
-0.8700289 -0.5464176 0.7747821 -22.76164
-0.6877118 -0.8207472 0.4026693 -37.53074
-0.4417358 -0.9701254 -0.06043806 -47.84849
-0.1548701 -0.9718109 -0.5098877 -51.16759
0.1463313 -0.825547 -0.8441138 -45.97753
0.4339874 -0.553601 -0.9875884 -32.21606
0.681471 -0.1973743 -0.9078895 -11.42334
0.8658735 0.1889009 -0.6230272 13.41296
0.9701254 0.5464176 -0.1973743 38.31173
0.9845767 0.8207472 0.272881 58.97904
0.9078895 0.9701254 0.681471 71.59222
0.7471625 0.9718109 0.9360634 73.53696
0.5172736 0.825547 0.9791257 63.94986
0.2395027 0.553601 0.8009268 43.95263
-0.06043806 0.1973743 0.4417358 16.52093
-0.3547843 -0.1889009 -0.01727788 -13.99728
-0.6162895 -0.5464176 -0.4723872 -42.63024
-0.8207472 -0.8207472 -0.8207472 -64.65977
-0.9492316 -0.9701254 -0.9836361 -76.46236
-0.9898492 -0.9718109 -0.9242446 -76.15431
-0.9388404 -0.825547 -0.6559938 -63.91856
-0.8009268 -0.553601 -0.2395027 -41.95263
-0.5888746 -0.1973743 0.2311109 -14.05025
-0.3223125 0.1889009 0.6494985 15.09976
-0.02591518 0.5464176 0.9211134 40.76067
0.272881 0.8207472 0.9845767 58.97904
0.5464176 0.9701254 0.825547 67.24431
0.7693745 0.9718109 0.4799615 64.85915
0.9211134 0.825547 0.02591518 52.96245
0.9875884 0.553601 -0.4339874 34.21606
0.9626462 0.1973743 -0.7958183 12.23153
0.8485956 -0.1889009 -0.9778115 -9.140354
0.6559938 -0.5464176 -0.9388404 -26.51363
0.4026693 -0.8207472 -0.6877118 -37.53074
0.1120712 -0.9701254 -0.2811752 -41.1871
-0.1889009 -0.9718109 0.1889009 -37.87243
-0.4723872 -0.825547 0.6162895 -29.14383
-0.7121464 -0.553601 0.90441 -17.29877
-0.885985 -0.1973743 0.9881535 -4.851602
-0.9778115 0.1889009 0.8485956 5.971718
-0.9791257 0.5464176 0.5172736 13.61966
-0.8898061 0.8207472 0.06905891 17.41494
-0.7181206 0.9701254 -0.3947616 17.54737
-0.4799615 0.9718109 -0.7693745 14.88572
-0.1973743 0.825547 -0.9701254 10.67189
0.1034832 0.553601 -0.9516491 6.180722
0.3947616 0.1973743 -0.7181206 2.427794
0.6494985 -0.1889009 -0.3223125 -0.01231587
0.8441138 -0.5464176 0.1463313 -1.047801
0.9605927 -0.8207472 0.5819074 -0.9798865
0.9881535 -0.9701254 0.885985 -0.3222442
0.9242446 -0.9718109 0.9898492 0.4094415
0.7747821 -0.825547 0.8700289 0.8743408
0.553601 -0.553601 0.553601 1
0.2811752 -0.1973743 0.1120712 0.9699557
-0.01727788 0.1889009 -0.3547843 1.114793
-0.3141316 0.5464176 -0.7414662 1.744747
-0.5819074 0.8207472 -0.9605927 2.979886
-0.7958183 0.9701254 -0.9626462 4.635725
-0.9360634 0.9718109 -0.7471625 6.207916
-0.9896607 0.825547 -0.3628362 6.971942
-0.9516491 0.553601 0.1034832 6.180723
-0.825547 0.1973743 0.5464176 3.312384
-0.6230272 -0.1889009 0.8658735 -1.69911
-0.3628362 -0.5464176 0.9896607 -8.320214
-0.06905891 -0.8207472 0.8898061 -15.41495
0.2311109 -0.9701254 0.5888746 -21.4053
0.5098877 -0.9718109 0.1548701 -24.57728
0.7414662 -0.825547 -0.3141316 -23.47519
0.90441 -0.553601 -0.7121464 -17.29877
0.9836361 -0.1973743 -0.9492316 -6.206882
0.9718109 0.1889009 -0.9718109 8.556037
0.8700289 0.5464176 -0.7747821 24.76164
0.6877118 0.8207472 -0.4026693 39.53074
0.4417358 0.9701254 0.06043806 49.84849
0.1548701 0.9718109 0.5098877 53.16759
-0.1463313 0.825547 0.8441138 47.97753
-0.4339874 0.553601 0.9875884 34.21606
-0.681471 0.1973743 0.9078895 13.42334
-0.8658735 -0.1889009 0.6230272 -11.41296
-0.9701254 -0.5464176 0.1973743 -36.31173
-0.9845767 -0.8207472 -0.272881 -56.97904
-0.9078895 -0.9701254 -0.681471 -69.59222
-0.7471625 -0.9718109 -0.9360634 -71.53696
-0.5172736 -0.825547 -0.9791257 -61.94986
-0.2395027 -0.553601 -0.8009268 -41.95263
0.06043806 -0.1973743 -0.4417358 -14.52093
0.3547843 0.1889009 0.01727788 15.99728
0.6162895 0.5464176 0.4723872 44.63024
0.8207472 0.8207472 0.8207472 66.65977
0.9492316 0.9701254 0.9836361 78.46236
0.9898492 0.9718109 0.9242446 78.15431
0.9388404 0.825547 0.6559938 65.91856
0.8009268 0.553601 0.2395027 43.95263
0.5888746 0.1973743 -0.2311109 16.05025
0.3223125 -0.1889009 -0.6494985 -13.09976
0.02591518 -0.5464176 -0.9211134 -38.76067
-0.272881 -0.8207472 -0.9845767 -56.97904
-0.5464176 -0.9701254 -0.825547 -65.24431
-0.7693745 -0.9718109 -0.4799615 -62.85916
-0.9211134 -0.825547 -0.02591518 -50.96245
-0.9875884 -0.553601 0.4339874 -32.21606
-0.9626462 -0.1973743 0.7958183 -10.23153
-0.8485956 0.1889009 0.9778115 11.14035
-0.6559938 0.5464176 0.9388404 28.51363
-0.4026693 0.8207472 0.6877118 39.53074
-0.1120712 0.9701254 0.2811752 43.1871
0.1889009 0.9718109 -0.1889009 39.87243
0.4723872 0.825547 -0.6162895 31.14383
0.7121464 0.553601 -0.90441 19.29877
0.885985 0.1973743 -0.9881535 6.851602
0.9778115 -0.1889009 -0.8485956 -3.971718
0.9791257 -0.5464176 -0.5172736 -11.61966
0.8898061 -0.8207472 -0.06905891 -15.41494
0.7181206 -0.9701254 0.3947616 -15.54737
0.4799615 -0.9718109 0.7693745 -12.88572
0.1973743 -0.825547 0.9701254 -8.671886
-0.1034832 -0.553601 0.9516491 -4.180722
-0.3947616 -0.1973743 0.7181206 -0.4277925
-0.6494985 0.1889009 0.3223125 2.012316
-0.8441138 0.5464176 -0.1463313 3.047801
-0.9605927 0.8207472 -0.5819074 2.979887
-0.9881535 0.9701254 -0.885985 2.322244
-0.9242446 0.9718109 -0.9898492 1.590559
-0.7747821 0.825547 -0.8700289 1.125659
-0.553601 0.553601 -0.553601 1
-0.2811752 0.1973743 -0.1120712 1.030044
0.01727788 -0.1889009 0.3547843 0.8852074
0.3141316 -0.5464176 0.7414662 0.2552526
0.5819074 -0.8207472 0.9605927 -0.9798863
0.7958183 -0.9701254 0.9626462 -2.635725
0.9360634 -0.9718109 0.7471625 -4.207916
0.9896607 -0.825547 0.3628362 -4.971942
0.9516491 -0.553601 -0.1034832 -4.180723
0.825547 -0.1973743 -0.5464176 -1.312383
0.6230272 0.1889009 -0.8658735 3.69911
0.3628362 0.5464176 -0.9896607 10.32021
0.06905891 0.8207472 -0.8898061 17.41495
-0.2311109 0.9701254 -0.5888746 23.4053
-0.5098877 0.9718109 -0.1548701 26.57728
-0.7414662 0.825547 0.3141316 25.47519
-0.90441 0.553601 0.7121464 19.29877
-0.9836361 0.1973743 0.9492316 8.206882
-0.9718109 -0.1889009 0.9718109 -6.556037
-0.8700289 -0.5464176 0.7747821 -22.76164
-0.6877118 -0.8207472 0.4026693 -37.53074
-0.4417358 -0.9701254 -0.06043806 -47.84849
-0.1548701 -0.9718109 -0.5098877 -51.16759
0.1463313 -0.825547 -0.8441138 -45.97753
0.4339874 -0.553601 -0.9875884 -32.21606
0.681471 -0.1973743 -0.9078895 -11.42334
0.8658735 0.1889009 -0.6230272 13.41296
0.9701254 0.5464176 -0.1973743 38.31173
0.9845767 0.8207472 0.272881 58.97904
0.9078895 0.9701254 0.681471 71.59222
0.7471625 0.9718109 0.9360634 73.53696
0.5172736 0.825547 0.9791257 63.94986
0.2395027 0.553601 0.8009268 43.95263
-0.06043806 0.1973743 0.4417358 16.52093
-0.3547843 -0.1889009 -0.01727788 -13.99728
-0.6162895 -0.5464176 -0.4723872 -42.63024
-0.8207472 -0.8207472 -0.8207472 -64.65977
-0.9492316 -0.9701254 -0.9836361 -76.46236
-0.9898492 -0.9718109 -0.9242446 -76.15431
-0.9388404 -0.825547 -0.6559938 -63.91856
-0.8009268 -0.553601 -0.2395027 -41.95263
-0.5888746 -0.1973743 0.2311109 -14.05025
-0.3223125 0.1889009 0.6494985 15.09976
-0.02591518 0.5464176 0.9211134 40.76067
0.272881 0.8207472 0.9845767 58.97904
0.5464176 0.9701254 0.825547 67.24431
0.7693745 0.9718109 0.4799615 64.85915
0.9211134 0.825547 0.02591518 52.96245
0.9875884 0.553601 -0.4339874 34.21606
0.9626462 0.1973743 -0.7958183 12.23153
0.8485956 -0.1889009 -0.9778115 -9.140354
0.6559938 -0.5464176 -0.9388404 -26.51363
0.4026693 -0.8207472 -0.6877118 -37.53074
0.1120712 -0.9701254 -0.2811752 -41.1871
-0.1889009 -0.9718109 0.1889009 -37.87243
-0.4723872 -0.825547 0.6162895 -29.14383
-0.7121464 -0.553601 0.90441 -17.29877
-0.885985 -0.1973743 0.9881535 -4.851602
-0.9778115 0.1889009 0.8485956 5.971718
-0.9791257 0.5464176 0.5172736 13.61966
-0.8898061 0.8207472 0.06905891 17.41494
-0.7181206 0.9701254 -0.3947616 17.54737
-0.4799615 0.9718109 -0.7693745 14.88572
-0.1973743 0.825547 -0.9701254 10.67189
0.1034832 0.553601 -0.9516491 6.180722
0.3947616 0.1973743 -0.7181206 2.427794
0.6494985 -0.1889009 -0.3223125 -0.01231587
0.8441138 -0.5464176 0.1463313 -1.047801
0.9605927 -0.8207472 0.5819074 -0.9798865
0.9881535 -0.9701254 0.885985 -0.3222442
0.9242446 -0.9718109 0.9898492 0.4094415
0.7747821 -0.825547 0.8700289 0.8743408
0.553601 -0.553601 0.553601 1
0.2811752 -0.1973743 0.1120712 0.9699557
-0.01727788 0.1889009 -0.3547843 1.114793
-0.3141316 0.5464176 -0.7414662 1.744747
-0.5819074 0.8207472 -0.9605927 2.979886
-0.7958183 0.9701254 -0.9626462 4.635725
-0.9360634 0.9718109 -0.7471625 6.207916
-0.9896607 0.825547 -0.3628362 6.971942
-0.9516491 0.553601 0.1034832 6.180723
-0.825547 0.1973743 0.5464176 3.312384
-0.6230272 -0.1889009 0.8658735 -1.69911
-0.3628362 -0.5464176 0.9896607 -8.320214
-0.06905891 -0.8207472 0.8898061 -15.41495
0.2311109 -0.9701254 0.5888746 -21.4053
0.5098877 -0.9718109 0.1548701 -24.57728
0.7414662 -0.825547 -0.3141316 -23.47519
0.90441 -0.553601 -0.7121464 -17.29877
0.9836361 -0.1973743 -0.9492316 -6.206882
0.9718109 0.1889009 -0.9718109 8.556037
0.8700289 0.5464176 -0.7747821 24.76164
0.6877118 0.8207472 -0.4026693 39.53074
0.4417358 0.9701254 0.06043806 49.84849
0.1548701 0.9718109 0.5098877 53.16759
-0.1463313 0.825547 0.8441138 47.97753
-0.4339874 0.553601 0.9875884 34.21606
-0.681471 0.1973743 0.9078895 13.42334
-0.8658735 -0.1889009 0.6230272 -11.41296
-0.9701254 -0.5464176 0.1973743 -36.31173
-0.9845767 -0.8207472 -0.272881 -56.97904
-0.9078895 -0.9701254 -0.681471 -69.59222
-0.7471625 -0.9718109 -0.9360634 -71.53696
-0.5172736 -0.825547 -0.9791257 -61.94986
-0.2395027 -0.553601 -0.8009268 -41.95263
0.06043806 -0.1973743 -0.4417358 -14.52093
0.3547843 0.1889009 0.01727788 15.99728
0.6162895 0.5464176 0.4723872 44.63024
0.8207472 0.8207472 0.8207472 66.65977
0.9492316 0.9701254 0.9836361 78.46236
0.9898492 0.9718109 0.9242446 78.15431
0.9388404 0.825547 0.6559938 65.91856
0.8009268 0.553601 0.2395027 43.95263
0.5888746 0.1973743 -0.2311109 16.05025
0.3223125 -0.1889009 -0.6494985 -13.09976
0.02591518 -0.5464176 -0.9211134 -38.76067
-0.272881 -0.8207472 -0.9845767 -56.97904
-0.5464176 -0.9701254 -0.825547 -65.24431
-0.7693745 -0.9718109 -0.4799615 -62.85916
-0.9211134 -0.825547 -0.02591518 -50.96245
-0.9875884 -0.553601 0.4339874 -32.21606
-0.9626462 -0.1973743 0.7958183 -10.23153
-0.8485956 0.1889009 0.9778115 11.14035
-0.6559938 0.5464176 0.9388404 28.51363
-0.4026693 0.8207472 0.6877118 39.53074
-0.1120712 0.9701254 0.2811752 43.1871
0.1889009 0.9718109 -0.1889009 39.87243
0.4723872 0.825547 -0.6162895 31.14383
0.7121464 0.553601 -0.90441 19.29877
0.885985 0.1973743 -0.9881535 6.851602
0.9778115 -0.1889009 -0.8485956 -3.971718
0.9791257 -0.5464176 -0.5172736 -11.61966
0.8898061 -0.8207472 -0.06905891 -15.41494
0.7181206 -0.9701254 0.3947616 -15.54737
0.4799615 -0.9718109 0.7693745 -12.88572
0.1973743 -0.825547 0.9701254 -8.671886
-0.1034832 -0.553601 0.9516491 -4.180722
-0.3947616 -0.1973743 0.7181206 -0.4277925
-0.6494985 0.1889009 0.3223125 2.012316
-0.8441138 0.5464176 -0.1463313 3.047801
-0.9605927 0.8207472 -0.5819074 2.979887
-0.9881535 0.9701254 -0.885985 2.322244
-0.9242446 0.9718109 -0.9898492 1.590559
-0.7747821 0.825547 -0.8700289 1.125659
-0.553601 0.553601 -0.553601 1
-0.2811752 0.1973743 -0.1120712 1.030044
0.01727788 -0.1889009 0.3547843 0.8852074
0.3141316 -0.5464176 0.7414662 0.2552526
0.5819074 -0.8207472 0.9605927 -0.9798863
0.7958183 -0.9701254 0.9626462 -2.635725
0.9360634 -0.9718109 0.7471625 -4.207916
0.9896607 -0.825547 0.3628362 -4.971942
0.9516491 -0.553601 -0.1034832 -4.180723
0.825547 -0.1973743 -0.5464176 -1.312383
0.6230272 0.1889009 -0.8658735 3.69911
0.3628362 0.5464176 -0.9896607 10.32021
0.06905891 0.8207472 -0.8898061 17.41495
-0.2311109 0.9701254 -0.5888746 23.4053
-0.5098877 0.9718109 -0.1548701 26.57728
-0.7414662 0.825547 0.3141316 25.47519
-0.90441 0.553601 0.7121464 19.29877
-0.9836361 0.1973743 0.9492316 8.206882
-0.9718109 -0.1889009 0.9718109 -6.556037
-0.8700289 -0.5464176 0.7747821 -22.76164
-0.6877118 -0.8207472 0.4026693 -37.53074
-0.4417358 -0.9701254 -0.06043806 -47.84849
-0.1548701 -0.9718109 -0.5098877 -51.16759
0.1463313 -0.825547 -0.8441138 -45.97753
0.4339874 -0.553601 -0.9875884 -32.21606
0.681471 -0.1973743 -0.9078895 -11.42334
0.8658735 0.1889009 -0.6230272 13.41296
0.9701254 0.5464176 -0.1973743 38.31173
0.9845767 0.8207472 0.272881 58.97904
0.9078895 0.9701254 0.681471 71.59222
0.7471625 0.9718109 0.9360634 73.53696
0.5172736 0.825547 0.9791257 63.94986
0.2395027 0.553601 0.8009268 43.95263
-0.06043806 0.1973743 0.4417358 16.52093
-0.3547843 -0.1889009 -0.01727788 -13.99728
-0.6162895 -0.5464176 -0.4723872 -42.63024
-0.8207472 -0.8207472 -0.8207472 -64.65977
-0.9492316 -0.9701254 -0.9836361 -76.46236
-0.9898492 -0.9718109 -0.9242446 -76.15431
-0.9388404 -0.825547 -0.6559938 -63.91856
-0.8009268 -0.553601 -0.2395027 -41.95263
-0.5888746 -0.1973743 0.2311109 -14.05025
-0.3223125 0.1889009 0.6494985 15.09976
-0.02591518 0.5464176 0.9211134 40.76067
0.272881 0.8207472 0.9845767 58.97904
0.5464176 0.9701254 0.825547 67.24431
0.7693745 0.9718109 0.4799615 64.85915
0.9211134 0.825547 0.02591518 52.96245
0.9875884 0.553601 -0.4339874 34.21606
0.9626462 0.1973743 -0.7958183 12.23153
0.8485956 -0.1889009 -0.9778115 -9.140354
0.6559938 -0.5464176 -0.9388404 -26.51363
0.4026693 -0.8207472 -0.6877118 -37.53074
0.1120712 -0.9701254 -0.2811752 -41.1871
-0.1889009 -0.9718109 0.1889009 -37.87243
-0.4723872 -0.825547 0.6162895 -29.14383
-0.7121464 -0.553601 0.90441 -17.29877
-0.885985 -0.1973743 0.9881535 -4.851602
-0.9778115 0.1889009 0.8485956 5.971718
-0.9791257 0.5464176 0.5172736 13.61966
-0.8898061 0.8207472 0.06905891 17.41494
-0.7181206 0.9701254 -0.3947616 17.54737
-0.4799615 0.9718109 -0.7693745 14.88572
-0.1973743 0.825547 -0.9701254 10.67189
0.1034832 0.553601 -0.9516491 6.180722
0.3947616 0.1973743 -0.7181206 2.427794
0.6494985 -0.1889009 -0.3223125 -0.01231587
0.8441138 -0.5464176 0.1463313 -1.047801
0.9605927 -0.8207472 0.5819074 -0.9798865
0.9881535 -0.9701254 0.885985 -0.3222442
0.9242446 -0.9718109 0.9898492 0.4094415
0.7747821 -0.825547 0.8700289 0.8743408
0.553601 -0.553601 0.553601 1
0.2811752 -0.1973743 0.1120712 0.9699557
-0.01727788 0.1889009 -0.3547843 1.114793
-0.3141316 0.5464176 -0.7414662 1.744747
-0.5819074 0.8207472 -0.9605927 2.979886
-0.7958183 0.9701254 -0.9626462 4.635725
-0.9360634 0.9718109 -0.7471625 6.207916
-0.9896607 0.825547 -0.3628362 6.971942
-0.9516491 0.553601 0.1034832 6.180723
-0.825547 0.1973743 0.5464176 3.312384
-0.6230272 -0.1889009 0.8658735 -1.69911
-0.3628362 -0.5464176 0.9896607 -8.320214
-0.06905891 -0.8207472 0.8898061 -15.41495
0.2311109 -0.9701254 0.5888746 -21.4053
0.5098877 -0.9718109 0.1548701 -24.57728
0.7414662 -0.825547 -0.3141316 -23.47519
0.90441 -0.553601 -0.7121464 -17.29877
0.9836361 -0.1973743 -0.9492316 -6.206882
0.9718109 0.1889009 -0.9718109 8.556037
0.8700289 0.5464176 -0.7747821 24.76164
0.6877118 0.8207472 -0.4026693 39.53074
0.4417358 0.9701254 0.06043806 49.84849
0.1548701 0.9718109 0.5098877 53.16759
-0.1463313 0.825547 0.8441138 47.97753
-0.4339874 0.553601 0.9875884 34.21606
-0.681471 0.1973743 0.9078895 13.42334
-0.8658735 -0.1889009 0.6230272 -11.41296
-0.9701254 -0.5464176 0.1973743 -36.31173
-0.9845767 -0.8207472 -0.272881 -56.97904
-0.9078895 -0.9701254 -0.681471 -69.59222
-0.7471625 -0.9718109 -0.9360634 -71.53696
-0.5172736 -0.825547 -0.9791257 -61.94986
-0.2395027 -0.553601 -0.8009268 -41.95263
0.06043806 -0.1973743 -0.4417358 -14.52093
0.3547843 0.1889009 0.01727788 15.99728
0.6162895 0.5464176 0.4723872 44.63024
0.8207472 0.8207472 0.8207472 66.65977
0.9492316 0.9701254 0.9836361 78.46236
0.9898492 0.9718109 0.9242446 78.15431
0.9388404 0.825547 0.6559938 65.91856
0.8009268 0.553601 0.2395027 43.95263
0.5888746 0.1973743 -0.2311109 16.05025
0.3223125 -0.1889009 -0.6494985 -13.09976
0.02591518 -0.5464176 -0.9211134 -38.76067
-0.272881 -0.8207472 -0.9845767 -56.97904
-0.5464176 -0.9701254 -0.825547 -65.24431
-0.7693745 -0.9718109 -0.4799615 -62.85916
-0.9211134 -0.825547 -0.02591518 -50.96245
-0.9875884 -0.553601 0.4339874 -32.21606
-0.9626462 -0.1973743 0.7958183 -10.23153
-0.8485956 0.1889009 0.9778115 11.14035
-0.6559938 0.5464176 0.9388404 28.51363
-0.4026693 0.8207472 0.6877118 39.53074
-0.1120712 0.9701254 0.2811752 43.1871
0.1889009 0.9718109 -0.1889009 39.87243
0.4723872 0.825547 -0.6162895 31.14383
0.7121464 0.553601 -0.90441 19.29877
0.885985 0.1973743 -0.9881535 6.851602
0.9778115 -0.1889009 -0.8485956 -3.971718
0.9791257 -0.5464176 -0.5172736 -11.61966
0.8898061 -0.8207472 -0.06905891 -15.41494
0.7181206 -0.9701254 0.3947616 -15.54737
0.4799615 -0.9718109 0.7693745 -12.88572
0.1973743 -0.825547 0.9701254 -8.671886
-0.1034832 -0.553601 0.9516491 -4.180722
-0.3947616 -0.1973743 0.7181206 -0.4277925
-0.6494985 0.1889009 0.3223125 2.012316
-0.8441138 0.5464176 -0.1463313 3.047801
-0.9605927 0.8207472 -0.5819074 2.979887
-0.9881535 0.9701254 -0.885985 2.322244
-0.9242446 0.9718109 -0.9898492 1.590559
-0.7747821 0.825547 -0.8700289 1.125659
-0.553601 0.553601 -0.553601 1
-0.2811752 0.1973743 -0.1120712 1.030044
0.01727788 -0.1889009 0.3547843 0.8852074
0.3141316 -0.5464176 0.7414662 0.2552526
0.5819074 -0.8207472 0.9605927 -0.9798863
0.7958183 -0.9701254 0.9626462 -2.635725
0.9360634 -0.9718109 0.7471625 -4.207916
0.9896607 -0.825547 0.3628362 -4.971942
0.9516491 -0.553601 -0.1034832 -4.180723
0.825547 -0.1973743 -0.5464176 -1.312383
0.6230272 0.1889009 -0.8658735 3.69911
0.3628362 0.5464176 -0.9896607 10.32021
0.06905891 0.8207472 -0.8898061 17.41495
-0.2311109 0.9701254 -0.5888746 23.4053
-0.5098877 0.9718109 -0.1548701 26.57728
-0.7414662 0.825547 0.3141316 25.47519
-0.90441 0.553601 0.7121464 19.29877
-0.9836361 0.1973743 0.9492316 8.206882
-0.9718109 -0.1889009 0.9718109 -6.556037
-0.8700289 -0.5464176 0.7747821 -22.76164
-0.6877118 -0.8207472 0.4026693 -37.53074
-0.4417358 -0.9701254 -0.06043806 -47.84849
-0.1548701 -0.9718109 -0.5098877 -51.16759
0.1463313 -0.825547 -0.8441138 -45.97753
0.4339874 -0.553601 -0.9875884 -32.21606
0.681471 -0.1973743 -0.9078895 -11.42334
0.8658735 0.1889009 -0.6230272 13.41296
0.9701254 0.5464176 -0.1973743 38.31173
0.9845767 0.8207472 0.272881 58.97904
0.9078895 0.9701254 0.681471 71.59222
0.7471625 0.9718109 0.9360634 73.53696
0.5172736 0.825547 0.9791257 63.94986
0.2395027 0.553601 0.8009268 43.95263
-0.06043806 0.1973743 0.4417358 16.52093
-0.3547843 -0.1889009 -0.01727788 -13.99728
-0.6162895 -0.5464176 -0.4723872 -42.63024
-0.8207472 -0.8207472 -0.8207472 -64.65977
-0.9492316 -0.9701254 -0.9836361 -76.46236
-0.9898492 -0.9718109 -0.9242446 -76.15431
-0.9388404 -0.825547 -0.6559938 -63.91856
-0.8009268 -0.553601 -0.2395027 -41.95263
-0.5888746 -0.1973743 0.2311109 -14.05025
-0.3223125 0.1889009 0.6494985 15.09976
-0.02591518 0.5464176 0.9211134 40.76067
0.272881 0.8207472 0.9845767 58.97904
0.5464176 0.9701254 0.825547 67.24431
0.7693745 0.9718109 0.4799615 64.85915
0.9211134 0.825547 0.02591518 52.96245
0.9875884 0.553601 -0.4339874 34.21606
0.9626462 0.1973743 -0.7958183 12.23153
0.8485956 -0.1889009 -0.9778115 -9.140354
0.6559938 -0.5464176 -0.9388404 -26.51363
0.4026693 -0.8207472 -0.6877118 -37.53074
0.1120712 -0.9701254 -0.2811752 -41.1871
-0.1889009 -0.9718109 0.1889009 -37.87243
-0.4723872 -0.825547 0.6162895 -29.14383
-0.7121464 -0.553601 0.90441 -17.29877
-0.885985 -0.1973743 0.9881535 -4.851602
-0.9778115 0.1889009 0.8485956 5.971718
-0.9791257 0.5464176 0.5172736 13.61966
-0.8898061 0.8207472 0.06905891 17.41494
-0.7181206 0.9701254 -0.3947616 17.54737
-0.4799615 0.9718109 -0.7693745 14.88572
-0.1973743 0.825547 -0.9701254 10.67189
0.1034832 0.553601 -0.9516491 6.180722
0.3947616 0.1973743 -0.7181206 2.427794
0.6494985 -0.1889009 -0.3223125 -0.01231587
0.8441138 -0.5464176 0.1463313 -1.047801
0.9605927 -0.8207472 0.5819074 -0.9798865
0.9881535 -0.9701254 0.885985 -0.3222442
0.9242446 -0.9718109 0.9898492 0.4094415
0.7747821 -0.825547 0.8700289 0.8743408
0.553601 -0.553601 0.553601 1
0.2811752 -0.1973743 0.1120712 0.9699557
-0.01727788 0.1889009 -0.3547843 1.114793
-0.3141316 0.5464176 -0.7414662 1.744747
-0.5819074 0.8207472 -0.9605927 2.979886
-0.7958183 0.9701254 -0.9626462 4.635725
-0.9360634 0.9718109 -0.7471625 6.207916
-0.9896607 0.825547 -0.3628362 6.971942
-0.9516491 0.553601 0.1034832 6.180723
-0.825547 0.1973743 0.5464176 3.312384
-0.6230272 -0.1889009 0.8658735 -1.69911
-0.3628362 -0.5464176 0.9896607 -8.320214
-0.06905891 -0.8207472 0.8898061 -15.41495
0.2311109 -0.9701254 0.5888746 -21.4053
0.5098877 -0.9718109 0.1548701 -24.57728
0.7414662 -0.825547 -0.3141316 -23.47519
0.90441 -0.553601 -0.7121464 -17.29877
0.9836361 -0.1973743 -0.9492316 -6.206882
0.9718109 0.1889009 -0.9718109 8.556037
0.8700289 0.5464176 -0.7747821 24.76164
0.6877118 0.8207472 -0.4026693 39.53074
0.4417358 0.9701254 0.06043806 49.84849
0.1548701 0.9718109 0.5098877 53.16759
-0.1463313 0.825547 0.8441138 47.97753
-0.4339874 0.553601 0.9875884 34.21606
-0.681471 0.1973743 0.9078895 13.42334
-0.8658735 -0.1889009 0.6230272 -11.41296
-0.9701254 -0.5464176 0.1973743 -36.31173
-0.9845767 -0.8207472 -0.272881 -56.97904
-0.9078895 -0.9701254 -0.681471 -69.59222
-0.7471625 -0.9718109 -0.9360634 -71.53696
-0.5172736 -0.825547 -0.9791257 -61.94986
-0.2395027 -0.553601 -0.8009268 -41.95263
0.06043806 -0.1973743 -0.4417358 -14.52093
0.3547843 0.1889009 0.01727788 15.99728
0.6162895 0.5464176 0.4723872 44.63024
0.8207472 0.8207472 0.8207472 66.65977
0.9492316 0.9701254 0.9836361 78.46236
0.9898492 0.9718109 0.9242446 78.15431
0.9388404 0.825547 0.6559938 65.91856
0.8009268 0.553601 0.2395027 43.95263
0.5888746 0.1973743 -0.2311109 16.05025
0.3223125 -0.1889009 -0.6494985 -13.09976
0.02591518 -0.5464176 -0.9211134 -38.76067
-0.272881 -0.8207472 -0.9845767 -56.97904
-0.5464176 -0.9701254 -0.825547 -65.24431
-0.7693745 -0.9718109 -0.4799615 -62.85916
-0.9211134 -0.825547 -0.02591518 -50.96245
-0.9875884 -0.553601 0.4339874 -32.21606
-0.9626462 -0.1973743 0.7958183 -10.23153
-0.8485956 0.1889009 0.9778115 11.14035
-0.6559938 0.5464176 0.9388404 28.51363
-0.4026693 0.8207472 0.6877118 39.53074
-0.1120712 0.9701254 0.2811752 43.1871
0.1889009 0.9718109 -0.1889009 39.87243
0.4723872 0.825547 -0.6162895 31.14383
0.7121464 0.553601 -0.90441 19.29877
0.885985 0.1973743 -0.9881535 6.851602
0.9778115 -0.1889009 -0.8485956 -3.971718
0.9791257 -0.5464176 -0.5172736 -11.61966
0.8898061 -0.8207472 -0.06905891 -15.41494
0.7181206 -0.9701254 0.3947616 -15.54737
0.4799615 -0.9718109 0.7693745 -12.88572
0.1973743 -0.825547 0.9701254 -8.671886
-0.1034832 -0.553601 0.9516491 -4.180722
-0.3947616 -0.1973743 0.7181206 -0.4277925
-0.6494985 0.1889009 0.3223125 2.012316
-0.8441138 0.5464176 -0.1463313 3.047801
-0.9605927 0.8207472 -0.5819074 2.979887
-0.9881535 0.9701254 -0.885985 2.322244
-0.9242446 0.9718109 -0.9898492 1.590559
-0.7747821 0.825547 -0.8700289 1.125659
-0.553601 0.553601 -0.553601 1
-0.2811752 0.1973743 -0.1120712 1.030044
0.01727788 -0.1889009 0.3547843 0.8852074
0.3141316 -0.5464176 0.7414662 0.2552526
0.5819074 -0.8207472 0.9605927 -0.9798863
0.7958183 -0.9701254 0.9626462 -2.635725
0.9360634 -0.9718109 0.7471625 -4.207916
0.9896607 -0.825547 0.3628362 -4.971942
0.9516491 -0.553601 -0.1034832 -4.180723
0.825547 -0.1973743 -0.5464176 -1.312383
0.6230272 0.1889009 -0.8658735 3.69911
0.3628362 0.5464176 -0.9896607 10.32021
0.06905891 0.8207472 -0.8898061 17.41495
-0.2311109 0.9701254 -0.5888746 23.4053
-0.5098877 0.9718109 -0.1548701 26.57728
-0.7414662 0.825547 0.3141316 25.47519
-0.90441 0.553601 0.7121464 19.29877
-0.9836361 0.1973743 0.9492316 8.206882
-0.9718109 -0.1889009 0.9718109 -6.556037
-0.8700289 -0.5464176 0.7747821 -22.76164
-0.6877118 -0.8207472 0.4026693 -37.53074
-0.4417358 -0.9701254 -0.06043806 -47.84849
-0.1548701 -0.9718109 -0.5098877 -51.16759
0.1463313 -0.825547 -0.8441138 -45.97753
0.4339874 -0.553601 -0.9875884 -32.21606
0.681471 -0.1973743 -0.9078895 -11.42334
0.8658735 0.1889009 -0.6230272 13.41296
0.9701254 0.5464176 -0.1973743 38.31173
0.9845767 0.8207472 0.272881 58.97904
0.9078895 0.9701254 0.681471 71.59222
0.7471625 0.9718109 0.9360634 73.53696
0.5172736 0.825547 0.9791257 63.94986
0.2395027 0.553601 0.8009268 43.95263
-0.06043806 0.1973743 0.4417358 16.52093
-0.3547843 -0.1889009 -0.01727788 -13.99728
-0.6162895 -0.5464176 -0.4723872 -42.63024
-0.8207472 -0.8207472 -0.8207472 -64.65977
-0.9492316 -0.9701254 -0.9836361 -76.46236
-0.9898492 -0.9718109 -0.9242446 -76.15431
-0.9388404 -0.825547 -0.6559938 -63.91856
-0.8009268 -0.553601 -0.2395027 -41.95263
-0.5888746 -0.1973743 0.2311109 -14.05025
-0.3223125 0.1889009 0.6494985 15.09976
-0.02591518 0.5464176 0.9211134 40.76067
0.272881 0.8207472 0.9845767 58.97904
0.5464176 0.9701254 0.825547 67.24431
0.7693745 0.9718109 0.4799615 64.85915
0.9211134 0.825547 0.02591518 52.96245
0.9875884 0.553601 -0.4339874 34.21606
0.9626462 0.1973743 -0.7958183 12.23153
0.8485956 -0.1889009 -0.9778115 -9.140354
0.6559938 -0.5464176 -0.9388404 -26.51363
0.4026693 -0.8207472 -0.6877118 -37.53074
0.1120712 -0.9701254 -0.2811752 -41.1871
-0.1889009 -0.9718109 0.1889009 -37.87243
-0.4723872 -0.825547 0.6162895 -29.14383
-0.7121464 -0.553601 0.90441 -17.29877
-0.885985 -0.1973743 0.9881535 -4.851602
-0.9778115 0.1889009 0.8485956 5.971718
-0.9791257 0.5464176 0.5172736 13.61966
-0.8898061 0.8207472 0.06905891 17.41494
-0.7181206 0.9701254 -0.3947616 17.54737
-0.4799615 0.9718109 -0.7693745 14.88572
-0.1973743 0.825547 -0.9701254 10.67189
0.1034832 0.553601 -0.9516491 6.180722
0.3947616 0.1973743 -0.7181206 2.427794
0.6494985 -0.1889009 -0.3223125 -0.01231587
0.8441138 -0.5464176 0.1463313 -1.047801
0.9605927 -0.8207472 0.5819074 -0.9798865
0.9881535 -0.9701254 0.885985 -0.3222442
0.9242446 -0.9718109 0.9898492 0.4094415
0.7747821 -0.825547 0.8700289 0.8743408
0.553601 -0.553601 0.553601 1
0.2811752 -0.1973743 0.1120712 0.9699557
-0.01727788 0.1889009 -0.3547843 1.114793
-0.3141316 0.5464176 -0.7414662 1.744747
-0.5819074 0.8207472 -0.9605927 2.979886
-0.7958183 0.9701254 -0.9626462 4.635725
-0.9360634 0.9718109 -0.7471625 6.207916
-0.9896607 0.825547 -0.3628362 6.971942
-0.9516491 0.553601 0.1034832 6.180723
-0.825547 0.1973743 0.5464176 3.312384
-0.6230272 -0.1889009 0.8658735 -1.69911
-0.3628362 -0.5464176 0.9896607 -8.320214
-0.06905891 -0.8207472 0.8898061 -15.41495
0.2311109 -0.9701254 0.5888746 -21.4053
0.5098877 -0.9718109 0.1548701 -24.57728
0.7414662 -0.825547 -0.3141316 -23.47519
0.90441 -0.553601 -0.7121464 -17.29877
0.9836361 -0.1973743 -0.9492316 -6.206882
0.9718109 0.1889009 -0.9718109 8.556037
0.8700289 0.5464176 -0.7747821 24.76164
0.6877118 0.8207472 -0.4026693 39.53074
0.4417358 0.9701254 0.06043806 49.84849
0.1548701 0.9718109 0.5098877 53.16759
-0.1463313 0.825547 0.8441138 47.97753
-0.4339874 0.553601 0.9875884 34.21606
-0.681471 0.1973743 0.9078895 13.42334
-0.8658735 -0.1889009 0.6230272 -11.41296
-0.9701254 -0.5464176 0.1973743 -36.31173
