# channels number
4
# samples number
1000
# sampling rate
0.89
# start date
01-01-0001
# start time
00:00:00.000
# channels names
Model_8_1;Model_8_2;Model_8_3;Model_8_4
-0.2899511 -0.2899511 -0.2899511 -0.517252
-0.2592914 -0.2929324 0.04666201 -0.5192344
-0.2276007 -0.295855 0.3650485 -0.5208828
-0.1950079 -0.2987173 0.5434525 -0.5221934
-0.1616455 -0.3015178 0.5141133 -0.5231629
-0.1276495 -0.3042551 0.2891566 -0.5237879
-0.09315824 -0.3069276 -0.04441355 -0.5240653
-0.05831204 -0.309534 -0.3585542 -0.5239923
-0.02325273 -0.3120728 -0.533623 -0.5235663
0.01187708 -0.3145427 -0.5042181 -0.5227851
0.04693458 -0.3169423 -0.2837518 -0.5216464
0.08177736 -0.3192702 0.04153027 -0.5201486
0.116264 -0.3215251 0.3464603 -0.5182899
0.1502546 -0.3237057 0.5153931 -0.5160692
0.1836117 -0.3258108 0.4863283 -0.5134853
0.2162002 -0.3278391 0.2737759 -0.5105374
0.2478886 -0.3297894 -0.03811163 -0.5072251
0.2785492 -0.3316604 -0.328999 -0.503548
0.3080587 -0.3334511 -0.4890636 -0.4995061
0.3362989 -0.3351603 -0.4607064 -0.4950997
0.3631566 -0.3367868 -0.2593416 -0.4903293
0.3885249 -0.3383296 0.0342637 -0.4851958
0.4123031 -0.3397877 0.3064856 -0.4797001
0.4343971 -0.3411599 0.4550626 -0.4738438
0.4547201 -0.3424454 0.4277379 -0.4676284
0.4731928 -0.343643 0.2406345 -0.4610557
0.4897435 -0.344752 -0.03009661 -0.454128
0.5043089 -0.3457714 -0.279313 -0.4468477
0.5168338 -0.3467002 -0.4139388 -0.4392175
0.5272717 -0.3475378 -0.3879261 -0.4312404
0.5355849 -0.3482831 -0.2179104 -0.4229196
0.5417443 -0.3489355 0.02572206 -0.4142587
0.5457301 -0.3494942 0.2479453 -0.4052615
0.5475315 -0.3499585 0.3663529 -0.3959321
0.5471467 -0.3503277 0.3418837 -0.3862747
0.5445829 -0.3506011 0.1914923 -0.376294
0.5398566 -0.3507782 -0.02125083 -0.3659948
0.532993 -0.3508582 -0.2129094 -0.3553821
0.524026 -0.3508408 -0.3130665 -0.3444615
0.5129985 -0.3507252 -0.2903238 -0.3332385
0.4999614 -0.3505112 -0.1617656 -0.321719
0.4849741 -0.3501981 0.01679034 -0.3099091
0.4681039 -0.3497856 0.1747866 -0.2978151
0.4494255 -0.3492733 0.2549302 -0.2854438
0.429021 -0.3486608 0.2340488 -0.2728019
0.4069794 -0.3479479 0.1291727 -0.2598965
0.3833961 -0.3471341 -0.01244242 -0.2467348
0.3583728 -0.3462194 -0.1342025 -0.2333246
0.3320167 -0.3452035 -0.19287 -0.2196734
0.3044401 -0.3440861 -0.1739376 -0.2057894
0.2757599 -0.3428672 -0.09420588 -0.1916805
0.2460974 -0.3415467 0.008301158 -0.1773553
0.2155773 -0.3401244 0.09181705 -0.1628224
0.1843275 -0.3386004 0.1278722 -0.1480905
0.1524784 -0.3369746 0.1109323 -0.1331685
0.1201623 -0.335247 0.05740068 -0.1180657
0.08751297 -0.3334179 -0.00445103 -0.1027914
0.054665 -0.3314871 -0.04831385 -0.08735511
0.02175317 -0.329455 -0.06096812 -0.07176649
-0.01108801 -0.3273216 -0.04602279 -0.05603538
-0.04372495 -0.3250872 -0.01932705 -0.04017178
-0.07602552 -0.322752 0.0009652656 -0.02418583
-0.1078596 -0.3203163 0.004388812 -0.008087794
-0.1390996 -0.3177804 -0.006782664 0.008111899
-0.1696211 -0.3151447 -0.01976817 0.02440272
-0.1993032 -0.3124095 -0.01941924 0.040774
-0.2280291 -0.3095753 0.002095511 0.05721498
-0.2556867 -0.3066426 0.03926079 0.07371477
-0.2821688 -0.3036118 0.07430894 0.09026241
-0.3073737 -0.3004834 0.08540159 0.1068468
-0.3312056 -0.297258 0.05822601 0.1234569
-0.3535749 -0.2939363 -0.004684328 0.1400814
-0.3743988 -0.2905187 -0.08194748 0.156709
-0.3936011 -0.2870061 -0.1405449 0.1733284
-0.4111131 -0.283399 -0.1498386 0.1899282
-0.4268734 -0.2796983 -0.09647433 0.206497
-0.4408283 -0.2759046 0.00676859 0.2230232
-0.4529321 -0.2720188 0.1230044 0.2394954
-0.463147 -0.2680417 0.204447 0.2559021
-0.4714433 -0.2639742 0.2120566 0.2722317
-0.4777997 -0.2598171 0.1335484 0.2884727
-0.4822032 -0.2555713 -0.008330463 0.3046136
-0.4846487 -0.2512379 -0.1617958 0.3206429
-0.4851398 -0.2468178 -0.2650105 0.3365491
-0.4836879 -0.242312 -0.2710662 0.3523207
-0.4803129 -0.2377215 -0.1688457 0.3679463
-0.4750422 -0.2330475 0.009366914 0.3834146
-0.4679114 -0.228291 0.1977268 0.3987142
-0.4589632 -0.2234533 0.3212851 0.4138339
-0.4482482 -0.2185353 0.3259264 0.4287626
-0.4358236 -0.2135384 0.2017862 0.4434892
-0.4217536 -0.2084637 -0.009889429 0.4580026
-0.406109 -0.2033126 -0.2302527 0.4722919
-0.3889664 -0.1980862 -0.3723902 0.4863465
-0.3704083 -0.1927859 -0.3757597 0.5001554
-0.3505227 -0.187413 -0.2318228 0.5137084
-0.3294022 -0.1819688 0.009923384 0.5269949
-0.3071442 -0.1764548 0.2588871 0.5400046
-0.28385 -0.1708724 0.4175285 0.5527273
-0.2596244 -0.1652229 0.4197664 0.5651532
-0.2345754 -0.1595078 0.2584496 0.5772725
-0.2088136 -0.1537286 -0.009507119 0.5890753
-0.1824516 -0.1478869 -0.2832092 0.6005524
-0.1556038 -0.141984 -0.4559984 0.6116943
-0.1283856 -0.1360217 -0.4572375 0.622492
-0.1009127 -0.1300013 -0.2812109 0.6329367
-0.07330132 -0.1239246 0.008690719 0.6430196
-0.04566696 -0.1177931 0.3028702 0.6527321
-0.01812426 -0.1116085 0.4872052 0.6620663
0.009213562 -0.1053723 0.4875657 0.6710139
0.03623522 -0.09908637 0.2997087 0.6795672
0.06283178 -0.09275226 -0.007534535 0.6877186
0.08889717 -0.0863717 -0.3175977 0.695461
0.1143286 -0.0799464 -0.5106701 0.702787
0.1390269 -0.07347811 -0.5102559 0.7096902
0.1628971 -0.06696858 -0.3136097 0.7161638
0.1858486 -0.06041957 0.006107482 0.7222016
0.2077958 -0.05383286 0.3272 0.7277977
0.2286582 -0.04721024 0.5260375 0.7329464
0.2483606 -0.04055353 0.5249327 0.7376422
0.2668338 -0.03386454 0.3226513 0.7418801
0.2840146 -0.02714511 -0.004485155 0.7456551
0.2998457 -0.02039708 -0.3315683 0.7489629
0.3142767 -0.01362231 -0.5330808 0.7517992
0.3272634 -0.006822655 -0.5313469 0.75416
0.3387686 -3.329674E-17 -0.3266463 0.7560418
0.3487617 0.006843775 0.002747793 0.7574412
0.3572191 0.01370678 0.3306776 0.7583554
0.364124 0.0205871 0.5317051 0.7587818
0.3694667 0.02748285 0.5293796 0.7587179
0.3732443 0.0343921 0.3254867 0.7581618
0.3754606 0.04131294 -0.0009781523 0.7571118
0.3761265 0.04824344 -0.3245865 0.7555667
0.3752592 0.05518168 -0.5219491 0.7535255
0.3728825 0.06212571 -0.5190448 0.7509875
0.3690265 0.06907362 -0.3191461 0.7479523
0.3637274 0.07602344 -0.0007406758 0.7444201
0.3570274 0.08297326 0.3134358 0.7403913
0.3489739 0.08992112 0.5039836 0.7358665
0.3396202 0.0968651 0.5004887 0.7308468
0.3290243 0.1038032 0.3076805 0.7253336
0.3172489 0.1107336 0.002327445 0.7193286
0.3043613 0.1176542 -0.297445 0.7128341
0.2904325 0.1245632 -0.4781092 0.7058523
0.2755376 0.1314587 -0.4739882 0.6983861
0.2597544 0.1383386 -0.2912286 0.6904386
0.2431641 0.145201 -0.003704895 0.6820133
0.2258502 0.1520441 0.2769088 0.6731139
0.207898 0.158866 0.4447507 0.6637447
0.1893948 0.1656647 0.4399466 0.6539101
0.170429 0.1724382 0.27001 0.6436149
0.1510896 0.1791849 0.004801792 0.6328642
0.1314663 0.1859026 -0.2521914 0.6216636
0.1116486 0.1925896 -0.4044503 0.6100187
0.09172546 0.199244 -0.3988874 0.5979359
0.0717851 0.205864 -0.2443224 0.5854214
0.05191443 0.2124476 -0.005554835 0.5724821
0.03219873 0.2189931 0.2237201 0.559125
0.01272123 0.2254986 0.357859 0.5453576
-0.00643723 0.2319624 0.3514464 0.5311874
-0.02519853 0.2383826 0.2145375 0.5166225
-0.04348763 0.2447574 0.005910387 0.5016713
-0.06123286 0.2510851 -0.191978 0.4863422
-0.07836624 0.257364 -0.3057258 0.4706441
-0.09482372 0.2635922 -0.2983617 0.4545861
-0.1105454 0.2697681 -0.1810955 0.4381778
-0.125476 0.27589 -0.005825971 0.4214287
-0.1395645 0.2819561 0.1574961 0.4043489
-0.1527649 0.2879648 0.2488855 0.3869485
-0.1650363 0.2939145 0.2404622 0.3692379
-0.1763425 0.2998036 0.1444989 0.351228
-0.1866529 0.3056303 0.005271533 0.3329296
-0.1959417 0.3113932 -0.120844 0.3143539
-0.2041887 0.3170906 -0.188246 0.2955123
-0.211379 0.3227211 -0.1786546 0.2764164
-0.2175028 0.328283 -0.1053046 0.2570781
-0.2225559 0.3337749 -0.004230401 0.2375093
-0.226539 0.3391953 0.08262055 0.2177222
-0.2294581 0.3445428 0.1247727 0.1977294
-0.2313241 0.3498159 0.1139092 0.1775433
-0.232153 0.3550132 0.06411573 0.1571767
-0.2319654 0.3601333 0.002699957 0.1366425
-0.2307864 0.3651749 -0.04344442 0.1159537
-0.2286456 0.3701366 -0.05947418 0.09512367
-0.2255767 0.3750171 -0.04724487 0.07416563
-0.2216172 0.3798152 -0.0215722 0.05309306
-0.2168084 0.3845296 -0.0006919744 0.03191955
-0.211195 0.3891591 0.003943704 0.01065879
-0.2048246 0.3937024 -0.006614666 -0.01067542
-0.1977479 0.3981585 -0.02028753 -0.03206922
-0.1900178 0.4025261 -0.02165933 -0.05350863
-0.1816897 0.4068043 -0.001767372 -0.07497964
-0.1728206 0.4109918 0.03525404 -0.09646814
-0.1634691 0.4150876 0.07244866 -0.11796
-0.1536952 0.4190908 0.08762135 -0.139441
-0.1435596 0.4230003 0.06489577 -0.160897
-0.1331234 0.4268152 0.004637835 -0.1823137
-0.1224483 0.4305345 -0.07353179 -0.2036768
-0.1115956 0.4341574 -0.1369891 -0.2249722
-0.100626 0.437683 -0.1536912 -0.2461855
-0.08959981 0.4411106 -0.1074485 -0.2673025
-0.078576 0.4444391 -0.007865752 -0.2883091
-0.06761222 0.447668 0.1102928 -0.309191
-0.05676443 0.4507964 0.19922 -0.3299341
-0.04608665 0.4538238 0.2174498 -0.3505244
-0.03563067 0.4567493 0.1486345 -0.3709478
-0.0254458 0.4595725 0.01138503 -0.3911905
-0.01557866 0.4622927 -0.14497 -0.4112385
-0.006072947 0.4649093 -0.2581643 -0.4310782
0.003030777 0.4674218 -0.2778846 -0.450696
0.01169523 0.4698297 -0.187787 -0.4700782
0.0198866 0.4721326 -0.01511842 -0.4892115
0.02757466 0.47433 0.1770345 -0.5080826
0.03473288 0.4764216 0.3128992 -0.5266784
0.04133856 0.478407 0.3340341 -0.5449859
0.04737284 0.4802858 0.2242665 -0.5629924
0.05282083 0.4820579 0.01897909 -0.5806851
0.05767155 0.4837229 -0.206004 -0.5980517
0.06191798 0.4852806 -0.3625706 -0.6150798
0.06555706 0.4867309 -0.3850027 -0.6317574
0.06858961 0.4880737 -0.2574714 -0.6480726
0.07102029 0.4893087 -0.02287244 -0.6640138
0.07285751 0.4904361 0.23145 -0.6795695
0.07411331 0.4914556 0.4064066 -0.6947286
0.07480328 0.4923674 0.4299757 -0.7094801
0.07494637 0.4931714 0.2868475 -0.7238133
0.07456477 0.4938678 0.02669813 -0.7377177
0.07368368 0.4944566 -0.2530038 -0.7511833
0.07233117 0.494938 -0.4437291 -0.7642
0.07053791 0.4953122 -0.4682318 -0.7767582
0.06833702 0.4955794 -0.3118977 -0.7888486
0.06576376 0.4957398 -0.03035225 -0.8004621
0.06285535 0.4957937 0.2703622 -0.81159
0.05965063 0.4957415 0.4739649 -0.8222238
0.05618988 0.4955835 0.499155 -0.8323554
0.0525145 0.4953201 0.33219 -0.8419769
0.04866674 0.4949517 0.03372969 -0.851081
0.04468943 0.4944788 -0.2832915 -0.8596604
0.04062568 0.4939019 -0.4966542 -0.8677083
0.03651862 0.4932215 -0.5222441 -0.8752183
0.03241109 0.4924381 -0.3473653 -0.8821841
0.02834538 0.4915524 -0.03672654 -0.8886001
0.02436297 0.490565 0.2916308 -0.8944607
0.02050421 0.4894766 0.5114576 -0.899761
0.01680812 0.4882879 0.5371216 -0.9044962
0.01331211 0.4869995 0.3571433 -0.908662
0.01005171 0.4856123 0.03924251 -0.9122545
0.007060399 0.484127 -0.2952934 -0.91527
0.004369347 0.4825445 -0.5181611 -0.9177054
0.002007222 0.4808656 -0.5435392 -0.9195578
3.737501E-14 0.4790912 -0.3613277 -0.9208248
-0.001629198 0.4772222 -0.04118337 -0.9215045
-0.002860266 0.4752597 0.294268 -0.921595
-0.003676247 0.4732045 0.5166795 -0.9210953
-0.004063451 0.4710577 0.5413821 -0.9200042
-0.004011548 0.4688203 0.3598102 -0.9183215
-0.003513647 0.4664933 0.04246328 -0.916047
-0.002566352 0.464078 -0.2886177 -0.9131811
-0.001169795 0.4615754 -0.5070571 -0.9097243
0.0006723499 0.4589866 -0.5306714 -0.905678
0.002952873 0.4563129 -0.3525727 -0.9010434
0.005661062 0.4535554 -0.04300705 -0.8958226
0.008782747 0.4507154 0.2784787 -0.890018
0.01230038 0.4477942 0.4894668 -0.883632
0.01619311 0.444793 0.5115634 -0.8766678
0.02043693 0.4417131 0.3396881 -0.8691289
0.02500477 0.438556 0.04275217 -0.8610193
0.02986667 0.4353229 -0.2640571 -0.852343
0.03498994 0.4320152 -0.4642071 -0.8431048
0.04033935 0.4286343 -0.4843477 -0.8333097
0.04587735 0.4251818 -0.3213201 -0.822963
0.05156425 0.4216589 -0.04165065 -0.8120706
0.05735848 0.4180673 0.2456248 -0.8006387
0.06321683 0.4144084 0.4316968 -0.7886737
0.0690947 0.4106837 0.4494428 -0.7761826
0.07494637 0.4068947 0.2977209 -0.7631726
0.08072528 0.4030431 0.03967059 -0.7496513
0.0863843 0.3991304 -0.2235149 -0.7356267
0.09187601 0.3951581 -0.3924683 -0.7211071
0.09715303 0.391128 -0.4073895 -0.7061012
0.1021683 0.3870415 -0.2692282 -0.6906181
0.1068753 0.3829005 -0.03679748 -0.6746669
0.1112284 0.3787065 0.1981155 -0.6582574
0.1151834 0.3744612 0.3471589 -0.6413996
0.1186972 0.3701664 0.3588424 -0.6241038
0.1217287 0.3658236 0.23626 -0.6063805
0.1242388 0.3614347 0.03303516 -0.5882407
0.1261906 0.3570014 -0.169863 -0.5696957
0.12755 0.3525254 -0.2965001 -0.5507567
0.1282853 0.3480085 -0.3045601 -0.5314357
0.1283683 0.3434524 -0.1993089 -0.5117447
0.1277736 0.338859 -0.02840637 -0.491696
0.1264794 0.33423 0.1392347 -0.4713022
0.1244678 0.3295672 0.2413064 -0.4505759
0.1217243 0.3248725 0.245393 -0.4295304
0.1182384 0.3201476 0.1589342 -0.4081789
0.114004 0.3153944 0.02295299 -0.3865349
0.1090187 0.3106147 -0.1067404 -0.364612
0.1032846 0.3058103 -0.1824613 -0.3424244
0.09680805 0.3009831 -0.18227 -0.3199859
0.08959981 0.296135 -0.1157541 -0.297311
0.08167492 0.2912677 -0.01673588 -0.2744141
0.07305276 0.2863832 0.07291466 -0.2513099
0.06375706 0.2814833 0.120904 -0.2280132
0.05381579 0.2765698 0.1161839 -0.2045389
0.04326108 0.2716447 0.07043549 -0.1809021
0.03212915 0.2667097 0.009834297 -0.157118
0.02046016 0.2617667 -0.03830714 -0.133202
0.008298029 0.2568176 -0.05761356 -0.1091695
-0.004309662 0.2518643 -0.04817568 -0.08503602
-0.01731193 0.2469087 -0.02368434 -0.06081722
-0.03065458 0.2419525 -0.002344948 -0.03652876
-0.04428044 0.2369976 0.003474283 -0.01218643
-0.05812959 0.2320459 -0.006405886 0.01219397
-0.07213969 0.2270992 -0.02068181 0.03659657
-0.0862462 0.2221593 -0.02376587 0.06100547
-0.1003827 0.2172281 -0.005619359 0.08540477
-0.1144813 0.2123074 0.03102993 0.1097785
-0.1284728 0.2073991 0.07014173 0.1341108
-0.1422871 0.2025049 0.08930089 0.1583857
-0.1558535 0.1976266 0.07116543 0.1825874
-0.1691013 0.1927661 0.0139314 0.2066998
-0.1819598 0.1879251 -0.06466275 0.2307074
-0.1943589 0.1831053 -0.1325887 0.2545941
-0.2062292 0.1783086 -0.1565963 0.2783444
-0.2175028 0.1735367 -0.1177603 0.3019426
-0.2281134 0.1687914 -0.0224516 0.3253733
-0.2379964 0.1640743 0.09690124 0.3486208
-0.2470897 0.1593872 0.1927647 0.3716698
-0.255334 0.1547317 0.2215023 0.3945053
-0.2626726 0.1501096 0.1628042 0.4171119
-0.2690526 0.1455225 0.03103033 0.4394749
-0.2744244 0.1409721 -0.1272504 0.4615793
-0.2787424 0.13646 -0.2497264 0.4834105
-0.2819653 0.1319879 -0.2829897 0.504954
-0.2840562 0.1275572 -0.2055705 0.5261955
-0.284983 0.1231696 -0.03951054 0.5471209
-0.2847183 0.1188268 0.1552507 0.5677162
-0.2832402 0.1145301 0.3025841 0.5879679
-0.2805319 0.1102811 0.3400823 0.6078622
-0.2765821 0.1060814 0.2453641 0.6273859
-0.2713851 0.1019324 0.0477306 0.6465261
-0.2649412 0.09783562 -0.1804853 0.6652699
-0.257256 0.09379243 -0.3505156 0.6836048
-0.2483414 0.08980427 -0.3918721 0.7015185
-0.238215 0.08587254 -0.2815325 0.7189989
-0.2269001 0.0819986 -0.05552725 0.7360344
-0.2144262 0.0781838 0.2025859 0.7526135
-0.2008283 0.07442947 0.392779 0.768725
-0.1861471 0.07073689 0.4375341 0.7843581
-0.170429 0.06710735 0.3134768 0.7995023
-0.1537257 0.06354208 0.06273877 0.8141472
-0.1360943 0.0600423 -0.2212385 0.8282831
-0.1175969 0.0566092 -0.428724 0.8419004
-0.09830026 0.05324395 -0.4763394 0.8549898
-0.07827593 0.04994768 -0.3406615 0.8675424
-0.05759964 0.04672151 -0.06920809 0.8795498
-0.03635118 0.04356651 0.2361874 0.8910037
-0.014614 0.04048374 0.4578025 0.9018963
0.007525115 0.03747422 0.5076667 0.9122201
0.02997638 0.03453894 0.3626233 0.9219682
0.05264742 0.03167886 0.07478596 0.9311337
0.07544365 0.02889492 -0.2472389 0.9397103
0.09826867 0.02618802 -0.4795763 0.9476923
0.1210247 0.02355903 -0.5310125 0.9550739
0.1436131 0.0210088 -0.3789793 0.9618501
0.1659345 0.01853812 -0.07933413 0.9680161
0.1878898 0.01614779 0.2542636 0.9735676
0.2093799 0.01383854 0.4937243 0.9785007
0.2303067 0.0116111 0.545999 0.9828117
0.2505737 0.009466127 0.3894333 0.9864977
0.2700856 0.007404285 0.08272824 0.9895559
0.2887497 0.005426187 -0.2571979 0.991984
0.3064757 0.003532413 -0.5000468 0.9937801
0.3231766 0.001723512 -0.5523804 0.9949429
0.3387686 2.456724E-17 -0.3937813 0.9954712
0.3531722 -0.001637642 -0.08486062 0.9953644
0.3663117 -0.003188967 0.2560441 0.9946225
0.3781165 -0.004653562 0.4984685 0.9932455
0.388521 -0.006031046 0.5500468 0.9912341
0.3974648 -0.007321076 0.3919153 0.9885895
0.4048932 -0.00852334 0.08564291 0.9853131
0.4107578 -0.009637563 -0.2508695 0.9814068
0.4150163 -0.0106635 -0.4890391 0.976873
0.4176328 -0.01160096 -0.5390263 0.9717144
0.4185784 -0.01244975 -0.3838256 0.9659342
0.417831 -0.01320974 -0.08500828 0.9595358
0.4153758 -0.01388083 0.2418048 0.9525235
0.4112049 -0.01446296 0.4719324 0.9449015
0.405318 -0.01495609 0.5194842 0.9366745
0.3977221 -0.01536022 0.3696014 0.927848
0.3884316 -0.01567539 0.08291332 0.9184273
0.3774686 -0.01590168 -0.2290412 0.9084187
0.3648622 -0.01603919 -0.447443 0.8978283
0.3506492 -0.01608806 -0.4917211 0.886663
0.3348734 -0.01604847 -0.3494304 0.87493
0.3175857 -0.01592064 -0.07933961 0.8626368
0.2988442 -0.0157048 0.2128264 0.8497913
0.2787135 -0.01540124 0.4159813 0.8364018
0.2572647 -0.01501028 0.4561681 0.8224769
0.2345754 -0.01453226 0.3235962 0.8080256
0.2107288 -0.01396757 0.0742948 0.7930573
0.1858141 -0.01331662 -0.1934604 0.7775816
0.1599255 -0.01257987 -0.3780665 0.7616085
0.1331624 -0.01175781 -0.4133798 0.7451485
0.1056286 -0.01085094 -0.292474 0.7282122
0.07743187 -0.009859831 -0.06781326 0.7108107
0.04868389 -0.008785058 0.1712896 0.692955
0.01949944 -0.007627241 0.3343183 0.674657
-0.01000396 -0.006387031 0.364026 0.6559286
-0.03970653 -0.005065111 0.2565259 0.6367818
-0.06948676 -0.003662197 0.05995626 0.6172291
-0.09922191 -0.002179036 -0.1467008 0.5972834
-0.1287885 -0.0006164058 -0.2854465 0.5769575
-0.158063 0.001024882 -0.3088808 0.5562647
-0.1869221 0.002743987 -0.2162934 0.5352185
-0.2152435 0.004540037 -0.05081163 0.5138326
-0.2429062 0.00641213 0.1201148 0.492121
-0.2697913 0.008359334 0.2322395 0.4700979
-0.2957824 0.01038068 0.248811 0.4477775
-0.3207659 0.01247519 0.1723897 0.4251744
-0.344632 0.01464184 0.04049293 0.4023034
-0.3672747 0.01687957 -0.09197883 0.3791794
-0.3885926 0.01918731 -0.1755518 0.3558175
-0.4084891 0.02156395 -0.1847618 0.332233
-0.4268734 0.02400836 -0.1254899 0.3084411
-0.44366 0.02651939 -0.02913817 0.2844574
-0.4587699 0.02909583 0.06275923 0.2602976
-0.4721307 0.03173649 0.1162898 0.2359775
-0.4836769 0.03444013 0.1177423 0.2115128
-0.4933503 0.03720547 0.07632099 0.1869195
-0.5011001 0.04003123 0.01690801 0.1622137
-0.5068834 0.0429161 -0.03293368 0.1374115
-0.5106654 0.04585874 -0.05539773 0.112529
-0.5124194 0.0488578 -0.04880947 0.08758251
-0.5121272 0.05191188 -0.02565046 0.06258816
-0.5097789 0.05501958 -0.003983465 0.03756229
-0.5053734 0.05817947 0.002983441 0.01252118
-0.4989179 0.06139011 -0.006157612 -0.01251888
-0.4904287 0.06465002 -0.02094858 -0.03754158
-0.4799303 0.06795771 -0.02572589 -0.06253067
-0.4674557 0.07131169 -0.0094367 -0.08746989
-0.4530468 0.07471041 0.02661452 -0.112343
-0.4367532 0.07815233 0.06740234 -0.137134
-0.418633 0.08163588 0.09042986 -0.1618266
-0.398752 0.08515947 0.07699632 -0.1864048
-0.3771838 0.08872152 0.02313908 -0.2108528
-0.3540093 0.0923204 -0.05539505 -0.2351546
-0.3293163 0.09595448 -0.1273708 -0.2592946
-0.3031995 0.09962211 -0.1585359 -0.2832571
-0.2757599 0.1033216 -0.127346 -0.3070265
-0.2471043 0.1070514 -0.03689903 -0.3305876
-0.217345 0.1108096 0.08291224 -0.3539251
-0.1865995 0.1145947 0.1851209 -0.377024
-0.1549897 0.1184049 0.2241891 -0.3998692
-0.1226416 0.1222384 0.1759701 -0.4224462
-0.08968452 0.1260936 0.05048431 -0.4447404
-0.05625109 0.1299687 -0.1087462 -0.4667374
-0.02247615 0.133862 -0.2397489 -0.4884231
0.01150354 0.1377716 -0.2863501 -0.5097836
0.04554993 0.1416958 -0.2220866 -0.5308052
0.07952425 0.1456328 -0.06365906 -0.5514743
0.1132876 0.1495809 0.1325097 -0.5717779
0.1467017 0.1535382 0.2904035 -0.5917029
0.179629 0.1575029 0.3440338 -0.6112366
0.2119339 0.1614733 0.2649489 -0.6303666
0.2434829 0.1654475 0.07618783 -0.6490807
0.2741453 0.1694236 -0.1538538 -0.6673669
0.3037938 0.1734 -0.3362996 -0.6852139
0.3323048 0.1773747 -0.3963254 -0.7026101
0.3595594 0.181346 -0.3038579 -0.7195446
0.3854434 0.1853119 -0.08783972 -0.7360069
0.4098483 0.1892708 0.1724728 -0.7519864
0.4326713 0.1932207 0.3767298 -0.7674732
0.453816 0.1971599 0.4423949 -0.7824576
0.4731928 0.2010866 0.3381734 -0.7969304
0.4907193 0.2049988 0.09839261 -0.8108823
0.5063205 0.2088948 -0.1881092 -0.8243049
0.5199294 0.2127729 -0.4110757 -0.8371898
0.5314872 0.2166311 -0.4815102 -0.8495291
0.5409432 0.2204676 -0.367325 -0.8613153
0.5482557 0.2242808 -0.1076372 -0.8725411
0.5533916 0.2280687 0.2005564 -0.8831998
0.556327 0.2318296 0.4388175 -0.8932849
0.5570468 0.2355618 0.5130485 -0.9027904
0.5555454 0.2392634 0.3908209 -0.9117107
0.551826 0.2429327 0.1153812 -0.9200404
0.5459015 0.2465679 -0.2096619 -0.9277748
0.5377935 0.2501673 -0.4595417 -0.9349095
0.5275329 0.2537293 -0.536507 -0.9414403
0.5151595 0.2572519 -0.4082568 -0.9473635
0.5007221 0.2607336 -0.1214526 -0.9526761
0.4842776 0.2641727 0.2153288 -0.957375
0.4658917 0.2675674 0.4729471 -0.9614579
0.4456381 0.2709161 0.5515101 -0.9649228
0.4235981 0.2742172 0.4193224 -0.9677682
0.3998606 0.277469 0.1257039 -0.9699928
0.3745214 0.2806699 -0.2175168 -0.9715958
0.3476833 0.2838182 -0.4788496 -0.9725768
0.319455 0.2869125 -0.557816 -0.972936
0.2899511 0.2899511 -0.4238072 -0.9726739
0.2592914 0.2929324 -0.1280147 -0.9717912
0.2276007 0.295855 0.2162417 -0.9702893
0.1950079 0.2987173 0.4771842 -0.9681699
0.1616455 0.3015178 0.5553203 -0.9654351
0.1276495 0.3042551 0.4216042 -0.9620875
0.09315824 0.3069276 0.1282945 -0.9581299
0.05831204 0.309534 -0.2115746 -0.9535657
0.02325273 0.3120728 -0.4680059 -0.9483985
-0.01187708 0.3145427 -0.5440578 -0.9426327
-0.04693458 0.3169423 -0.412712 -0.9362725
-0.08177736 0.3192702 -0.1264854 -0.929323
-0.116264 0.3215251 0.2036401 -0.9217893
-0.1502546 0.3237057 0.4514883 -0.9136774
-0.1836117 0.3258108 0.5242021 -0.9049931
-0.2162002 0.3278391 0.397236 -0.8957428
-0.2478886 0.3297894 0.1225633 -0.8859333
-0.2785492 0.3316604 -0.1926131 -0.875572
-0.3080587 0.3334511 -0.4279203 -0.8646661
-0.3362989 0.3351603 -0.4960629 -0.8532237
-0.3631566 0.3367868 -0.3753865 -0.8412528
-0.3885249 0.3383296 -0.1165394 -0.8287621
-0.4123031 0.3397877 0.1787159 -0.8157604
-0.4343971 0.3411599 0.3977011 -0.8022571
-0.4547201 0.3424454 0.460081 -0.7882614
-0.4731928 0.343643 0.3474764 -0.7737834
-0.4897435 0.344752 0.108461 -0.7588333
-0.5043089 0.3457714 -0.1622131 -0.7434213
-0.5168338 0.3467002 -0.3613339 -0.7275584
-0.5272717 0.3475378 -0.4168215 -0.7112555
-0.5355849 0.3482831 -0.3139167 -0.6945239
-0.5417443 0.3489355 -0.09841095 -0.6773753
-0.5457301 0.3494942 0.1434075 -0.6598213
-0.5475315 0.3499585 0.3194166 -0.6418743
-0.5471467 0.3503277 0.3669652 -0.6235464
-0.5445829 0.3506011 0.2752102 -0.6048504
-0.5398566 0.3507782 0.08650772 -0.5857988
-0.532993 0.3508582 -0.1226341 -0.5664048
-0.524026 0.3508408 -0.272633 -0.5466816
-0.5129985 0.3507252 -0.3112971 -0.5266426
-0.4999614 0.3505112 -0.2319444 -0.5063013
-0.4849741 0.3501981 -0.07290362 -0.4856718
-0.4681039 0.3497856 0.1002544 -0.4647677
-0.4494255 0.3492733 0.2217408 -0.4436034
-0.429021 0.3486608 0.2506949 -0.4221929
-0.4069794 0.3479479 0.1847823 -0.4005509
-0.3833961 0.3471341 0.05778322 -0.3786917
-0.3583728 0.3462194 -0.07665014 -0.3566301
-0.3320167 0.3452035 -0.1675599 -0.3343808
-0.3044401 0.3440861 -0.1861144 -0.3119587
-0.2757599 0.3428672 -0.134452 -0.2893788
-0.2460974 0.3415467 -0.04136082 -0.266656
-0.2155773 0.3401244 0.05221687 -0.2438056
-0.1843275 0.3386004 0.1109586 -0.2208426
-0.1524784 0.3369746 0.1185747 -0.1977823
-0.1201623 0.335247 0.08173595 -0.17464
-0.08751297 0.3334179 0.02387747 -0.1514309
-0.054665 0.3314871 -0.02735718 -0.1281703
-0.02175317 0.329455 -0.05284036 -0.1048735
0.01108801 0.3273216 -0.04914233 -0.0815558
0.04372495 0.3250872 -0.02745844 -0.05823254
0.07602552 0.322752 -0.005597421 -0.03491896
0.1078596 0.3203163 0.002474205 -0.01163027
0.1390996 0.3177804 -0.005871375 0.01161835
0.1696211 0.3151447 -0.0210862 0.03481177
0.1993032 0.3124095 -0.02752731 0.05793493
0.2280291 0.3095753 -0.01319586 0.08097284
0.2556867 0.3066426 0.02203501 0.1039106
0.2821688 0.3036118 0.06424739 0.1267335
0.3073737 0.3004834 0.0910013 0.1494267
0.3312056 0.297258 0.0823525 0.1719757
0.3535749 0.2939363 0.0322041 0.194366
0.3743988 0.2905187 -0.04578582 0.2165833
0.3936011 0.2870061 -0.1213677 0.2386135
0.4111131 0.283399 -0.1594981 0.2604425
0.4268734 0.2796983 -0.1361466 0.2820565
0.4408283 0.2759046 -0.05111896 0.3034418
0.4529321 0.2720188 0.06841205 0.3245848
0.463147 0.2680417 0.1763358 0.3454723
0.4714433 0.2639742 0.2254938 0.3660912
0.4777997 0.2598171 0.1880512 0.3864285
0.4822032 0.2555713 0.06962705 0.4064716
0.4846487 0.2512379 -0.08957164 0.426208
0.4851398 0.2468178 -0.2282932 0.4456255
0.4836879 0.242312 -0.2879451 0.4647121
0.4803129 0.2377215 -0.2372335 0.4834559
0.4750422 0.2330475 -0.08741511 0.5018457
0.4679114 0.228291 0.1089518 0.51987
0.4589632 0.2234533 0.2764325 0.537518
0.4482482 0.2185353 0.3458642 0.554779
0.4358236 0.2135384 0.2829002 0.5716426
0.4217536 0.2084637 0.1041753 0.5880987
0.406109 0.2033126 -0.1262737 0.6041374
0.3889664 0.1980862 -0.3200102 0.6197494
0.3704083 0.1927859 -0.3983353 0.6349252
0.3505227 0.187413 -0.3243099 0.6496563
0.3294022 0.1819688 -0.1196106 0.6639338
0.3071442 0.1764548 0.1412964 0.6777496
0.28385 0.1708724 0.3583579 0.6910958
0.2596244 0.1652229 0.4445283 0.7039648
0.2345754 0.1595078 0.3607851 0.7163494
0.2088136 0.1537286 0.1334398 0.7282426
0.1824516 0.1478869 -0.1538201 0.7396379
0.1556038 0.141984 -0.390893 0.7505292
0.1283856 0.1360217 -0.4837123 0.7609106
0.1009127 0.1300013 -0.3917238 0.7707765
0.07330132 0.1239246 -0.1454028 0.780122
0.04566696 0.1177931 0.1636889 0.7889421
0.01812426 0.1116085 0.4171271 0.7972325
-0.009213562 0.1053723 0.5152672 0.8049893
-0.03623522 0.09908637 0.4166089 0.8122086
-0.06283178 0.09275226 0.155265 0.8188872
-0.08889717 0.0863717 -0.1707922 0.8250223
-0.1143286 0.0799464 -0.4366738 0.8306112
-0.1390269 0.07347811 -0.5386938 0.8356519
-0.1628971 0.06696858 -0.4350172 0.8401424
-0.1858486 0.06041957 -0.1628223 0.8440814
-0.2077958 0.05383286 0.1750664 0.8474678
-0.2286582 0.04721024 0.449254 0.850301
-0.2483606 0.04055353 0.553621 0.8525806
-0.2668338 0.03386454 0.4466262 0.8543068
-0.2840146 0.02714511 0.1679046 0.85548
-0.2998457 0.02039708 -0.1764945 0.8561009
-0.3142767 0.01362231 -0.4547001 0.8561709
-0.3272634 0.006822655 -0.5598125 0.8556914
-0.3387686 -3.165033E-16 -0.4512201 0.8546644
-0.3487617 -0.006843775 -0.1703795 0.8530923
-0.3572191 -0.01370678 0.175106 0.8509775
-0.364124 -0.0205871 0.4529579 0.8483232
-0.3694667 -0.02748285 0.55717 0.8451326
-0.3732443 -0.0343921 0.4486937 0.8414097
-0.3754606 -0.04131294 0.1701552 0.8371583
-0.3761265 -0.04824344 -0.1709752 0.8323829
-0.3752592 -0.05518168 -0.4440873 0.8270882
-0.3728825 -0.06212571 -0.5457351 0.8212795
-0.3690265 -0.06907362 -0.439054 0.814962
-0.3637274 -0.07602344 -0.1671827 0.8081415
-0.3570274 -0.08297326 0.1642198 0.8008241
-0.3489739 -0.08992112 0.4282606 0.7930162
-0.3396202 -0.0968651 0.5256882 0.7847245
-0.3290243 -0.1038032 0.4224215 0.775956
-0.3172489 -0.1107336 0.1614576 0.766718
-0.3043613 -0.1176542 -0.1549976 0.7570182
-0.2904325 -0.1245632 -0.4057592 0.7468644
-0.2755376 -0.1314587 -0.4973462 0.7362648
-0.2597544 -0.1383386 -0.3990282 0.7252279
-0.2431641 -0.145201 -0.1530207 0.7137624
-0.2258502 -0.1520441 0.1435035 0.7018773
-0.207898 -0.158866 0.376969 0.6895818
-0.1893948 -0.1656647 0.4611573 0.6768855
-0.170429 -0.1724382 0.3692143 0.663798
-0.1510896 -0.1791849 0.1419584 0.6503294
-0.1314663 -0.1859026 -0.1299658 0.6364899
-0.1116486 -0.1925896 -0.3423735 0.6222898
-0.09172546 -0.199244 -0.4176934 0.6077398
-0.0717851 -0.205864 -0.3334239 0.5928507
-0.05191443 -0.2124476 -0.1284019 0.5776337
-0.03219873 -0.2189931 0.1146413 0.5620998
-0.01272123 -0.2254986 0.3025456 0.5462605
0.00643723 -0.2319624 0.367642 0.5301273
0.02519853 -0.2383826 0.2921978 0.513712
0.04348763 -0.2447574 0.1125258 0.4970264
0.06123286 -0.2510851 -0.09781132 0.4800826
0.07836624 -0.257364 -0.2581387 0.4628927
0.09482372 -0.2635922 -0.3117943 0.445469
0.1105454 -0.2697681 -0.2461655 0.4278239
0.125476 -0.27589 -0.09454613 0.40997
0.1395645 -0.2819561 0.07977586 0.3919197
0.1527649 -0.2879648 0.209875 0.3736859
0.1650363 -0.2939145 0.2510332 0.3552812
0.1763425 -0.2998036 0.1960356 0.3367186
0.1866529 -0.3056303 0.07471725 0.318011
0.1959417 -0.3113932 -0.06084888 0.2991713
0.2041887 -0.3170906 -0.1585349 0.2802126
0.211379 -0.3227211 -0.1863195 0.2611478
0.2175028 -0.328283 -0.1425852 0.2419901
0.2225559 -0.3337749 -0.05332847 0.2227525
0.226539 -0.3391953 0.04135257 0.2034482
0.2294581 -0.3445428 0.1049434 0.1840902
0.2313241 -0.3498159 0.1186761 0.1646916
0.232153 -0.3550132 0.08664697 0.1452655
0.2319654 -0.3601333 0.03069972 0.1258249
0.2307864 -0.3651749 -0.02161201 0.1063828
0.2286456 -0.3701366 -0.04995722 0.08695214
0.2255767 -0.3750171 -0.04917221 0.06754585
0.2216172 -0.3798152 -0.02909712 0.04817672
0.2168084 -0.3845296 -0.007176869 0.02885751
0.211195 -0.3891591 0.001949715 0.0096009
0.2048246 -0.3937024 -0.005548938 -0.009580543
0.1977479 -0.3981585 -0.02109381 -0.02867434
0.1900178 -0.4025261 -0.029159 -0.04766811
0.1816897 -0.4068043 -0.01687367 -0.06654961
0.1728206 -0.4109918 0.01731965 -0.08530671
0.1634691 -0.4150876 0.06069634 -0.1039274
0.1536952 -0.4190908 0.0910117 -0.1223999
0.1435596 -0.4230003 0.08720096 -0.1407123
0.1331234 -0.4268152 0.04107057 -0.1588533
0.1224483 -0.4305345 -0.0358943 -0.1768114
0.1115956 -0.4341574 -0.1146162 -0.1945753
0.100626 -0.437683 -0.1594769 -0.2121341
0.08959981 -0.4411106 -0.1441078 -0.2294768
0.078576 -0.4444391 -0.06502372 -0.2465929
0.06761222 -0.447668 0.05349008 -0.2634719
0.05676443 -0.4507964 0.1664635 -0.2801035
0.04608665 -0.4538238 0.2254082 -0.2964776
0.03563067 -0.4567493 0.1989728 -0.3125845
0.0254458 -0.4595725 0.08834051 -0.3284146
0.01557866 -0.4622927 -0.06984481 -0.3439585
0.006072947 -0.4649093 -0.21543 -0.359207
-0.003030777 -0.4674218 -0.2877647 -0.3741512
-0.01169523 -0.4698297 -0.2509178 -0.3887827
-0.0198866 -0.4721326 -0.1106322 -0.4030928
-0.02757466 -0.47433 0.08472218 -0.4170736
-0.03473288 -0.4764216 0.2607572 -0.4307171
-0.04133856 -0.478407 0.3455623 -0.4440157
-0.04737284 -0.4802858 0.2991074 -0.4569622
-0.05282083 -0.4820579 0.1315206 -0.4695495
-0.05767155 -0.4837229 -0.09791517 -0.4817708
-0.06191798 -0.4852806 -0.3017478 -0.4936195
-0.06555706 -0.4867309 -0.3978893 -0.5050896
-0.06858961 -0.4880737 -0.3427624 -0.516175
-0.07102029 -0.4893087 -0.1506441 -0.5268703
-0.07285751 -0.4904361 0.1092489 -0.53717
-0.07411331 -0.4914556 0.3377766 -0.5470691
-0.07480328 -0.4923674 0.4439209 -0.556563
-0.07494637 -0.4931714 0.3811724 -0.5656471
-0.07456477 -0.4938678 0.1676643 -0.5743174
-0.07368368 -0.4944566 -0.1185827 -0.5825701
-0.07233117 -0.494938 -0.3683002 -0.5904016
-0.07053791 -0.4953122 -0.4829321 -0.5978088
-0.06833702 -0.4955794 -0.4137076 -0.6047888
-0.06576376 -0.4957398 -0.1822718 -0.611339
-0.06285535 -0.4957937 0.1258122 -0.6174573
-0.05965063 -0.4957415 0.3928649 -0.6231415
-0.05618988 -0.4955835 0.5143091 -0.6283901
-0.0525145 -0.4953201 0.4398285 -0.6332019
-0.04866674 -0.4949517 0.1941916 -0.6375757
-0.04468943 -0.4944788 -0.1308696 -0.6415108
-0.04062568 -0.4939019 -0.4111137 -0.645007
-0.03651862 -0.4932215 -0.5375593 -0.6480641
-0.03241109 -0.4924381 -0.4590956 -0.6506823
-0.02834538 -0.4915524 -0.2031881 -0.6528621
-0.02436297 -0.490565 0.1337247 -0.6546046
-0.02050421 -0.4894766 0.4227911 -0.6559106
-0.01680812 -0.4882879 0.5523186 -0.6567818
-0.01331211 -0.4869995 0.4711764 -0.6572199
-0.01005171 -0.4856123 0.2090701 -0.6572268
-0.007060399 -0.484127 -0.1343842 -0.656805
-0.004369347 -0.4825445 -0.4277472 -0.655957
-0.002007222 -0.4808656 -0.5583576 -0.6546858
-4.619779E-14 -0.4790912 -0.4758511 -0.6529945
0.001629198 -0.4772222 -0.2116938 -0.6508867
0.002860266 -0.4752597 0.1328907 -0.6483661
0.003676247 -0.4732045 0.425939 -0.6454366
0.004063451 -0.4710577 0.5555846 -0.6421027
0.004011548 -0.4688203 0.4730168 -0.6383688
0.003513647 -0.4664933 0.2109667 -0.6342397
0.002566352 -0.464078 -0.1293218 -0.6297206
0.001169795 -0.4615754 -0.4174308 -0.6248168
-0.0006723499 -0.4589866 -0.5440477 -0.6195337
-0.002952873 -0.4563129 -0.4626891 -0.6138773
-0.005661062 -0.4535554 -0.2068492 -0.6078535
-0.008782747 -0.4507154 0.1237871 -0.6014686
-0.01230038 -0.4477942 0.4023925 -0.5947291
-0.01619311 -0.444793 0.5239332 -0.5876417
-0.02043693 -0.4417131 0.4450027 -0.5802132
-0.02500477 -0.438556 0.1993565 -0.572451
-0.02986667 -0.4353229 -0.1164264 -0.5643622
-0.03498994 -0.4320152 -0.3810966 -0.5559544
-0.04033935 -0.4286343 -0.4955633 -0.5472353
-0.04587735 -0.4251818 -0.4202097 -0.5382127
-0.05156425 -0.4216589 -0.1885586 -0.5288947
-0.05735848 -0.4180673 0.1074064 -0.5192894
-0.06321683 -0.4144084 0.3539128 -0.5094055
-0.0690947 -0.4106837 0.4593904 -0.4992512
-0.07494637 -0.4068947 0.3886759 -0.4888354
-0.08072528 -0.4030431 0.1745807 -0.4781667
-0.0863843 -0.3991304 -0.09691714 -0.4672543
-0.09187601 -0.3951581 -0.3213022 -0.4561071
-0.09715303 -0.391128 -0.4159901 -0.4447343
-0.1021683 -0.3870415 -0.3508755 -0.4331452
-0.1068753 -0.3829005 -0.1576012 -0.4213493
-0.1112284 -0.3787065 0.08516835 -0.4093559
-0.1151834 -0.3744612 0.2838093 -0.3971748
-0.1186972 -0.3701664 0.3660521 -0.3848155
-0.1217287 -0.3658236 0.3073838 -0.3722879
-0.1242388 -0.3614347 0.1378502 -0.3596016
-0.1261906 -0.3570014 -0.0723855 -0.3467666
-0.12755 -0.3525254 -0.2420528 -0.3337927
-0.1282853 -0.3480085 -0.310369 -0.3206898
-0.1283683 -0.3434524 -0.2588688 -0.3074681
-0.1277736 -0.338859 -0.1156057 -0.2941374
-0.1264794 -0.33423 0.0588055 -0.2807078
-0.1244678 -0.3295672 0.1967153 -0.2671894
-0.1217243 -0.3248725 0.2498239 -0.2535921
-0.1182384 -0.3201476 0.2060804 -0.239926
-0.114004 -0.3153944 0.09119064 -0.2262012
-0.1090187 -0.3106147 -0.04467246 -0.2124276
-0.1032846 -0.3058103 -0.1485326 -0.1986152
-0.09680805 -0.3009831 -0.185376 -0.1847739
-0.08959981 -0.296135 -0.1498393 -0.1709137
-0.08167492 -0.2912677 -0.06496733 -0.1570444
-0.07305276 -0.2863832 0.03023332 -0.1431758
-0.06375706 -0.2814833 0.09828116 -0.1293177
-0.05381579 -0.2765698 0.1180459 -0.1154797
-0.04326108 -0.2716447 0.0910238 -0.1016714
-0.03212915 -0.2667097 0.0373327 -0.08790227
-0.02046016 -0.2617667 -0.0157336 -0.07418182
-0.008298029 -0.2568176 -0.04676606 -0.06051933
0.004309662 -0.2518643 -0.04889893 -0.04692403
0.01731193 -0.2469087 -0.03055642 -0.03340502
0.03065458 -0.2419525 -0.008712067 -0.0199713
0.04428044 -0.2369976 0.001413204 -0.006631733
0.05812959 -0.2320459 -0.005192291 0.006604923
0.07213969 -0.2270992 -0.02097138 0.01973006
0.0862462 -0.2221593 -0.03061093 0.03273521
0.1003827 -0.2172281 -0.02044744 0.04561204
0.1144813 -0.2123074 0.01249751 0.05835239
0.1284728 -0.2073991 0.05677108 0.07094822
0.1422871 -0.2025049 0.09046096 0.08339169
0.1558535 -0.1976266 0.0915118 0.0956751
0.1691013 -0.1927661 0.04968382 0.1077909
0.1819598 -0.1879251 -0.02578149 0.1197318
0.1943589 -0.1831053 -0.1071582 0.1314907
0.2062292 -0.1783086 -0.1584725 0.1430604
0.2175028 -0.1735367 -0.1511806 0.1544344
0.2281134 -0.1687914 -0.0785276 0.1656059
0.2379964 -0.1640743 0.03823834 0.1765685
0.2470897 -0.1593872 0.1555649 0.1873161
0.255334 -0.1547317 0.2239329 0.1978428
0.2626726 -0.1501096 0.2086677 0.2081426
0.2690526 -0.1455225 0.1065093 0.2182101
0.2744244 -0.1409721 -0.04968736 0.2280398
0.2787424 -0.13646 -0.2012387 0.2376267
0.2819653 -0.1319879 -0.2858102 0.2469659
0.2840562 -0.1275572 -0.2630551 0.2560526
0.284983 -0.1231696 -0.1331672 0.2648824
0.2847183 -0.1188268 0.0599702 0.2734511
0.2832402 -0.1145301 0.2434742 0.2817546
0.2805319 -0.1102811 0.3431299 0.2897891
0.2765821 -0.1060814 0.3134705 0.2975512
0.2713851 -0.1019324 0.1580549 0.3050375
0.2649412 -0.09783562 -0.06895292 0.312245
0.257256 -0.09379243 -0.281625 0.3191707
0.2483414 -0.08980427 -0.3949902 0.3258122
0.238215 -0.08587254 -0.3591017 0.332167
0.2269001 -0.0819986 -0.1807488 0.3382331
0.2144262 -0.0781838 0.07652774 0.3440084
0.2008283 -0.07442947 0.3151129 0.3494915
0.1861471 -0.07073689 0.4405767 0.3546809
0.170429 -0.06710735 0.3992097 0.3595754
0.1537257 -0.06354208 0.2008552 0.364174
0.1360943 -0.0600423 -0.08261421 0.3684762
0.1175969 -0.0566092 -0.3434368 0.3724813
0.09830026 -0.05324395 -0.4791745 0.3761894
0.07827593 -0.04994768 -0.4331406 0.3796002
0.05759964 -0.04672151 -0.2180171 0.382714
0.03635118 -0.04356651 0.0871598 0.3855314
0.014614 -0.04048374 0.3661807 0.3880531
-0.007525115 -0.03747422 0.5101801 0.3902799
-0.02997638 -0.03453894 0.4603363 0.392213
-0.05264742 -0.03167886 0.2319209 0.3938538
-0.07544365 -0.02889492 -0.09014012 0.3952038
-0.09826867 -0.02618802 -0.3830189 0.396265
-0.1210247 -0.02355903 -0.5331106 0.3970392
-0.1436131 -0.0210088 -0.4803435 0.3975288
-0.1659345 -0.01853812 -0.2423012 0.3977362
-0.1878898 -0.01614779 0.09155852 0.3976641
-0.2093799 -0.01383854 0.3937216 0.3973152
-0.2303067 -0.0116111 0.5476111 0.3966927
-0.2505737 -0.009466127 0.4928216 0.3957997
-0.2700856 -0.007404285 0.2489465 0.3946397
-0.2887497 -0.005426187 -0.09144524 0.3932164
-0.3064757 -0.003532413 -0.3981571 0.3915335
-0.3231766 -0.001723512 -0.5534602 0.3895949
-0.3387686 -5.732356E-17 -0.4975484 0.3874049
-0.3531722 0.001637642 -0.251703 0.3849678
-0.3663117 0.003188967 0.08985616 0.3822881
-0.3781165 0.004653562 0.396294 0.3793702
-0.388521 0.006031046 0.5505739 0.3762192
-0.3974648 0.007321076 0.4944237 0.3728399
-0.4048932 0.00852334 0.2504776 0.3692374
-0.4107578 0.009637563 -0.08687098 0.365417
-0.4150163 0.0106635 -0.3882007 0.3613839
-0.4176328 0.01160096 -0.5390061 0.3571437
-0.4185784 0.01244975 -0.4834715 0.352702
-0.417831 0.01320974 -0.2452405 0.3480645
-0.4153758 0.01388083 0.08259117 0.3432371
-0.4112049 0.01446296 0.3740436 0.3382257
-0.405318 0.01495609 0.518948 0.3330364
-0.3977221 0.01536022 0.4648402 0.3276752
-0.3884316 0.01567539 0.2360262 0.3221485
-0.3774686 0.01590168 -0.07713746 0.3164625
-0.3648622 0.01603919 -0.3540843 0.3106237
-0.3506492 0.01608806 -0.490725 0.3046385
-0.3348734 0.01604847 -0.4388005 0.2985134
-0.3175857 0.01592064 -0.2229339 0.292255
-0.2988442 0.0157048 0.07064711 0.28587
-0.2787135 0.01540124 0.3286746 0.279365
-0.2572647 0.01501028 0.4547912 0.2727468
-0.2345754 0.01453226 0.4057412 0.2660221
-0.2107288 0.01396757 0.2061266 0.2591978
-0.1858141 0.01331662 -0.06327097 0.2522806
-0.1599255 0.01257987 -0.29825 0.2452774
-0.1331624 0.01175781 -0.4117221 0.2381951
-0.1056286 0.01085094 -0.3661638 0.2310404
-0.07743187 0.009859831 -0.1858289 0.2238203
-0.04868389 0.008785058 0.05517027 0.2165415
-0.01949944 0.007627241 0.2633232 0.2092109
0.01000396 0.006387031 0.3622054 0.2018354
0.03970653 0.005065111 0.3206748 0.1944217
0.06948676 0.003662197 0.1623246 0.1869765
0.09922191 0.002179036 -0.04651339 0.1795066
0.1287885 0.0006164058 -0.2244745 0.1720187
0.158063 -0.001024882 -0.3070303 0.1645193
0.1869221 -0.002743987 -0.2699761 0.1570151
0.2152435 -0.004540037 -0.1359526 0.1495127
0.2429062 -0.00641213 0.03747258 0.1420183
0.2697913 -0.008359334 0.1823427 0.1345386
0.2957824 -0.01038068 0.2470742 0.1270796
0.3207659 -0.01247519 0.2148546 0.1196478
0.344632 -0.01464184 0.1071018 0.1122492
0.3672747 -0.01687957 -0.02822061 0.1048899
0.3885926 -0.01918731 -0.1376144 0.09757592
0.4084891 -0.02156395 -0.1832895 0.09031305
0.4268734 -0.02400836 -0.1561695 0.08310709
0.44366 -0.02651939 -0.07620564 0.0759637
0.4587699 -0.02909583 0.01892767 0.06888842
0.4721307 -0.03173649 0.09101298 0.06188668
0.4836769 -0.03444013 0.1166878 0.0549638
0.4933503 -0.03720547 0.09483942 0.04812495
0.5011001 -0.04003123 0.04373552 0.04137518
0.5068834 -0.0429161 -0.009758179 0.03471943
0.5106654 -0.04585874 -0.04328658 0.02816248
0.5124194 -0.0488578 -0.04832417 0.02170897
0.5121272 -0.05191188 -0.03182732 0.0153634
0.5097789 -0.05501958 -0.01019355 0.009130148
0.5053734 -0.05817947 0.0008679809 0.003013405
0.4989179 -0.06139011 -0.004803631 -0.002982768
0.4904287 -0.06465002 -0.02071965 -0.00885447
0.4799303 -0.06795771 -0.03187412 -0.01459796
0.4674557 -0.07131169 -0.02389514 -0.02020965
0.4530468 -0.07471041 0.007598321 -0.02568613
0.4367532 -0.07815233 0.0524958 -0.03102413
0.418633 -0.08163588 0.08935251 -0.03622057
0.398752 -0.08515947 0.09525843 -0.04127252
0.3771838 -0.08872152 0.05799076 -0.04617724
0.3540093 -0.0923204 -0.01550972 -0.05093214
0.3293163 -0.09595448 -0.09903944 -0.05553483
0.3031995 -0.09962211 -0.1564911 -0.05998306
0.2757599 -0.1033216 -0.1573212 -0.06427479
0.2471043 -0.1070514 -0.09154732 -0.06840812
0.217345 -0.1108096 0.02275083 -0.07238137
0.1865995 -0.1145947 0.1437073 -0.076193
0.1549897 -0.1184049 0.221077 -0.07984167
0.1226416 -0.1222384 0.2170761 -0.0833262
0.08968452 -0.1260936 0.1240215 -0.0866456
0.05625109 -0.1299687 -0.02922358 -0.08979907
0.02247615 -0.133862 -0.1858066 -0.09278596
-0.01150354 -0.1377716 -0.2820936 -0.09560582
-0.04554993 -0.1416958 -0.2735705 -0.09825836
-0.07952425 -0.1456328 -0.1548812 -0.1007435
-0.1132876 -0.1495809 0.03484848 -0.1030613
-0.1467017 -0.1535382 0.2246902 -0.1052119
-0.179629 -0.1575029 0.3385819 -0.1071959
-0.2119339 -0.1614733 0.3259009 -0.1090138
-0.2434829 -0.1654475 0.1836148 -0.1106664
-0.2741453 -0.1694236 -0.03956556 -0.1121545
-0.3037938 -0.1734 -0.2597659 -0.1134793
-0.3323048 -0.1773747 -0.3896559 -0.1146421
-0.3595594 -0.181346 -0.373227 -0.1156442
-0.3854434 -0.1853119 -0.2097391 -0.1164872
-0.4098483 -0.1892708 0.04333481 -0.1171729
-0.4326713 -0.1932207 0.2905063 -0.1177032
-0.453816 -0.1971599 0.4345161 -0.1180801
-0.4731928 -0.2010866 0.4147857 -0.1183059
-0.4907193 -0.2049988 0.2328076 -0.1183827
-0.5063205 -0.2088948 -0.04613636 -0.1183133
-0.5199294 -0.2127729 -0.316456 -0.1181
-0.5314872 -0.2166311 -0.4724626 -0.1177459
-0.5409432 -0.2204676 -0.4499032 -0.1172536
-0.5482557 -0.2242808 -0.2524183 -0.1166263
-0.5533916 -0.2280687 0.04797006 -0.1158671
-0.556327 -0.2318296 0.3372388 -0.1149793
-0.5570468 -0.2355618 0.5029057 -0.1139662
-0.5555454 -0.2392634 0.478006 -0.1128315
-0.551826 -0.2429327 0.2682203 -0.1115787
-0.5459015 -0.2465679 -0.04885489 -0.1102115
-0.5377935 -0.2501673 -0.3525627 -0.1087338
-0.5275329 -0.2537293 -0.5253751 -0.1071494
-0.5151595 -0.2572519 -0.4986299 -0.1054625
-0.5007221 -0.2607336 -0.2799204 -0.1036771
-0.4842776 -0.2641727 0.04882784 -0.1017974
-0.4658917 -0.2675674 0.3622246 -0.09982777
-0.4456381 -0.2709161 0.5395272 -0.09777244
-0.4235981 -0.2742172 0.5114285 -0.09563588
-0.3998606 -0.277469 0.2872882 -0.09342256
-0.3745214 -0.2806699 -0.04794254 -0.09113704
-0.3476833 -0.2838182 -0.3661123 -0.0887839
-0.319455 -0.2869125 -0.5451505 -0.08636782
