# channels number
5
# samples number
1000
# sampling rate
0.9
# start date
01-01-0001
# start time
00:00:00.000
# channels names
Model_4_1;Model_4_2;Model_4_3;Model_13_1;Model_13_1
0.999 0.999 0.999 26.98 80.92
0.9983914 0.9838229 0.9387529 26.52395 79.40081
0.9965665 0.9387529 0.7652784 25.19675 74.94363
0.9935274 0.8651594 0.4995 23.11673 67.83984
0.9892778 0.7652784 0.1734745 20.46655 58.54423
0.9838229 0.6421448 -0.1734745 17.47319 47.63217
0.9771695 0.4995 -0.4995 14.38335 35.7467
0.9693254 0.3416781 -0.7652784 11.43702 23.54116
0.9603004 0.1734745 -0.9387529 8.842483 11.62395
0.9501055 1.223382E-16 -0.999 6.755527 0.5110546
0.9387529 -0.1734745 -0.9387529 5.265255 -9.40847
0.9262567 -0.3416781 -0.7652784 4.388109 -17.8909
0.9126319 -0.4995 -0.4995 4.07066 -24.83868
0.8978953 -0.6421448 -0.1734745 4.200656 -30.28448
0.8820646 -0.7652784 0.1734745 4.624912 -34.36131
0.8651594 -0.8651594 0.4995 5.171703 -37.26297
0.8472 -0.9387529 0.7652784 5.674862 -39.20039
0.8282085 -0.9838229 0.9387529 5.996578 -40.35976
0.808208 -0.999 0.999 6.046041 -40.86792
0.7872227 -0.9838229 0.9387529 5.791649 -40.76962
0.7652784 -0.9387529 0.7652784 5.265254 -40.01961
0.7424017 -0.8651594 0.4995 4.557915 -38.49055
0.7186205 -0.7652784 0.1734745 3.807691 -35.99575
0.6939637 -0.6421448 -0.1734745 3.180998 -32.3238
0.6684615 -0.4995 -0.4995 2.849807 -27.28039
0.6421448 -0.3416781 -0.7652784 2.967551 -20.73202
0.6150458 -0.1734745 -0.9387529 3.646719 -12.64554
0.5871975 -2.446763E-16 -0.999 4.940988 -3.118025
0.5586337 0.1734745 -0.9387529 6.834148 7.607279
0.5293893 0.3416781 -0.7652784 9.237336 19.1418
0.4995 0.4995 -0.4995 11.995 30.97
0.4690021 0.6421448 -0.1734745 14.89909 42.48396
0.4379328 0.7652784 0.1734745 17.70982 53.03078
0.4063299 0.8651594 0.4995 20.18074 61.96786
0.374232 0.9387529 0.7652784 22.08508 68.72028
0.3416781 0.9838229 0.9387529 23.24039 72.83369
0.308708 0.999 0.999 23.52854 74.01708
0.2753617 0.9838229 0.9387529 22.9088 72.17052
0.24168 0.9387529 0.7652784 21.42232 67.39476
0.2077038 0.8651594 0.4995 19.18761 59.9816
0.1734745 0.7652784 0.1734745 16.38753 50.38619
0.1390339 0.6421448 -0.1734745 13.24924 39.18428
0.1044239 0.4995 -0.4995 10.01962 27.01924
0.06968672 0.3416781 -0.7652784 6.938823 14.54477
0.0348646 0.1734745 -0.9387529 4.215303 2.369587
1.223382E-16 3.670145E-16 -0.999 2.005 -8.99
-0.0348646 -0.1734745 -0.9387529 0.3971667 -19.14465
-0.06968672 -0.3416781 -0.7652784 -0.5916067 -27.85034
-0.1044239 -0.4995 -0.4995 -1.01462 -35.00924
-0.1390339 -0.6421448 -0.1734745 -0.9839901 -40.65377
-0.1734745 -0.7652784 0.1734745 -0.6527838 -44.9167
-0.2077038 -0.8651594 0.4995 -0.1926128 -47.9916
-0.24168 -0.9387529 0.7652784 0.2304628 -50.08919
-0.2753617 -0.9838229 0.9387529 0.4787264 -51.39546
-0.308708 -0.999 0.999 0.4614598 -52.03708
-0.3416781 -0.9838229 0.9387529 0.1471444 -52.05863
-0.374232 -0.9387529 0.7652784 -0.4322974 -51.41471
-0.4063299 -0.8651594 0.4995 -1.185743 -49.97786
-0.4379328 -0.7652784 0.1734745 -1.975075 -47.56129
-0.4690021 -0.6421448 -0.1734745 -2.633831 -43.95345
-0.4995 -0.4995 -0.4995 -2.99 -38.96
-0.5293893 -0.3416781 -0.7652784 -2.89012 -32.44736
-0.5586337 -0.1734745 -0.9387529 -2.221678 -24.38234
-0.5871975 -4.893527E-16 -0.999 -0.9309875 -14.86197
-0.6150458 0.1734745 -0.9387529 0.9657516 -4.129517
-0.6421448 0.3416781 -0.7652784 3.379665 7.426455
-0.6684615 0.4995 -0.4995 6.155193 19.29038
-0.6939637 0.6421448 -0.1734745 9.084257 30.85431
-0.7186205 0.7652784 0.1734745 11.92705 41.46524
-0.7424017 0.8651594 0.4995 14.43709 50.48055
-0.7652784 0.9387529 0.7652784 16.38753 57.32517
-0.7872227 0.9838229 0.9387529 17.59588 61.54467
-0.808208 0.999 0.999 17.94396 62.84792
-0.8282085 0.9838229 0.9387529 17.39095 61.13482
-0.8472 0.9387529 0.7652784 15.97792 56.50595
-0.8651594 0.8651594 0.4995 13.8233 49.25297
-0.8820646 0.7652784 0.1734745 11.10983 39.8308
-0.8978953 0.6421448 -0.1734745 8.064599 28.81499
-0.9126319 0.4995 -0.4995 4.93434 16.84868
-0.9262567 0.3416781 -0.7652784 1.959106 4.585335
-0.9387529 0.1734745 -0.9387529 -0.6527839 -7.366588
-0.9501055 6.116909E-16 -0.999 -2.745528 -18.49105
-0.9603004 -0.1734745 -0.9387529 -4.230012 -28.399
-0.9693254 -0.3416781 -0.7652784 -5.0898 -36.84673
-0.9771695 -0.4995 -0.4995 -5.378347 -43.73669
-0.9838229 -0.6421448 -0.1734745 -5.207935 -49.10166
-0.9892778 -0.7652784 0.1734745 -4.731801 -53.07474
-0.9935274 -0.8651594 0.4995 -4.121731 -55.84984
-0.9965665 -0.9387529 0.7652784 -3.54397 -57.63806
-0.9983914 -0.9838229 0.9387529 -3.136422 -58.62576
-0.999 -0.999 0.999 -2.99 -58.94
-0.9983914 -0.9838229 0.9387529 -3.136422 -58.62576
-0.9965665 -0.9387529 0.7652784 -3.54397 -57.63806
-0.9935274 -0.8651594 0.4995 -4.121731 -55.84984
-0.9892778 -0.7652784 0.1734745 -4.731801 -53.07474
-0.9838229 -0.6421448 -0.1734745 -5.207935 -49.10166
-0.9771695 -0.4995 -0.4995 -5.378347 -43.73669
-0.9693254 -0.3416781 -0.7652784 -5.0898 -36.84673
-0.9603004 -0.1734745 -0.9387529 -4.230012 -28.399
-0.9501055 -7.340291E-16 -0.999 -2.745528 -18.49105
-0.9387529 0.1734745 -0.9387529 -0.6527839 -7.366588
-0.9262567 0.3416781 -0.7652784 1.959106 4.585335
-0.9126319 0.4995 -0.4995 4.93434 16.84868
-0.8978953 0.6421448 -0.1734745 8.064599 28.81499
-0.8820646 0.7652784 0.1734745 11.10983 39.8308
-0.8651594 0.8651594 0.4995 13.8233 49.25297
-0.8472 0.9387529 0.7652784 15.97792 56.50595
-0.8282085 0.9838229 0.9387529 17.39095 61.13482
-0.808208 0.999 0.999 17.94396 62.84792
-0.7872227 0.9838229 0.9387529 17.59588 61.54467
-0.7652784 0.9387529 0.7652784 16.38753 57.32517
-0.7424017 0.8651594 0.4995 14.43709 50.48055
-0.7186205 0.7652784 0.1734745 11.92705 41.46524
-0.6939637 0.6421448 -0.1734745 9.084257 30.85431
-0.6684615 0.4995 -0.4995 6.155193 19.29038
-0.6421448 0.3416781 -0.7652784 3.379665 7.426455
-0.6150458 0.1734745 -0.9387529 0.9657516 -4.129517
-0.5871975 4.405528E-15 -0.999 -0.9309875 -14.86197
-0.5586337 -0.1734745 -0.9387529 -2.221678 -24.38234
-0.5293893 -0.3416781 -0.7652784 -2.89012 -32.44736
-0.4995 -0.4995 -0.4995 -2.99 -38.96
-0.4690021 -0.6421448 -0.1734745 -2.633831 -43.95345
-0.4379328 -0.7652784 0.1734745 -1.975075 -47.56129
-0.4063299 -0.8651594 0.4995 -1.185743 -49.97786
-0.374232 -0.9387529 0.7652784 -0.4322974 -51.41471
-0.3416781 -0.9838229 0.9387529 0.1471444 -52.05863
-0.308708 -0.999 0.999 0.4614598 -52.03708
-0.2753617 -0.9838229 0.9387529 0.4787264 -51.39546
-0.24168 -0.9387529 0.7652784 0.2304628 -50.08919
-0.2077038 -0.8651594 0.4995 -0.1926128 -47.9916
-0.1734745 -0.7652784 0.1734745 -0.6527838 -44.9167
-0.1390339 -0.6421448 -0.1734745 -0.9839901 -40.65377
-0.1044239 -0.4995 -0.4995 -1.01462 -35.00924
-0.06968672 -0.3416781 -0.7652784 -0.5916067 -27.85034
-0.0348646 -0.1734745 -0.9387529 0.3971667 -19.14465
-2.446763E-16 -9.787054E-16 -0.999 2.005 -8.99
0.0348646 0.1734745 -0.9387529 4.215303 2.369587
0.06968672 0.3416781 -0.7652784 6.938823 14.54477
0.1044239 0.4995 -0.4995 10.01962 27.01924
0.1390339 0.6421448 -0.1734745 13.24924 39.18428
0.1734745 0.7652784 0.1734745 16.38753 50.38619
0.2077038 0.8651594 0.4995 19.18761 59.9816
0.24168 0.9387529 0.7652784 21.42232 67.39476
0.2753617 0.9838229 0.9387529 22.9088 72.17052
0.308708 0.999 0.999 23.52854 74.01708
0.3416781 0.9838229 0.9387529 23.24039 72.83369
0.374232 0.9387529 0.7652784 22.08508 68.72028
0.4063299 0.8651594 0.4995 20.18074 61.96786
0.4379328 0.7652784 0.1734745 17.70982 53.03078
0.4690021 0.6421448 -0.1734745 14.89909 42.48396
0.4995 0.4995 -0.4995 11.995 30.97
0.5293893 0.3416781 -0.7652784 9.237336 19.1418
0.5586337 0.1734745 -0.9387529 6.834148 7.607279
0.5871975 4.650205E-15 -0.999 4.940988 -3.118025
0.6150458 -0.1734745 -0.9387529 3.646719 -12.64554
0.6421448 -0.3416781 -0.7652784 2.967551 -20.73202
0.6684615 -0.4995 -0.4995 2.849807 -27.28039
0.6939637 -0.6421448 -0.1734745 3.180998 -32.3238
0.7186205 -0.7652784 0.1734745 3.807691 -35.99575
0.7424017 -0.8651594 0.4995 4.557915 -38.49055
0.7652784 -0.9387529 0.7652784 5.265254 -40.01961
0.7872227 -0.9838229 0.9387529 5.791649 -40.76962
0.808208 -0.999 0.999 6.046041 -40.86792
0.8282085 -0.9838229 0.9387529 5.996578 -40.35976
0.8472 -0.9387529 0.7652784 5.674862 -39.20039
0.8651594 -0.8651594 0.4995 5.171703 -37.26297
0.8820646 -0.7652784 0.1734745 4.624912 -34.36131
0.8978953 -0.6421448 -0.1734745 4.200656 -30.28448
0.9126319 -0.4995 -0.4995 4.07066 -24.83868
0.9262567 -0.3416781 -0.7652784 4.388109 -17.8909
0.9387529 -0.1734745 -0.9387529 5.265255 -9.40847
0.9501055 -1.223382E-15 -0.999 6.755527 0.5110546
0.9603004 0.1734745 -0.9387529 8.842483 11.62395
0.9693254 0.3416781 -0.7652784 11.43702 23.54116
0.9771695 0.4995 -0.4995 14.38335 35.7467
0.9838229 0.6421448 -0.1734745 17.47319 47.63217
0.9892778 0.7652784 0.1734745 20.46655 58.54423
0.9935274 0.8651594 0.4995 23.11673 67.83984
0.9965665 0.9387529 0.7652784 25.19675 74.94363
0.9983914 0.9838229 0.9387529 26.52395 79.40081
0.999 0.999 0.999 26.98 80.92
0.9983914 0.9838229 0.9387529 26.52395 79.40081
0.9965665 0.9387529 0.7652784 25.19675 74.94363
0.9935274 0.8651594 0.4995 23.11673 67.83984
0.9892778 0.7652784 0.1734745 20.46655 58.54423
0.9838229 0.6421448 -0.1734745 17.47319 47.63217
0.9771695 0.4995 -0.4995 14.38335 35.7467
0.9693254 0.3416781 -0.7652784 11.43702 23.54116
0.9603004 0.1734745 -0.9387529 8.842483 11.62395
0.9501055 -2.203441E-15 -0.999 6.755527 0.5110546
0.9387529 -0.1734745 -0.9387529 5.265255 -9.40847
0.9262567 -0.3416781 -0.7652784 4.388109 -17.8909
0.9126319 -0.4995 -0.4995 4.07066 -24.83868
0.8978953 -0.6421448 -0.1734745 4.200656 -30.28448
0.8820646 -0.7652784 0.1734745 4.624912 -34.36131
0.8651594 -0.8651594 0.4995 5.171703 -37.26297
0.8472 -0.9387529 0.7652784 5.674862 -39.20039
0.8282085 -0.9838229 0.9387529 5.996578 -40.35976
0.808208 -0.999 0.999 6.046041 -40.86792
0.7872227 -0.9838229 0.9387529 5.791649 -40.76962
0.7652784 -0.9387529 0.7652784 5.265254 -40.01961
0.7424017 -0.8651594 0.4995 4.557915 -38.49055
0.7186205 -0.7652784 0.1734745 3.807691 -35.99575
0.6939637 -0.6421448 -0.1734745 3.180998 -32.3238
0.6684615 -0.4995 -0.4995 2.849807 -27.28039
0.6421448 -0.3416781 -0.7652784 2.967551 -20.73202
0.6150458 -0.1734745 -0.9387529 3.646719 -12.64554
0.5871975 -1.468058E-15 -0.999 4.940988 -3.118025
0.5586337 0.1734745 -0.9387529 6.834148 7.607279
0.5293893 0.3416781 -0.7652784 9.237336 19.1418
0.4995 0.4995 -0.4995 11.995 30.97
0.4690021 0.6421448 -0.1734745 14.89909 42.48396
0.4379328 0.7652784 0.1734745 17.70982 53.03078
0.4063299 0.8651594 0.4995 20.18074 61.96786
0.374232 0.9387529 0.7652784 22.08508 68.72028
0.3416781 0.9838229 0.9387529 23.24039 72.83369
0.308708 0.999 0.999 23.52854 74.01708
0.2753617 0.9838229 0.9387529 22.9088 72.17052
0.24168 0.9387529 0.7652784 21.42232 67.39476
0.2077038 0.8651594 0.4995 19.18761 59.9816
0.1734745 0.7652784 0.1734745 16.38753 50.38619
0.1390339 0.6421448 -0.1734745 13.24924 39.18428
0.1044239 0.4995 -0.4995 10.01962 27.01924
0.06968672 0.3416781 -0.7652784 6.938823 14.54477
0.0348646 0.1734745 -0.9387529 4.215303 2.369587
3.670145E-16 -1.958765E-15 -0.999 2.005 -8.99
-0.0348646 -0.1734745 -0.9387529 0.3971667 -19.14465
-0.06968672 -0.3416781 -0.7652784 -0.5916067 -27.85034
-0.1044239 -0.4995 -0.4995 -1.01462 -35.00924
-0.1390339 -0.6421448 -0.1734745 -0.9839901 -40.65377
-0.1734745 -0.7652784 0.1734745 -0.6527838 -44.9167
-0.2077038 -0.8651594 0.4995 -0.1926128 -47.9916
-0.24168 -0.9387529 0.7652784 0.2304628 -50.08919
-0.2753617 -0.9838229 0.9387529 0.4787264 -51.39546
-0.308708 -0.999 0.999 0.4614598 -52.03708
-0.3416781 -0.9838229 0.9387529 0.1471444 -52.05863
-0.374232 -0.9387529 0.7652784 -0.4322974 -51.41471
-0.4063299 -0.8651594 0.4995 -1.185743 -49.97786
-0.4379328 -0.7652784 0.1734745 -1.975075 -47.56129
-0.4690021 -0.6421448 -0.1734745 -2.633831 -43.95345
-0.4995 -0.4995 -0.4995 -2.99 -38.96
-0.5293893 -0.3416781 -0.7652784 -2.89012 -32.44736
-0.5586337 -0.1734745 -0.9387529 -2.221678 -24.38234
-0.5871975 -1.712734E-15 -0.999 -0.9309875 -14.86197
-0.6150458 0.1734745 -0.9387529 0.9657516 -4.129517
-0.6421448 0.3416781 -0.7652784 3.379665 7.426455
-0.6684615 0.4995 -0.4995 6.155193 19.29038
-0.6939637 0.6421448 -0.1734745 9.084257 30.85431
-0.7186205 0.7652784 0.1734745 11.92705 41.46524
-0.7424017 0.8651594 0.4995 14.43709 50.48055
-0.7652784 0.9387529 0.7652784 16.38753 57.32517
-0.7872227 0.9838229 0.9387529 17.59588 61.54467
-0.808208 0.999 0.999 17.94396 62.84792
-0.8282085 0.9838229 0.9387529 17.39095 61.13482
-0.8472 0.9387529 0.7652784 15.97792 56.50595
-0.8651594 0.8651594 0.4995 13.8233 49.25297
-0.8820646 0.7652784 0.1734745 11.10983 39.8308
-0.8978953 0.6421448 -0.1734745 8.064599 28.81499
-0.9126319 0.4995 -0.4995 4.93434 16.84868
-0.9262567 0.3416781 -0.7652784 1.959106 4.585335
-0.9387529 0.1734745 -0.9387529 -0.6527839 -7.366588
-0.9501055 -1.714088E-15 -0.999 -2.745528 -18.49105
-0.9603004 -0.1734745 -0.9387529 -4.230012 -28.399
-0.9693254 -0.3416781 -0.7652784 -5.0898 -36.84673
-0.9771695 -0.4995 -0.4995 -5.378347 -43.73669
-0.9838229 -0.6421448 -0.1734745 -5.207935 -49.10166
-0.9892778 -0.7652784 0.1734745 -4.731801 -53.07474
-0.9935274 -0.8651594 0.4995 -4.121731 -55.84984
-0.9965665 -0.9387529 0.7652784 -3.54397 -57.63806
-0.9983914 -0.9838229 0.9387529 -3.136422 -58.62576
-0.999 -0.999 0.999 -2.99 -58.94
-0.9983914 -0.9838229 0.9387529 -3.136422 -58.62576
-0.9965665 -0.9387529 0.7652784 -3.54397 -57.63806
-0.9935274 -0.8651594 0.4995 -4.121731 -55.84984
-0.9892778 -0.7652784 0.1734745 -4.731801 -53.07474
-0.9838229 -0.6421448 -0.1734745 -5.207935 -49.10166
-0.9771695 -0.4995 -0.4995 -5.378347 -43.73669
-0.9693254 -0.3416781 -0.7652784 -5.0898 -36.84673
-0.9603004 -0.1734745 -0.9387529 -4.230012 -28.399
-0.9501055 -1.957411E-15 -0.999 -2.745528 -18.49105
-0.9387529 0.1734745 -0.9387529 -0.6527839 -7.366588
-0.9262567 0.3416781 -0.7652784 1.959106 4.585335
-0.9126319 0.4995 -0.4995 4.93434 16.84868
-0.8978953 0.6421448 -0.1734745 8.064599 28.81499
-0.8820646 0.7652784 0.1734745 11.10983 39.8308
-0.8651594 0.8651594 0.4995 13.8233 49.25297
-0.8472 0.9387529 0.7652784 15.97792 56.50595
-0.8282085 0.9838229 0.9387529 17.39095 61.13482
-0.808208 0.999 0.999 17.94396 62.84792
-0.7872227 0.9838229 0.9387529 17.59588 61.54467
-0.7652784 0.9387529 0.7652784 16.38753 57.32517
-0.7424017 0.8651594 0.4995 14.43709 50.48055
-0.7186205 0.7652784 0.1734745 11.92705 41.46524
-0.6939637 0.6421448 -0.1734745 9.084257 30.85431
-0.6684615 0.4995 -0.4995 6.155193 19.29038
-0.6421448 0.3416781 -0.7652784 3.379665 7.426455
-0.6150458 0.1734745 -0.9387529 0.9657516 -4.129517
-0.5871975 -1.469412E-15 -0.999 -0.9309875 -14.86197
-0.5586337 -0.1734745 -0.9387529 -2.221678 -24.38234
-0.5293893 -0.3416781 -0.7652784 -2.89012 -32.44736
-0.4995 -0.4995 -0.4995 -2.99 -38.96
-0.4690021 -0.6421448 -0.1734745 -2.633831 -43.95345
-0.4379328 -0.7652784 0.1734745 -1.975075 -47.56129
-0.4063299 -0.8651594 0.4995 -1.185743 -49.97786
-0.374232 -0.9387529 0.7652784 -0.4322974 -51.41471
-0.3416781 -0.9838229 0.9387529 0.1471444 -52.05863
-0.308708 -0.999 0.999 0.4614598 -52.03708
-0.2753617 -0.9838229 0.9387529 0.4787264 -51.39546
-0.24168 -0.9387529 0.7652784 0.2304628 -50.08919
-0.2077038 -0.8651594 0.4995 -0.1926128 -47.9916
-0.1734745 -0.7652784 0.1734745 -0.6527838 -44.9167
-0.1390339 -0.6421448 -0.1734745 -0.9839901 -40.65377
-0.1044239 -0.4995 -0.4995 -1.01462 -35.00924
-0.06968672 -0.3416781 -0.7652784 -0.5916067 -27.85034
-0.0348646 -0.1734745 -0.9387529 0.3971667 -19.14465
-4.893527E-16 -2.202087E-15 -0.999 2.005 -8.99
0.0348646 0.1734745 -0.9387529 4.215303 2.369587
0.06968672 0.3416781 -0.7652784 6.938823 14.54477
0.1044239 0.4995 -0.4995 10.01962 27.01924
0.1390339 0.6421448 -0.1734745 13.24924 39.18428
0.1734745 0.7652784 0.1734745 16.38753 50.38619
0.2077038 0.8651594 0.4995 19.18761 59.9816
0.24168 0.9387529 0.7652784 21.42232 67.39476
0.2753617 0.9838229 0.9387529 22.9088 72.17052
0.308708 0.999 0.999 23.52854 74.01708
0.3416781 0.9838229 0.9387529 23.24039 72.83369
0.374232 0.9387529 0.7652784 22.08508 68.72028
0.4063299 0.8651594 0.4995 20.18074 61.96786
0.4379328 0.7652784 0.1734745 17.70982 53.03078
0.4690021 0.6421448 -0.1734745 14.89909 42.48396
0.4995 0.4995 -0.4995 11.995 30.97
0.5293893 0.3416781 -0.7652784 9.237336 19.1418
0.5586337 0.1734745 -0.9387529 6.834148 7.607279
0.5871975 -1.224736E-15 -0.999 4.940988 -3.118025
0.6150458 -0.1734745 -0.9387529 3.646719 -12.64554
0.6421448 -0.3416781 -0.7652784 2.967551 -20.73202
0.6684615 -0.4995 -0.4995 2.849807 -27.28039
0.6939637 -0.6421448 -0.1734745 3.180998 -32.3238
0.7186205 -0.7652784 0.1734745 3.807691 -35.99575
0.7424017 -0.8651594 0.4995 4.557915 -38.49055
0.7652784 -0.9387529 0.7652784 5.265254 -40.01961
0.7872227 -0.9838229 0.9387529 5.791649 -40.76962
0.808208 -0.999 0.999 6.046041 -40.86792
0.8282085 -0.9838229 0.9387529 5.996578 -40.35976
0.8472 -0.9387529 0.7652784 5.674862 -39.20039
0.8651594 -0.8651594 0.4995 5.171703 -37.26297
0.8820646 -0.7652784 0.1734745 4.624912 -34.36131
0.8978953 -0.6421448 -0.1734745 4.200656 -30.28448
0.9126319 -0.4995 -0.4995 4.07066 -24.83868
0.9262567 -0.3416781 -0.7652784 4.388109 -17.8909
0.9387529 -0.1734745 -0.9387529 5.265255 -9.40847
0.9501055 -2.446764E-15 -0.999 6.755527 0.5110546
0.9603004 0.1734745 -0.9387529 8.842483 11.62395
0.9693254 0.3416781 -0.7652784 11.43702 23.54116
0.9771695 0.4995 -0.4995 14.38335 35.7467
0.9838229 0.6421448 -0.1734745 17.47319 47.63217
0.9892778 0.7652784 0.1734745 20.46655 58.54423
0.9935274 0.8651594 0.4995 23.11673 67.83984
0.9965665 0.9387529 0.7652784 25.19675 74.94363
0.9983914 0.9838229 0.9387529 26.52395 79.40081
0.999 0.999 0.999 26.98 80.92
0.9983914 0.9838229 0.9387529 26.52395 79.40081
0.9965665 0.9387529 0.7652784 25.19675 74.94363
0.9935274 0.8651594 0.4995 23.11673 67.83984
0.9892778 0.7652784 0.1734745 20.46655 58.54423
0.9838229 0.6421448 -0.1734745 17.47319 47.63217
0.9771695 0.4995 -0.4995 14.38335 35.7467
0.9693254 0.3416781 -0.7652784 11.43702 23.54116
0.9603004 0.1734745 -0.9387529 8.842483 11.62395
0.9501055 1.321658E-14 -0.999 6.755527 0.5110546
0.9387529 -0.1734745 -0.9387529 5.265255 -9.40847
0.9262567 -0.3416781 -0.7652784 4.388109 -17.8909
0.9126319 -0.4995 -0.4995 4.07066 -24.83868
0.8978953 -0.6421448 -0.1734745 4.200656 -30.28448
0.8820646 -0.7652784 0.1734745 4.624912 -34.36131
0.8651594 -0.8651594 0.4995 5.171703 -37.26297
0.8472 -0.9387529 0.7652784 5.674862 -39.20039
0.8282085 -0.9838229 0.9387529 5.996578 -40.35976
0.808208 -0.999 0.999 6.046041 -40.86792
0.7872227 -0.9838229 0.9387529 5.791649 -40.76962
0.7652784 -0.9387529 0.7652784 5.265254 -40.01961
0.7424017 -0.8651594 0.4995 4.557915 -38.49055
0.7186205 -0.7652784 0.1734745 3.807691 -35.99575
0.6939637 -0.6421448 -0.1734745 3.180998 -32.3238
0.6684615 -0.4995 -0.4995 2.849807 -27.28039
0.6421448 -0.3416781 -0.7652784 2.967551 -20.73202
0.6150458 -0.1734745 -0.9387529 3.646719 -12.64554
0.5871975 -9.789762E-15 -0.999 4.940988 -3.118025
0.5586337 0.1734745 -0.9387529 6.834148 7.607279
0.5293893 0.3416781 -0.7652784 9.237336 19.1418
0.4995 0.4995 -0.4995 11.995 30.97
0.4690021 0.6421448 -0.1734745 14.89909 42.48396
0.4379328 0.7652784 0.1734745 17.70982 53.03078
0.4063299 0.8651594 0.4995 20.18074 61.96786
0.374232 0.9387529 0.7652784 22.08508 68.72028
0.3416781 0.9838229 0.9387529 23.24039 72.83369
0.308708 0.999 0.999 23.52854 74.01708
0.2753617 0.9838229 0.9387529 22.9088 72.17052
0.24168 0.9387529 0.7652784 21.42232 67.39476
0.2077038 0.8651594 0.4995 19.18761 59.9816
0.1734745 0.7652784 0.1734745 16.38753 50.38619
0.1390339 0.6421448 -0.1734745 13.24924 39.18428
0.1044239 0.4995 -0.4995 10.01962 27.01924
0.06968672 0.3416781 -0.7652784 6.938823 14.54477
0.0348646 0.1734745 -0.9387529 4.215303 2.369587
6.116909E-16 6.362939E-15 -0.999 2.005 -8.99
-0.0348646 -0.1734745 -0.9387529 0.3971667 -19.14465
-0.06968672 -0.3416781 -0.7652784 -0.5916067 -27.85034
-0.1044239 -0.4995 -0.4995 -1.01462 -35.00924
-0.1390339 -0.6421448 -0.1734745 -0.9839901 -40.65377
-0.1734745 -0.7652784 0.1734745 -0.6527838 -44.9167
-0.2077038 -0.8651594 0.4995 -0.1926128 -47.9916
-0.24168 -0.9387529 0.7652784 0.2304628 -50.08919
-0.2753617 -0.9838229 0.9387529 0.4787264 -51.39546
-0.308708 -0.999 0.999 0.4614598 -52.03708
-0.3416781 -0.9838229 0.9387529 0.1471444 -52.05863
-0.374232 -0.9387529 0.7652784 -0.4322974 -51.41471
-0.4063299 -0.8651594 0.4995 -1.185743 -49.97786
-0.4379328 -0.7652784 0.1734745 -1.975075 -47.56129
-0.4690021 -0.6421448 -0.1734745 -2.633831 -43.95345
-0.4995 -0.4995 -0.4995 -2.99 -38.96
-0.5293893 -0.3416781 -0.7652784 -2.89012 -32.44736
-0.5586337 -0.1734745 -0.9387529 -2.221678 -24.38234
-0.5871975 -2.936116E-15 -0.999 -0.9309875 -14.86197
-0.6150458 0.1734745 -0.9387529 0.9657516 -4.129517
-0.6421448 0.3416781 -0.7652784 3.379665 7.426455
-0.6684615 0.4995 -0.4995 6.155193 19.29038
-0.6939637 0.6421448 -0.1734745 9.084257 30.85431
-0.7186205 0.7652784 0.1734745 11.92705 41.46524
-0.7424017 0.8651594 0.4995 14.43709 50.48055
-0.7652784 0.9387529 0.7652784 16.38753 57.32517
-0.7872227 0.9838229 0.9387529 17.59588 61.54467
-0.808208 0.999 0.999 17.94396 62.84792
-0.8282085 0.9838229 0.9387529 17.39095 61.13482
-0.8472 0.9387529 0.7652784 15.97792 56.50595
-0.8651594 0.8651594 0.4995 13.8233 49.25297
-0.8820646 0.7652784 0.1734745 11.10983 39.8308
-0.8978953 0.6421448 -0.1734745 8.064599 28.81499
-0.9126319 0.4995 -0.4995 4.93434 16.84868
-0.9262567 0.3416781 -0.7652784 1.959106 4.585335
-0.9387529 0.1734745 -0.9387529 -0.6527839 -7.366588
-0.9501055 1.370594E-14 -0.999 -2.745528 -18.49105
-0.9603004 -0.1734745 -0.9387529 -4.230012 -28.399
-0.9693254 -0.3416781 -0.7652784 -5.0898 -36.84673
-0.9771695 -0.4995 -0.4995 -5.378347 -43.73669
-0.9838229 -0.6421448 -0.1734745 -5.207935 -49.10166
-0.9892778 -0.7652784 0.1734745 -4.731801 -53.07474
-0.9935274 -0.8651594 0.4995 -4.121731 -55.84984
-0.9965665 -0.9387529 0.7652784 -3.54397 -57.63806
-0.9983914 -0.9838229 0.9387529 -3.136422 -58.62576
-0.999 -0.999 0.999 -2.99 -58.94
-0.9983914 -0.9838229 0.9387529 -3.136422 -58.62576
-0.9965665 -0.9387529 0.7652784 -3.54397 -57.63806
-0.9935274 -0.8651594 0.4995 -4.121731 -55.84984
-0.9892778 -0.7652784 0.1734745 -4.731801 -53.07474
-0.9838229 -0.6421448 -0.1734745 -5.207935 -49.10166
-0.9771695 -0.4995 -0.4995 -5.378347 -43.73669
-0.9693254 -0.3416781 -0.7652784 -5.0898 -36.84673
-0.9603004 -0.1734745 -0.9387529 -4.230012 -28.399
-0.9501055 -1.027911E-14 -0.999 -2.745528 -18.49105
-0.9387529 0.1734745 -0.9387529 -0.6527839 -7.366588
-0.9262567 0.3416781 -0.7652784 1.959106 4.585335
-0.9126319 0.4995 -0.4995 4.93434 16.84868
-0.8978953 0.6421448 -0.1734745 8.064599 28.81499
-0.8820646 0.7652784 0.1734745 11.10983 39.8308
-0.8651594 0.8651594 0.4995 13.8233 49.25297
-0.8472 0.9387529 0.7652784 15.97792 56.50595
-0.8282085 0.9838229 0.9387529 17.39095 61.13482
-0.808208 0.999 0.999 17.94396 62.84792
-0.7872227 0.9838229 0.9387529 17.59588 61.54467
-0.7652784 0.9387529 0.7652784 16.38753 57.32517
-0.7424017 0.8651594 0.4995 14.43709 50.48055
-0.7186205 0.7652784 0.1734745 11.92705 41.46524
-0.6939637 0.6421448 -0.1734745 9.084257 30.85431
-0.6684615 0.4995 -0.4995 6.155193 19.29038
-0.6421448 0.3416781 -0.7652784 3.379665 7.426455
-0.6150458 0.1734745 -0.9387529 0.9657516 -4.129517
-0.5871975 6.852292E-15 -0.999 -0.9309875 -14.86197
-0.5586337 -0.1734745 -0.9387529 -2.221678 -24.38234
-0.5293893 -0.3416781 -0.7652784 -2.89012 -32.44736
-0.4995 -0.4995 -0.4995 -2.99 -38.96
-0.4690021 -0.6421448 -0.1734745 -2.633831 -43.95345
-0.4379328 -0.7652784 0.1734745 -1.975075 -47.56129
-0.4063299 -0.8651594 0.4995 -1.185743 -49.97786
-0.374232 -0.9387529 0.7652784 -0.4322974 -51.41471
-0.3416781 -0.9838229 0.9387529 0.1471444 -52.05863
-0.308708 -0.999 0.999 0.4614598 -52.03708
-0.2753617 -0.9838229 0.9387529 0.4787264 -51.39546
-0.24168 -0.9387529 0.7652784 0.2304628 -50.08919
-0.2077038 -0.8651594 0.4995 -0.1926128 -47.9916
-0.1734745 -0.7652784 0.1734745 -0.6527838 -44.9167
-0.1390339 -0.6421448 -0.1734745 -0.9839901 -40.65377
-0.1044239 -0.4995 -0.4995 -1.01462 -35.00924
-0.06968672 -0.3416781 -0.7652784 -0.5916067 -27.85034
-0.0348646 -0.1734745 -0.9387529 0.3971667 -19.14465
-7.340291E-16 -3.425469E-15 -0.999 2.005 -8.99
0.0348646 0.1734745 -0.9387529 4.215303 2.369587
0.06968672 0.3416781 -0.7652784 6.938823 14.54477
0.1044239 0.4995 -0.4995 10.01962 27.01924
0.1390339 0.6421448 -0.1734745 13.24924 39.18428
0.1734745 0.7652784 0.1734745 16.38753 50.38619
0.2077038 0.8651594 0.4995 19.18761 59.9816
0.24168 0.9387529 0.7652784 21.42232 67.39476
0.2753617 0.9838229 0.9387529 22.9088 72.17052
0.308708 0.999 0.999 23.52854 74.01708
0.3416781 0.9838229 0.9387529 23.24039 72.83369
0.374232 0.9387529 0.7652784 22.08508 68.72028
0.4063299 0.8651594 0.4995 20.18074 61.96786
0.4379328 0.7652784 0.1734745 17.70982 53.03078
0.4690021 0.6421448 -0.1734745 14.89909 42.48396
0.4995 0.4995 -0.4995 11.995 30.97
0.5293893 0.3416781 -0.7652784 9.237336 19.1418
0.5586337 0.1734745 -0.9387529 6.834148 7.607279
0.5871975 1.419529E-14 -0.999 4.940988 -3.118025
0.6150458 -0.1734745 -0.9387529 3.646719 -12.64554
0.6421448 -0.3416781 -0.7652784 2.967551 -20.73202
0.6684615 -0.4995 -0.4995 2.849807 -27.28039
0.6939637 -0.6421448 -0.1734745 3.180998 -32.3238
0.7186205 -0.7652784 0.1734745 3.807691 -35.99575
0.7424017 -0.8651594 0.4995 4.557915 -38.49055
0.7652784 -0.9387529 0.7652784 5.265254 -40.01961
0.7872227 -0.9838229 0.9387529 5.791649 -40.76962
0.808208 -0.999 0.999 6.046041 -40.86792
0.8282085 -0.9838229 0.9387529 5.996578 -40.35976
0.8472 -0.9387529 0.7652784 5.674862 -39.20039
0.8651594 -0.8651594 0.4995 5.171703 -37.26297
0.8820646 -0.7652784 0.1734745 4.624912 -34.36131
0.8978953 -0.6421448 -0.1734745 4.200656 -30.28448
0.9126319 -0.4995 -0.4995 4.07066 -24.83868
0.9262567 -0.3416781 -0.7652784 4.388109 -17.8909
0.9387529 -0.1734745 -0.9387529 5.265255 -9.40847
0.9501055 -1.076847E-14 -0.999 6.755527 0.5110546
0.9603004 0.1734745 -0.9387529 8.842483 11.62395
0.9693254 0.3416781 -0.7652784 11.43702 23.54116
0.9771695 0.4995 -0.4995 14.38335 35.7467
0.9838229 0.6421448 -0.1734745 17.47319 47.63217
0.9892778 0.7652784 0.1734745 20.46655 58.54423
0.9935274 0.8651594 0.4995 23.11673 67.83984
0.9965665 0.9387529 0.7652784 25.19675 74.94363
0.9983914 0.9838229 0.9387529 26.52395 79.40081
0.999 0.999 0.999 26.98 80.92
0.9983914 0.9838229 0.9387529 26.52395 79.40081
0.9965665 0.9387529 0.7652784 25.19675 74.94363
0.9935274 0.8651594 0.4995 23.11673 67.83984
0.9892778 0.7652784 0.1734745 20.46655 58.54423
0.9838229 0.6421448 -0.1734745 17.47319 47.63217
0.9771695 0.4995 -0.4995 14.38335 35.7467
0.9693254 0.3416781 -0.7652784 11.43702 23.54116
0.9603004 0.1734745 -0.9387529 8.842483 11.62395
0.9501055 7.341645E-15 -0.999 6.755527 0.5110546
0.9387529 -0.1734745 -0.9387529 5.265255 -9.40847
0.9262567 -0.3416781 -0.7652784 4.388109 -17.8909
0.9126319 -0.4995 -0.4995 4.07066 -24.83868
0.8978953 -0.6421448 -0.1734745 4.200656 -30.28448
0.8820646 -0.7652784 0.1734745 4.624912 -34.36131
0.8651594 -0.8651594 0.4995 5.171703 -37.26297
0.8472 -0.9387529 0.7652784 5.674862 -39.20039
0.8282085 -0.9838229 0.9387529 5.996578 -40.35976
0.808208 -0.999 0.999 6.046041 -40.86792
0.7872227 -0.9838229 0.9387529 5.791649 -40.76962
0.7652784 -0.9387529 0.7652784 5.265254 -40.01961
0.7424017 -0.8651594 0.4995 4.557915 -38.49055
0.7186205 -0.7652784 0.1734745 3.807691 -35.99575
0.6939637 -0.6421448 -0.1734745 3.180998 -32.3238
0.6684615 -0.4995 -0.4995 2.849807 -27.28039
0.6421448 -0.3416781 -0.7652784 2.967551 -20.73202
0.6150458 -0.1734745 -0.9387529 3.646719 -12.64554
0.5871975 -3.914822E-15 -0.999 4.940988 -3.118025
0.5586337 0.1734745 -0.9387529 6.834148 7.607279
0.5293893 0.3416781 -0.7652784 9.237336 19.1418
0.4995 0.4995 -0.4995 11.995 30.97
0.4690021 0.6421448 -0.1734745 14.89909 42.48396
0.4379328 0.7652784 0.1734745 17.70982 53.03078
0.4063299 0.8651594 0.4995 20.18074 61.96786
0.374232 0.9387529 0.7652784 22.08508 68.72028
0.3416781 0.9838229 0.9387529 23.24039 72.83369
0.308708 0.999 0.999 23.52854 74.01708
0.2753617 0.9838229 0.9387529 22.9088 72.17052
0.24168 0.9387529 0.7652784 21.42232 67.39476
0.2077038 0.8651594 0.4995 19.18761 59.9816
0.1734745 0.7652784 0.1734745 16.38753 50.38619
0.1390339 0.6421448 -0.1734745 13.24924 39.18428
0.1044239 0.4995 -0.4995 10.01962 27.01924
0.06968672 0.3416781 -0.7652784 6.938823 14.54477
0.0348646 0.1734745 -0.9387529 4.215303 2.369587
-2.692794E-15 1.468464E-14 -0.999 2.005 -8.99
-0.0348646 -0.1734745 -0.9387529 0.3971667 -19.14465
-0.06968672 -0.3416781 -0.7652784 -0.5916067 -27.85034
-0.1044239 -0.4995 -0.4995 -1.01462 -35.00924
-0.1390339 -0.6421448 -0.1734745 -0.9839901 -40.65377
-0.1734745 -0.7652784 0.1734745 -0.6527838 -44.9167
-0.2077038 -0.8651594 0.4995 -0.1926128 -47.9916
-0.24168 -0.9387529 0.7652784 0.2304628 -50.08919
-0.2753617 -0.9838229 0.9387529 0.4787264 -51.39546
-0.308708 -0.999 0.999 0.4614598 -52.03708
-0.3416781 -0.9838229 0.9387529 0.1471444 -52.05863
-0.374232 -0.9387529 0.7652784 -0.4322974 -51.41471
-0.4063299 -0.8651594 0.4995 -1.185743 -49.97786
-0.4379328 -0.7652784 0.1734745 -1.975075 -47.56129
-0.4690021 -0.6421448 -0.1734745 -2.633831 -43.95345
-0.4995 -0.4995 -0.4995 -2.99 -38.96
-0.5293893 -0.3416781 -0.7652784 -2.89012 -32.44736
-0.5586337 -0.1734745 -0.9387529 -2.221678 -24.38234
-0.5871975 -1.125782E-14 -0.999 -0.9309875 -14.86197
-0.6150458 0.1734745 -0.9387529 0.9657516 -4.129517
-0.6421448 0.3416781 -0.7652784 3.379665 7.426455
-0.6684615 0.4995 -0.4995 6.155193 19.29038
-0.6939637 0.6421448 -0.1734745 9.084257 30.85431
-0.7186205 0.7652784 0.1734745 11.92705 41.46524
-0.7424017 0.8651594 0.4995 14.43709 50.48055
-0.7652784 0.9387529 0.7652784 16.38753 57.32517
-0.7872227 0.9838229 0.9387529 17.59588 61.54467
-0.808208 0.999 0.999 17.94396 62.84792
-0.8282085 0.9838229 0.9387529 17.39095 61.13482
-0.8472 0.9387529 0.7652784 15.97792 56.50595
-0.8651594 0.8651594 0.4995 13.8233 49.25297
-0.8820646 0.7652784 0.1734745 11.10983 39.8308
-0.8978953 0.6421448 -0.1734745 8.064599 28.81499
-0.9126319 0.4995 -0.4995 4.93434 16.84868
-0.9262567 0.3416781 -0.7652784 1.959106 4.585335
-0.9387529 0.1734745 -0.9387529 -0.6527839 -7.366588
-0.9501055 7.830997E-15 -0.999 -2.745528 -18.49105
-0.9603004 -0.1734745 -0.9387529 -4.230012 -28.399
-0.9693254 -0.3416781 -0.7652784 -5.0898 -36.84673
-0.9771695 -0.4995 -0.4995 -5.378347 -43.73669
-0.9838229 -0.6421448 -0.1734745 -5.207935 -49.10166
-0.9892778 -0.7652784 0.1734745 -4.731801 -53.07474
-0.9935274 -0.8651594 0.4995 -4.121731 -55.84984
-0.9965665 -0.9387529 0.7652784 -3.54397 -57.63806
-0.9983914 -0.9838229 0.9387529 -3.136422 -58.62576
-0.999 -0.999 0.999 -2.99 -58.94
-0.9983914 -0.9838229 0.9387529 -3.136422 -58.62576
-0.9965665 -0.9387529 0.7652784 -3.54397 -57.63806
-0.9935274 -0.8651594 0.4995 -4.121731 -55.84984
-0.9892778 -0.7652784 0.1734745 -4.731801 -53.07474
-0.9838229 -0.6421448 -0.1734745 -5.207935 -49.10166
-0.9771695 -0.4995 -0.4995 -5.378347 -43.73669
-0.9693254 -0.3416781 -0.7652784 -5.0898 -36.84673
-0.9603004 -0.1734745 -0.9387529 -4.230012 -28.399
-0.9501055 -1.860082E-14 -0.999 -2.745528 -18.49105
-0.9387529 0.1734745 -0.9387529 -0.6527839 -7.366588
-0.9262567 0.3416781 -0.7652784 1.959106 4.585335
-0.9126319 0.4995 -0.4995 4.93434 16.84868
-0.8978953 0.6421448 -0.1734745 8.064599 28.81499
-0.8820646 0.7652784 0.1734745 11.10983 39.8308
-0.8651594 0.8651594 0.4995 13.8233 49.25297
-0.8472 0.9387529 0.7652784 15.97792 56.50595
-0.8282085 0.9838229 0.9387529 17.39095 61.13482
-0.808208 0.999 0.999 17.94396 62.84792
-0.7872227 0.9838229 0.9387529 17.59588 61.54467
-0.7652784 0.9387529 0.7652784 16.38753 57.32517
-0.7424017 0.8651594 0.4995 14.43709 50.48055
-0.7186205 0.7652784 0.1734745 11.92705 41.46524
-0.6939637 0.6421448 -0.1734745 9.084257 30.85431
-0.6684615 0.4995 -0.4995 6.155193 19.29038
-0.6421448 0.3416781 -0.7652784 3.379665 7.426455
-0.6150458 0.1734745 -0.9387529 0.9657516 -4.129517
-0.5871975 1.5174E-14 -0.999 -0.9309875 -14.86197
-0.5586337 -0.1734745 -0.9387529 -2.221678 -24.38234
-0.5293893 -0.3416781 -0.7652784 -2.89012 -32.44736
-0.4995 -0.4995 -0.4995 -2.99 -38.96
-0.4690021 -0.6421448 -0.1734745 -2.633831 -43.95345
-0.4379328 -0.7652784 0.1734745 -1.975075 -47.56129
-0.4063299 -0.8651594 0.4995 -1.185743 -49.97786
-0.374232 -0.9387529 0.7652784 -0.4322974 -51.41471
-0.3416781 -0.9838229 0.9387529 0.1471444 -52.05863
-0.308708 -0.999 0.999 0.4614598 -52.03708
-0.2753617 -0.9838229 0.9387529 0.4787264 -51.39546
-0.24168 -0.9387529 0.7652784 0.2304628 -50.08919
-0.2077038 -0.8651594 0.4995 -0.1926128 -47.9916
-0.1734745 -0.7652784 0.1734745 -0.6527838 -44.9167
-0.1390339 -0.6421448 -0.1734745 -0.9839901 -40.65377
-0.1044239 -0.4995 -0.4995 -1.01462 -35.00924
-0.06968672 -0.3416781 -0.7652784 -0.5916067 -27.85034
-0.0348646 -0.1734745 -0.9387529 0.3971667 -19.14465
-9.787054E-16 -1.174717E-14 -0.999 2.005 -8.99
0.0348646 0.1734745 -0.9387529 4.215303 2.369587
0.06968672 0.3416781 -0.7652784 6.938823 14.54477
0.1044239 0.4995 -0.4995 10.01962 27.01924
0.1390339 0.6421448 -0.1734745 13.24924 39.18428
0.1734745 0.7652784 0.1734745 16.38753 50.38619
0.2077038 0.8651594 0.4995 19.18761 59.9816
0.24168 0.9387529 0.7652784 21.42232 67.39476
0.2753617 0.9838229 0.9387529 22.9088 72.17052
0.308708 0.999 0.999 23.52854 74.01708
0.3416781 0.9838229 0.9387529 23.24039 72.83369
0.374232 0.9387529 0.7652784 22.08508 68.72028
0.4063299 0.8651594 0.4995 20.18074 61.96786
0.4379328 0.7652784 0.1734745 17.70982 53.03078
0.4690021 0.6421448 -0.1734745 14.89909 42.48396
0.4995 0.4995 -0.4995 11.995 30.97
0.5293893 0.3416781 -0.7652784 9.237336 19.1418
0.5586337 0.1734745 -0.9387529 6.834148 7.607279
0.5871975 8.32035E-15 -0.999 4.940988 -3.118025
0.6150458 -0.1734745 -0.9387529 3.646719 -12.64554
0.6421448 -0.3416781 -0.7652784 2.967551 -20.73202
0.6684615 -0.4995 -0.4995 2.849807 -27.28039
0.6939637 -0.6421448 -0.1734745 3.180998 -32.3238
0.7186205 -0.7652784 0.1734745 3.807691 -35.99575
0.7424017 -0.8651594 0.4995 4.557915 -38.49055
0.7652784 -0.9387529 0.7652784 5.265254 -40.01961
0.7872227 -0.9838229 0.9387529 5.791649 -40.76962
0.808208 -0.999 0.999 6.046041 -40.86792
0.8282085 -0.9838229 0.9387529 5.996578 -40.35976
0.8472 -0.9387529 0.7652784 5.674862 -39.20039
0.8651594 -0.8651594 0.4995 5.171703 -37.26297
0.8820646 -0.7652784 0.1734745 4.624912 -34.36131
0.8978953 -0.6421448 -0.1734745 4.200656 -30.28448
0.9126319 -0.4995 -0.4995 4.07066 -24.83868
0.9262567 -0.3416781 -0.7652784 4.388109 -17.8909
0.9387529 -0.1734745 -0.9387529 5.265255 -9.40847
0.9501055 -1.909017E-14 -0.999 6.755527 0.5110546
0.9603004 0.1734745 -0.9387529 8.842483 11.62395
0.9693254 0.3416781 -0.7652784 11.43702 23.54116
0.9771695 0.4995 -0.4995 14.38335 35.7467
0.9838229 0.6421448 -0.1734745 17.47319 47.63217
0.9892778 0.7652784 0.1734745 20.46655 58.54423
0.9935274 0.8651594 0.4995 23.11673 67.83984
0.9965665 0.9387529 0.7652784 25.19675 74.94363
0.9983914 0.9838229 0.9387529 26.52395 79.40081
0.999 0.999 0.999 26.98 80.92
0.9983914 0.9838229 0.9387529 26.52395 79.40081
0.9965665 0.9387529 0.7652784 25.19675 74.94363
0.9935274 0.8651594 0.4995 23.11673 67.83984
0.9892778 0.7652784 0.1734745 20.46655 58.54423
0.9838229 0.6421448 -0.1734745 17.47319 47.63217
0.9771695 0.4995 -0.4995 14.38335 35.7467
0.9693254 0.3416781 -0.7652784 11.43702 23.54116
0.9603004 0.1734745 -0.9387529 8.842483 11.62395
0.9501055 1.566335E-14 -0.999 6.755527 0.5110546
0.9387529 -0.1734745 -0.9387529 5.265255 -9.40847
0.9262567 -0.3416781 -0.7652784 4.388109 -17.8909
0.9126319 -0.4995 -0.4995 4.07066 -24.83868
0.8978953 -0.6421448 -0.1734745 4.200656 -30.28448
0.8820646 -0.7652784 0.1734745 4.624912 -34.36131
0.8651594 -0.8651594 0.4995 5.171703 -37.26297
0.8472 -0.9387529 0.7652784 5.674862 -39.20039
0.8282085 -0.9838229 0.9387529 5.996578 -40.35976
0.808208 -0.999 0.999 6.046041 -40.86792
0.7872227 -0.9838229 0.9387529 5.791649 -40.76962
0.7652784 -0.9387529 0.7652784 5.265254 -40.01961
0.7424017 -0.8651594 0.4995 4.557915 -38.49055
0.7186205 -0.7652784 0.1734745 3.807691 -35.99575
0.6939637 -0.6421448 -0.1734745 3.180998 -32.3238
0.6684615 -0.4995 -0.4995 2.849807 -27.28039
0.6421448 -0.3416781 -0.7652784 2.967551 -20.73202
0.6150458 -0.1734745 -0.9387529 3.646719 -12.64554
0.5871975 -2.643317E-14 -0.999 4.940988 -3.118025
0.5586337 0.1734745 -0.9387529 6.834148 7.607279
0.5293893 0.3416781 -0.7652784 9.237336 19.1418
0.4995 0.4995 -0.4995 11.995 30.97
0.4690021 0.6421448 -0.1734745 14.89909 42.48396
0.4379328 0.7652784 0.1734745 17.70982 53.03078
0.4063299 0.8651594 0.4995 20.18074 61.96786
0.374232 0.9387529 0.7652784 22.08508 68.72028
0.3416781 0.9838229 0.9387529 23.24039 72.83369
0.308708 0.999 0.999 23.52854 74.01708
0.2753617 0.9838229 0.9387529 22.9088 72.17052
0.24168 0.9387529 0.7652784 21.42232 67.39476
0.2077038 0.8651594 0.4995 19.18761 59.9816
0.1734745 0.7652784 0.1734745 16.38753 50.38619
0.1390339 0.6421448 -0.1734745 13.24924 39.18428
0.1044239 0.4995 -0.4995 10.01962 27.01924
0.06968672 0.3416781 -0.7652784 6.938823 14.54477
0.0348646 0.1734745 -0.9387529 4.215303 2.369587
-2.448117E-15 8.809703E-15 -0.999 2.005 -8.99
-0.0348646 -0.1734745 -0.9387529 0.3971667 -19.14465
-0.06968672 -0.3416781 -0.7652784 -0.5916067 -27.85034
-0.1044239 -0.4995 -0.4995 -1.01462 -35.00924
-0.1390339 -0.6421448 -0.1734745 -0.9839901 -40.65377
-0.1734745 -0.7652784 0.1734745 -0.6527838 -44.9167
-0.2077038 -0.8651594 0.4995 -0.1926128 -47.9916
-0.24168 -0.9387529 0.7652784 0.2304628 -50.08919
-0.2753617 -0.9838229 0.9387529 0.4787264 -51.39546
-0.308708 -0.999 0.999 0.4614598 -52.03708
-0.3416781 -0.9838229 0.9387529 0.1471444 -52.05863
-0.374232 -0.9387529 0.7652784 -0.4322974 -51.41471
-0.4063299 -0.8651594 0.4995 -1.185743 -49.97786
-0.4379328 -0.7652784 0.1734745 -1.975075 -47.56129
-0.4690021 -0.6421448 -0.1734745 -2.633831 -43.95345
-0.4995 -0.4995 -0.4995 -2.99 -38.96
-0.5293893 -0.3416781 -0.7652784 -2.89012 -32.44736
-0.5586337 -0.1734745 -0.9387529 -2.221678 -24.38234
-0.5871975 -1.957952E-14 -0.999 -0.9309875 -14.86197
-0.6150458 0.1734745 -0.9387529 0.9657516 -4.129517
-0.6421448 0.3416781 -0.7652784 3.379665 7.426455
-0.6684615 0.4995 -0.4995 6.155193 19.29038
-0.6939637 0.6421448 -0.1734745 9.084257 30.85431
-0.7186205 0.7652784 0.1734745 11.92705 41.46524
-0.7424017 0.8651594 0.4995 14.43709 50.48055
-0.7652784 0.9387529 0.7652784 16.38753 57.32517
-0.7872227 0.9838229 0.9387529 17.59588 61.54467
-0.808208 0.999 0.999 17.94396 62.84792
-0.8282085 0.9838229 0.9387529 17.39095 61.13482
-0.8472 0.9387529 0.7652784 15.97792 56.50595
-0.8651594 0.8651594 0.4995 13.8233 49.25297
-0.8820646 0.7652784 0.1734745 11.10983 39.8308
-0.8978953 0.6421448 -0.1734745 8.064599 28.81499
-0.9126319 0.4995 -0.4995 4.93434 16.84868
-0.9262567 0.3416781 -0.7652784 1.959106 4.585335
-0.9387529 0.1734745 -0.9387529 -0.6527839 -7.366588
-0.9501055 1.956057E-15 -0.999 -2.745528 -18.49105
-0.9603004 -0.1734745 -0.9387529 -4.230012 -28.399
-0.9693254 -0.3416781 -0.7652784 -5.0898 -36.84673
-0.9771695 -0.4995 -0.4995 -5.378347 -43.73669
-0.9838229 -0.6421448 -0.1734745 -5.207935 -49.10166
-0.9892778 -0.7652784 0.1734745 -4.731801 -53.07474
-0.9935274 -0.8651594 0.4995 -4.121731 -55.84984
-0.9965665 -0.9387529 0.7652784 -3.54397 -57.63806
-0.9983914 -0.9838229 0.9387529 -3.136422 -58.62576
-0.999 -0.999 0.999 -2.99 -58.94
-0.9983914 -0.9838229 0.9387529 -3.136422 -58.62576
-0.9965665 -0.9387529 0.7652784 -3.54397 -57.63806
-0.9935274 -0.8651594 0.4995 -4.121731 -55.84984
-0.9892778 -0.7652784 0.1734745 -4.731801 -53.07474
-0.9838229 -0.6421448 -0.1734745 -5.207935 -49.10166
-0.9771695 -0.4995 -0.4995 -5.378347 -43.73669
-0.9693254 -0.3416781 -0.7652784 -5.0898 -36.84673
-0.9603004 -0.1734745 -0.9387529 -4.230012 -28.399
-0.9501055 -1.272588E-14 -0.999 -2.745528 -18.49105
-0.9387529 0.1734745 -0.9387529 -0.6527839 -7.366588
-0.9262567 0.3416781 -0.7652784 1.959106 4.585335
-0.9126319 0.4995 -0.4995 4.93434 16.84868
-0.8978953 0.6421448 -0.1734745 8.064599 28.81499
-0.8820646 0.7652784 0.1734745 11.10983 39.8308
-0.8651594 0.8651594 0.4995 13.8233 49.25297
-0.8472 0.9387529 0.7652784 15.97792 56.50595
-0.8282085 0.9838229 0.9387529 17.39095 61.13482
-0.808208 0.999 0.999 17.94396 62.84792
-0.7872227 0.9838229 0.9387529 17.59588 61.54467
-0.7652784 0.9387529 0.7652784 16.38753 57.32517
-0.7424017 0.8651594 0.4995 14.43709 50.48055
-0.7186205 0.7652784 0.1734745 11.92705 41.46524
-0.6939637 0.6421448 -0.1734745 9.084257 30.85431
-0.6684615 0.4995 -0.4995 6.155193 19.29038
-0.6421448 0.3416781 -0.7652784 3.379665 7.426455
-0.6150458 0.1734745 -0.9387529 0.9657516 -4.129517
-0.5871975 2.34957E-14 -0.999 -0.9309875 -14.86197
-0.5586337 -0.1734745 -0.9387529 -2.221678 -24.38234
-0.5293893 -0.3416781 -0.7652784 -2.89012 -32.44736
-0.4995 -0.4995 -0.4995 -2.99 -38.96
-0.4690021 -0.6421448 -0.1734745 -2.633831 -43.95345
-0.4379328 -0.7652784 0.1734745 -1.975075 -47.56129
-0.4063299 -0.8651594 0.4995 -1.185743 -49.97786
-0.374232 -0.9387529 0.7652784 -0.4322974 -51.41471
-0.3416781 -0.9838229 0.9387529 0.1471444 -52.05863
-0.308708 -0.999 0.999 0.4614598 -52.03708
-0.2753617 -0.9838229 0.9387529 0.4787264 -51.39546
-0.24168 -0.9387529 0.7652784 0.2304628 -50.08919
-0.2077038 -0.8651594 0.4995 -0.1926128 -47.9916
-0.1734745 -0.7652784 0.1734745 -0.6527838 -44.9167
-0.1390339 -0.6421448 -0.1734745 -0.9839901 -40.65377
-0.1044239 -0.4995 -0.4995 -1.01462 -35.00924
-0.06968672 -0.3416781 -0.7652784 -0.5916067 -27.85034
-0.0348646 -0.1734745 -0.9387529 0.3971667 -19.14465
-1.223382E-15 -5.872233E-15 -0.999 2.005 -8.99
0.0348646 0.1734745 -0.9387529 4.215303 2.369587
0.06968672 0.3416781 -0.7652784 6.938823 14.54477
0.1044239 0.4995 -0.4995 10.01962 27.01924
0.1390339 0.6421448 -0.1734745 13.24924 39.18428
0.1734745 0.7652784 0.1734745 16.38753 50.38619
0.2077038 0.8651594 0.4995 19.18761 59.9816
0.24168 0.9387529 0.7652784 21.42232 67.39476
0.2753617 0.9838229 0.9387529 22.9088 72.17052
0.308708 0.999 0.999 23.52854 74.01708
0.3416781 0.9838229 0.9387529 23.24039 72.83369
0.374232 0.9387529 0.7652784 22.08508 68.72028
0.4063299 0.8651594 0.4995 20.18074 61.96786
0.4379328 0.7652784 0.1734745 17.70982 53.03078
0.4690021 0.6421448 -0.1734745 14.89909 42.48396
0.4995 0.4995 -0.4995 11.995 30.97
0.5293893 0.3416781 -0.7652784 9.237336 19.1418
0.5586337 0.1734745 -0.9387529 6.834148 7.607279
0.5871975 1.664205E-14 -0.999 4.940988 -3.118025
0.6150458 -0.1734745 -0.9387529 3.646719 -12.64554
0.6421448 -0.3416781 -0.7652784 2.967551 -20.73202
0.6684615 -0.4995 -0.4995 2.849807 -27.28039
0.6939637 -0.6421448 -0.1734745 3.180998 -32.3238
0.7186205 -0.7652784 0.1734745 3.807691 -35.99575
0.7424017 -0.8651594 0.4995 4.557915 -38.49055
0.7652784 -0.9387529 0.7652784 5.265254 -40.01961
0.7872227 -0.9838229 0.9387529 5.791649 -40.76962
0.808208 -0.999 0.999 6.046041 -40.86792
0.8282085 -0.9838229 0.9387529 5.996578 -40.35976
0.8472 -0.9387529 0.7652784 5.674862 -39.20039
0.8651594 -0.8651594 0.4995 5.171703 -37.26297
0.8820646 -0.7652784 0.1734745 4.624912 -34.36131
0.8978953 -0.6421448 -0.1734745 4.200656 -30.28448
0.9126319 -0.4995 -0.4995 4.07066 -24.83868
0.9262567 -0.3416781 -0.7652784 4.388109 -17.8909
0.9387529 -0.1734745 -0.9387529 5.265255 -9.40847
0.9501055 -2.741188E-14 -0.999 6.755527 0.5110546
0.9603004 0.1734745 -0.9387529 8.842483 11.62395
0.9693254 0.3416781 -0.7652784 11.43702 23.54116
0.9771695 0.4995 -0.4995 14.38335 35.7467
0.9838229 0.6421448 -0.1734745 17.47319 47.63217
0.9892778 0.7652784 0.1734745 20.46655 58.54423
0.9935274 0.8651594 0.4995 23.11673 67.83984
0.9965665 0.9387529 0.7652784 25.19675 74.94363
0.9983914 0.9838229 0.9387529 26.52395 79.40081
0.999 0.999 0.999 26.98 80.92
0.9983914 0.9838229 0.9387529 26.52395 79.40081
0.9965665 0.9387529 0.7652784 25.19675 74.94363
0.9935274 0.8651594 0.4995 23.11673 67.83984
0.9892778 0.7652784 0.1734745 20.46655 58.54423
0.9838229 0.6421448 -0.1734745 17.47319 47.63217
0.9771695 0.4995 -0.4995 14.38335 35.7467
0.9693254 0.3416781 -0.7652784 11.43702 23.54116
0.9603004 0.1734745 -0.9387529 8.842483 11.62395
0.9501055 9.788408E-15 -0.999 6.755527 0.5110546
0.9387529 -0.1734745 -0.9387529 5.265255 -9.40847
0.9262567 -0.3416781 -0.7652784 4.388109 -17.8909
0.9126319 -0.4995 -0.4995 4.07066 -24.83868
0.8978953 -0.6421448 -0.1734745 4.200656 -30.28448
0.8820646 -0.7652784 0.1734745 4.624912 -34.36131
0.8651594 -0.8651594 0.4995 5.171703 -37.26297
0.8472 -0.9387529 0.7652784 5.674862 -39.20039
0.8282085 -0.9838229 0.9387529 5.996578 -40.35976
0.808208 -0.999 0.999 6.046041 -40.86792
0.7872227 -0.9838229 0.9387529 5.791649 -40.76962
0.7652784 -0.9387529 0.7652784 5.265254 -40.01961
0.7424017 -0.8651594 0.4995 4.557915 -38.49055
0.7186205 -0.7652784 0.1734745 3.807691 -35.99575
0.6939637 -0.6421448 -0.1734745 3.180998 -32.3238
0.6684615 -0.4995 -0.4995 2.849807 -27.28039
0.6421448 -0.3416781 -0.7652784 2.967551 -20.73202
0.6150458 -0.1734745 -0.9387529 3.646719 -12.64554
0.5871975 -2.055823E-14 -0.999 4.940988 -3.118025
0.5586337 0.1734745 -0.9387529 6.834148 7.607279
0.5293893 0.3416781 -0.7652784 9.237336 19.1418
0.4995 0.4995 -0.4995 11.995 30.97
0.4690021 0.6421448 -0.1734745 14.89909 42.48396
0.4379328 0.7652784 0.1734745 17.70982 53.03078
0.4063299 0.8651594 0.4995 20.18074 61.96786
0.374232 0.9387529 0.7652784 22.08508 68.72028
0.3416781 0.9838229 0.9387529 23.24039 72.83369
0.308708 0.999 0.999 23.52854 74.01708
0.2753617 0.9838229 0.9387529 22.9088 72.17052
0.24168 0.9387529 0.7652784 21.42232 67.39476
0.2077038 0.8651594 0.4995 19.18761 59.9816
0.1734745 0.7652784 0.1734745 16.38753 50.38619
0.1390339 0.6421448 -0.1734745 13.24924 39.18428
0.1044239 0.4995 -0.4995 10.01962 27.01924
0.06968672 0.3416781 -0.7652784 6.938823 14.54477
0.0348646 0.1734745 -0.9387529 4.215303 2.369587
-2.203441E-15 2.934762E-15 -0.999 2.005 -8.99
-0.0348646 -0.1734745 -0.9387529 0.3971667 -19.14465
-0.06968672 -0.3416781 -0.7652784 -0.5916067 -27.85034
-0.1044239 -0.4995 -0.4995 -1.01462 -35.00924
-0.1390339 -0.6421448 -0.1734745 -0.9839901 -40.65377
-0.1734745 -0.7652784 0.1734745 -0.6527838 -44.9167
-0.2077038 -0.8651594 0.4995 -0.1926128 -47.9916
-0.24168 -0.9387529 0.7652784 0.2304628 -50.08919
-0.2753617 -0.9838229 0.9387529 0.4787264 -51.39546
-0.308708 -0.999 0.999 0.4614598 -52.03708
-0.3416781 -0.9838229 0.9387529 0.1471444 -52.05863
-0.374232 -0.9387529 0.7652784 -0.4322974 -51.41471
-0.4063299 -0.8651594 0.4995 -1.185743 -49.97786
-0.4379328 -0.7652784 0.1734745 -1.975075 -47.56129
-0.4690021 -0.6421448 -0.1734745 -2.633831 -43.95345
-0.4995 -0.4995 -0.4995 -2.99 -38.96
-0.5293893 -0.3416781 -0.7652784 -2.89012 -32.44736
-0.5586337 -0.1734745 -0.9387529 -2.221678 -24.38234
-0.5871975 -1.370458E-14 -0.999 -0.9309875 -14.86197
-0.6150458 0.1734745 -0.9387529 0.9657516 -4.129517
-0.6421448 0.3416781 -0.7652784 3.379665 7.426455
-0.6684615 0.4995 -0.4995 6.155193 19.29038
-0.6939637 0.6421448 -0.1734745 9.084257 30.85431
-0.7186205 0.7652784 0.1734745 11.92705 41.46524
-0.7424017 0.8651594 0.4995 14.43709 50.48055
-0.7652784 0.9387529 0.7652784 16.38753 57.32517
-0.7872227 0.9838229 0.9387529 17.59588 61.54467
-0.808208 0.999 0.999 17.94396 62.84792
-0.8282085 0.9838229 0.9387529 17.39095 61.13482
-0.8472 0.9387529 0.7652784 15.97792 56.50595
-0.8651594 0.8651594 0.4995 13.8233 49.25297
-0.8820646 0.7652784 0.1734745 11.10983 39.8308
-0.8978953 0.6421448 -0.1734745 8.064599 28.81499
-0.9126319 0.4995 -0.4995 4.93434 16.84868
-0.9262567 0.3416781 -0.7652784 1.959106 4.585335
-0.9387529 0.1734745 -0.9387529 -0.6527839 -7.366588
-0.9501055 2.44744E-14 -0.999 -2.745528 -18.49105
-0.9603004 -0.1734745 -0.9387529 -4.230012 -28.399
-0.9693254 -0.3416781 -0.7652784 -5.0898 -36.84673
-0.9771695 -0.4995 -0.4995 -5.378347 -43.73669
-0.9838229 -0.6421448 -0.1734745 -5.207935 -49.10166
-0.9892778 -0.7652784 0.1734745 -4.731801 -53.07474
-0.9935274 -0.8651594 0.4995 -4.121731 -55.84984
-0.9965665 -0.9387529 0.7652784 -3.54397 -57.63806
-0.9983914 -0.9838229 0.9387529 -3.136422 -58.62576
-0.999 -0.999 0.999 -2.99 -58.94
-0.9983914 -0.9838229 0.9387529 -3.136422 -58.62576
-0.9965665 -0.9387529 0.7652784 -3.54397 -57.63806
-0.9935274 -0.8651594 0.4995 -4.121731 -55.84984
-0.9892778 -0.7652784 0.1734745 -4.731801 -53.07474
-0.9838229 -0.6421448 -0.1734745 -5.207935 -49.10166
-0.9771695 -0.4995 -0.4995 -5.378347 -43.73669
-0.9693254 -0.3416781 -0.7652784 -5.0898 -36.84673
-0.9603004 -0.1734745 -0.9387529 -4.230012 -28.399
-0.9501055 -6.850938E-15 -0.999 -2.745528 -18.49105
