# channels number
1
# samples number
10000
# sampling rate
1
# start date
01-01-0001
# start time
00:00:00.000
# channels names
Model_4_1
0
0.5
0.8660254
1
0.8660254
0.5
1.224606E-16
-0.5
-0.8660254
-1
-0.8660254
-0.5
-2.449213E-16
0.5
0.8660254
1
0.8660254
0.5
3.673819E-16
-0.5
-0.8660254
-1
-0.8660254
-0.5
-4.898425E-16
0.5
0.8660254
1
0.8660254
0.5
2.38866E-15
-0.5
-0.8660254
-1
-0.8660254
-0.5
-7.347638E-16
0.5
0.8660254
1
0.8660254
0.5
8.572244E-16
-0.5
-0.8660254
-1
-0.8660254
-0.5
-9.796851E-16
0.5
0.8660254
1
0.8660254
0.5
4.654859E-15
-0.5
-0.8660254
-1
-0.8660254
-0.5
-4.77732E-15
0.5
0.8660254
1
0.8660254
0.5
4.899781E-15
-0.5
-0.8660254
-1
-0.8660254
-0.5
-1.469528E-15
0.5
0.8660254
1
0.8660254
0.5
5.144702E-15
-0.5
-0.8660254
-1
-0.8660254
-0.5
-1.714449E-15
0.5
0.8660254
1
0.8660254
0.5
5.389623E-15
-0.5
-0.8660254
-1
-0.8660254
-0.5
-1.95937E-15
0.5
0.8660254
1
0.8660254
0.5
5.634544E-15
-0.5
-0.8660254
-1
-0.8660254
-0.5
-9.309719E-15
0.5
0.8660254
1
0.8660254
0.5
5.879466E-15
-0.5
-0.8660254
-1
-0.8660254
-0.5
-9.55464E-15
0.5
0.8660254
1
0.8660254
0.5
1.322981E-14
-0.5
-0.8660254
-1
-0.8660254
-0.5
-9.799561E-15
0.5
0.8660254
1
0.8660254
0.5
6.369308E-15
-0.5
-0.8660254
-1
-0.8660254
-0.5
-2.939055E-15
0.5
0.8660254
1
0.8660254
0.5
1.371966E-14
-0.5
-0.8660254
-1
-0.8660254
-0.5
-1.02894E-14
0.5
0.8660254
1
0.8660254
0.5
6.859151E-15
-0.5
-0.8660254
-1
-0.8660254
-0.5
-3.428898E-15
0.5
0.8660254
1
0.8660254
0.5
1.42095E-14
-0.5
-0.8660254
-1
-0.8660254
-0.5
-1.077925E-14
0.5
0.8660254
1
0.8660254
0.5
7.348993E-15
-0.5
-0.8660254
-1
-0.8660254
-0.5
-3.91874E-15
0.5
0.8660254
1
0.8660254
0.5
1.469934E-14
-0.5
-0.8660254
-1
-0.8660254
-0.5
-1.126909E-14
0.5
0.8660254
1
0.8660254
0.5
7.838836E-15
-0.5
-0.8660254
-1
-0.8660254
-0.5
-1.861944E-14
0.5
0.8660254
1
0.8660254
0.5
1.518918E-14
-0.5
-0.8660254
-1
-0.8660254
-0.5
-1.175893E-14
0.5
0.8660254
1
0.8660254
0.5
8.328678E-15
-0.5
-0.8660254
-1
-0.8660254
-0.5
-1.910928E-14
0.5
0.8660254
1
0.8660254
0.5
1.567903E-14
-0.5
-0.8660254
-1
-0.8660254
-0.5
-2.645963E-14
0.5
0.8660254
1
0.8660254
0.5
8.818521E-15
-0.5
-0.8660254
-1
-0.8660254
-0.5
-1.959912E-14
0.5
0.8660254
1
0.8660254
0.5
1.958015E-15
-0.5
-0.8660254
-1
-0.8660254
-0.5
-1.273862E-14
0.5
0.8660254
1
0.8660254
0.5
2.351922E-14
-0.5
-0.8660254
-1
-0.8660254
-0.5
-5.87811E-15
0.5
0.8660254
1
0.8660254
0.5
1.665871E-14
-0.5
-0.8660254
-1
-0.8660254
-0.5
-2.743931E-14
0.5
0.8660254
1
0.8660254
0.5
9.798206E-15
-0.5
-0.8660254
-1
-0.8660254
-0.5
-2.057881E-14
0.5
0.8660254
1
0.8660254
0.5
3.135941E-14
-0.5
-0.8660254
-1
-0.8660254
-0.5
-1.37183E-14
0.5
0.8660254
1
0.8660254
0.5
2.44989E-14
-0.5
-0.8660254
-1
-0.8660254
-0.5
-6.857796E-15
0.5
0.8660254
1
0.8660254
0.5
1.76384E-14
-0.5
-0.8660254
-1
-0.8660254
-0.5
-2.8419E-14
0.5
0.8660254
1
0.8660254
0.5
1.077789E-14
-0.5
-0.8660254
-1
-0.8660254
-0.5
-2.155849E-14
0.5
0.8660254
1
0.8660254
0.5
3.233909E-14
-0.5
-0.8660254
-1
-0.8660254
-0.5
-1.469799E-14
0.5
0.8660254
1
0.8660254
0.5
2.547859E-14
-0.5
-0.8660254
-1
-0.8660254
-0.5
-7.837481E-15
0.5
0.8660254
1
0.8660254
0.5
1.861808E-14
-0.5
-0.8660254
-1
-0.8660254
-0.5
-2.939868E-14
0.5
0.8660254
1
0.8660254
0.5
1.175758E-14
-0.5
-0.8660254
-1
-0.8660254
-0.5
-2.253818E-14
0.5
0.8660254
1
0.8660254
0.5
3.331878E-14
-0.5
-0.8660254
-1
-0.8660254
-0.5
-1.567767E-14
0.5
0.8660254
1
0.8660254
0.5
2.645827E-14
-0.5
-0.8660254
-1
-0.8660254
-0.5
-3.723888E-14
0.5
0.8660254
1
0.8660254
0.5
1.959777E-14
-0.5
-0.8660254
-1
-0.8660254
-0.5
-3.037837E-14
0.5
0.8660254
1
0.8660254
0.5
1.273726E-14
-0.5
-0.8660254
-1
-0.8660254
-0.5
-2.351786E-14
0.5
0.8660254
1
0.8660254
0.5
3.429846E-14
-0.5
-0.8660254
-1
-0.8660254
-0.5
-1.665736E-14
0.5
0.8660254
1
0.8660254
0.5
2.743796E-14
-0.5
-0.8660254
-1
-0.8660254
-0.5
-3.821856E-14
0.5
0.8660254
1
0.8660254
0.5
2.057745E-14
-0.5
-0.8660254
-1
-0.8660254
-0.5
-3.135805E-14
0.5
0.8660254
1
0.8660254
0.5
4.213866E-14
-0.5
-0.8660254
-1
-0.8660254
-0.5
-5.291926E-14
0.5
0.8660254
1
0.8660254
0.5
6.85644E-15
-0.5
-0.8660254
-1
-0.8660254
-0.5
-1.763704E-14
0.5
0.8660254
1
0.8660254
0.5
2.841764E-14
-0.5
-0.8660254
-1
-0.8660254
-0.5
-3.919825E-14
0.5
0.8660254
1
0.8660254
0.5
4.997885E-14
-0.5
-0.8660254
-1
-0.8660254
-0.5
-3.91603E-15
0.5
0.8660254
1
0.8660254
0.5
1.469663E-14
-0.5
-0.8660254
-1
-0.8660254
-0.5
-2.547723E-14
0.5
0.8660254
1
0.8660254
0.5
3.625783E-14
-0.5
-0.8660254
-1
-0.8660254
-0.5
-4.703844E-14
0.5
0.8660254
1
0.8660254
0.5
5.781904E-14
-0.5
-0.8660254
-1
-0.8660254
-0.5
-1.175622E-14
0.5
0.8660254
1
0.8660254
0.5
2.253682E-14
-0.5
-0.8660254
-1
-0.8660254
-0.5
-3.331742E-14
0.5
0.8660254
1
0.8660254
0.5
4.409803E-14
-0.5
-0.8660254
-1
-0.8660254
-0.5
-5.487863E-14
0.5
0.8660254
1
0.8660254
0.5
8.81581E-15
-0.5
-0.8660254
-1
-0.8660254
-0.5
-1.959641E-14
0.5
0.8660254
1
0.8660254
0.5
3.037701E-14
-0.5
-0.8660254
-1
-0.8660254
-0.5
-4.115762E-14
0.5
0.8660254
1
0.8660254
0.5
5.193822E-14
-0.5
-0.8660254
-1
-0.8660254
-0.5
-6.271882E-14
0.5
0.8660254
1
0.8660254
0.5
1.6656E-14
-0.5
-0.8660254
-1
-0.8660254
-0.5
-2.74366E-14
0.5
0.8660254
1
0.8660254
0.5
3.821721E-14
-0.5
-0.8660254
-1
-0.8660254
-0.5
-4.899781E-14
0.5
0.8660254
1
0.8660254
0.5
5.977841E-14
-0.5
-0.8660254
-1
-0.8660254
-0.5
-1.371559E-14
0.5
0.8660254
1
0.8660254
0.5
2.449619E-14
-0.5
-0.8660254
-1
-0.8660254
-0.5
-3.527679E-14
0.5
0.8660254
1
0.8660254
0.5
4.60574E-14
-0.5
-0.8660254
-1
-0.8660254
-0.5
-5.6838E-14
0.5
0.8660254
1
0.8660254
0.5
6.76186E-14
-0.5
-0.8660254
-1
-0.8660254
-0.5
-2.155578E-14
0.5
0.8660254
1
0.8660254
0.5
3.233638E-14
-0.5
-0.8660254
-1
-0.8660254
-0.5
-4.311699E-14
0.5
0.8660254
1
0.8660254
0.5
5.389759E-14
-0.5
-0.8660254
-1
-0.8660254
-0.5
-6.467819E-14
0.5
0.8660254
1
0.8660254
0.5
1.861537E-14
-0.5
-0.8660254
-1
-0.8660254
-0.5
-2.939597E-14
0.5
0.8660254
1
0.8660254
0.5
4.017658E-14
-0.5
-0.8660254
-1
-0.8660254
-0.5
-5.095718E-14
0.5
0.8660254
1
0.8660254
0.5
6.173778E-14
-0.5
-0.8660254
-1
-0.8660254
-0.5
-1.567496E-14
0.5
0.8660254
1
0.8660254
0.5
2.645556E-14
-0.5
-0.8660254
-1
-0.8660254
-0.5
-3.723616E-14
0.5
0.8660254
1
0.8660254
0.5
4.801677E-14
-0.5
-0.8660254
-1
-0.8660254
-0.5
-5.879737E-14
0.5
0.8660254
1
0.8660254
0.5
6.957797E-14
-0.5
-0.8660254
-1
-0.8660254
-0.5
-2.351515E-14
0.5
0.8660254
1
0.8660254
0.5
3.429575E-14
-0.5
-0.8660254
-1
-0.8660254
-0.5
-4.507636E-14
0.5
0.8660254
1
0.8660254
0.5
5.585696E-14
-0.5
-0.8660254
-1
-0.8660254
-0.5
-6.663756E-14
0.5
0.8660254
1
0.8660254
0.5
2.057474E-14
-0.5
-0.8660254
-1
-0.8660254
-0.5
-3.135534E-14
0.5
0.8660254
1
0.8660254
0.5
4.213595E-14
-0.5
-0.8660254
-1
-0.8660254
-0.5
-5.291655E-14
0.5
0.8660254
1
0.8660254
0.5
6.369715E-14
-0.5
-0.8660254
-1
-0.8660254
-0.5
-7.447775E-14
0.5
0.8660254
1
0.8660254
0.5
2.841493E-14
-0.5
-0.8660254
-1
-0.8660254
-0.5
-3.919553E-14
0.5
0.8660254
1
0.8660254
0.5
4.997614E-14
-0.5
-0.8660254
-1
-0.8660254
-0.5
-6.075674E-14
0.5
0.8660254
1
0.8660254
0.5
7.153734E-14
-0.5
-0.8660254
-1
-0.8660254
-0.5
-2.547452E-14
0.5
0.8660254
1
0.8660254
0.5
3.625512E-14
-0.5
-0.8660254
-1
-0.8660254
-0.5
-4.703573E-14
0.5
0.8660254
1
0.8660254
0.5
5.781633E-14
-0.5
-0.8660254
-1
-0.8660254
-0.5
-6.859693E-14
0.5
0.8660254
1
0.8660254
0.5
7.937753E-14
-0.5
-0.8660254
-1
-0.8660254
-0.5
-3.331471E-14
0.5
0.8660254
1
0.8660254
0.5
4.409532E-14
-0.5
-0.8660254
-1
-0.8660254
-0.5
-5.487592E-14
0.5
0.8660254
1
0.8660254
0.5
6.565652E-14
-0.5
-0.8660254
-1
-0.8660254
-0.5
-7.643712E-14
0.5
0.8660254
1
0.8660254
0.5
3.03743E-14
-0.5
-0.8660254
-1
-0.8660254
-0.5
-4.115491E-14
0.5
0.8660254
1
0.8660254
0.5
5.193551E-14
-0.5
-0.8660254
-1
-0.8660254
-0.5
-6.271611E-14
0.5
0.8660254
1
0.8660254
0.5
7.349671E-14
-0.5
-0.8660254
-1
-0.8660254
-0.5
-8.427731E-14
0.5
0.8660254
1
0.8660254
0.5
9.505791E-14
-0.5
-0.8660254
-1
-0.8660254
-0.5
-1.058385E-13
0.5
0.8660254
1
0.8660254
0.5
2.932279E-15
-0.5
-0.8660254
-1
-0.8660254
-0.5
-1.371288E-14
0.5
0.8660254
1
0.8660254
0.5
2.449348E-14
-0.5
-0.8660254
-1
-0.8660254
-0.5
-3.527408E-14
0.5
0.8660254
1
0.8660254
0.5
4.605469E-14
-0.5
-0.8660254
-1
-0.8660254
-0.5
-5.683529E-14
0.5
0.8660254
1
0.8660254
0.5
6.761589E-14
-0.5
-0.8660254
-1
-0.8660254
-0.5
-7.839649E-14
0.5
0.8660254
1
0.8660254
0.5
8.917709E-14
-0.5
-0.8660254
-1
-0.8660254
-0.5
-9.995769E-14
0.5
0.8660254
1
0.8660254
0.5
1.107383E-13
-0.5
-0.8660254
-1
-0.8660254
-0.5
-7.83206E-15
0.5
0.8660254
1
0.8660254
0.5
1.861266E-14
-0.5
-0.8660254
-1
-0.8660254
-0.5
-2.939326E-14
0.5
0.8660254
1
0.8660254
0.5
4.017386E-14
-0.5
-0.8660254
-1
-0.8660254
-0.5
-5.095447E-14
0.5
0.8660254
1
0.8660254
0.5
6.173507E-14
-0.5
-0.8660254
-1
-0.8660254
-0.5
-7.251567E-14
0.5
0.8660254
1
0.8660254
0.5
8.329627E-14
-0.5
-0.8660254
-1
-0.8660254
-0.5
-9.407687E-14
0.5
0.8660254
1
0.8660254
0.5
1.048575E-13
-0.5
-0.8660254
-1
-0.8660254
-0.5
-1.156381E-13
0.5
0.8660254
1
0.8660254
0.5
1.273184E-14
-0.5
-0.8660254
-1
-0.8660254
-0.5
-2.351244E-14
0.5
0.8660254
1
0.8660254
0.5
3.429304E-14
-0.5
-0.8660254
-1
-0.8660254
-0.5
-4.507365E-14
0.5
0.8660254
1
0.8660254
0.5
5.585425E-14
-0.5
-0.8660254
-1
-0.8660254
-0.5
-6.663485E-14
0.5
0.8660254
1
0.8660254
0.5
7.741545E-14
-0.5
-0.8660254
-1
-0.8660254
-0.5
-8.819605E-14
0.5
0.8660254
1
0.8660254
0.5
9.897665E-14
-0.5
-0.8660254
-1
-0.8660254
-0.5
-1.097573E-13
0.5
0.8660254
1
0.8660254
0.5
1.205379E-13
-0.5
-0.8660254
-1
-0.8660254
-0.5
-1.763162E-14
0.5
0.8660254
1
0.8660254
0.5
2.841222E-14
-0.5
-0.8660254
-1
-0.8660254
-0.5
-3.919282E-14
0.5
0.8660254
1
0.8660254
0.5
4.997343E-14
-0.5
-0.8660254
-1
-0.8660254
-0.5
-6.075403E-14
0.5
0.8660254
1
0.8660254
0.5
7.153463E-14
-0.5
-0.8660254
-1
-0.8660254
-0.5
-8.231523E-14
0.5
0.8660254
1
0.8660254
0.5
9.309583E-14
-0.5
-0.8660254
-1
-0.8660254
-0.5
-1.038764E-13
0.5
0.8660254
1
0.8660254
0.5
1.14657E-13
-0.5
-0.8660254
-1
-0.8660254
-0.5
-1.254376E-13
0.5
0.8660254
1
0.8660254
0.5
2.25314E-14
-0.5
-0.8660254
-1
-0.8660254
-0.5
-3.3312E-14
0.5
0.8660254
1
0.8660254
0.5
4.409261E-14
-0.5
-0.8660254
-1
-0.8660254
-0.5
-5.487321E-14
0.5
0.8660254
1
0.8660254
0.5
6.565381E-14
-0.5
-0.8660254
-1
-0.8660254
-0.5
-7.643441E-14
0.5
0.8660254
1
0.8660254
0.5
8.721501E-14
-0.5
-0.8660254
-1
-0.8660254
-0.5
-9.799561E-14
0.5
0.8660254
1
0.8660254
0.5
1.087762E-13
-0.5
-0.8660254
-1
-0.8660254
-0.5
-1.195568E-13
0.5
0.8660254
1
0.8660254
0.5
1.303374E-13
-0.5
-0.8660254
-1
-0.8660254
-0.5
-2.743118E-14
0.5
0.8660254
1
0.8660254
0.5
3.821178E-14
-0.5
-0.8660254
-1
-0.8660254
-0.5
-4.899239E-14
0.5
0.8660254
1
0.8660254
0.5
5.977299E-14
-0.5
-0.8660254
-1
-0.8660254
-0.5
-7.055359E-14
0.5
0.8660254
1
0.8660254
0.5
8.133419E-14
-0.5
-0.8660254
-1
-0.8660254
-0.5
-9.211479E-14
0.5
0.8660254
1
0.8660254
0.5
1.028954E-13
-0.5
-0.8660254
-1
-0.8660254
-0.5
-1.13676E-13
0.5
0.8660254
1
0.8660254
0.5
1.244566E-13
-0.5
-0.8660254
-1
-0.8660254
-0.5
-1.352372E-13
0.5
0.8660254
1
0.8660254
0.5
3.233096E-14
-0.5
-0.8660254
-1
-0.8660254
-0.5
-4.311156E-14
0.5
0.8660254
1
0.8660254
0.5
5.389217E-14
-0.5
-0.8660254
-1
-0.8660254
-0.5
-6.467277E-14
0.5
0.8660254
1
0.8660254
0.5
7.545337E-14
-0.5
-0.8660254
-1
-0.8660254
-0.5
-8.623397E-14
0.5
0.8660254
1
0.8660254
0.5
9.701457E-14
-0.5
-0.8660254
-1
-0.8660254
-0.5
-1.077952E-13
0.5
0.8660254
1
0.8660254
0.5
1.185758E-13
-0.5
-0.8660254
-1
-0.8660254
-0.5
-1.293564E-13
0.5
0.8660254
1
0.8660254
0.5
1.40137E-13
-0.5
-0.8660254
-1
-0.8660254
-0.5
-3.723074E-14
0.5
0.8660254
1
0.8660254
0.5
4.801135E-14
-0.5
-0.8660254
-1
-0.8660254
-0.5
-5.879195E-14
0.5
0.8660254
1
0.8660254
0.5
6.957255E-14
-0.5
-0.8660254
-1
-0.8660254
-0.5
-8.035315E-14
0.5
0.8660254
1
0.8660254
0.5
9.113375E-14
-0.5
-0.8660254
-1
-0.8660254
-0.5
-1.019144E-13
0.5
0.8660254
1
0.8660254
0.5
1.12695E-13
-0.5
-0.8660254
-1
-0.8660254
-0.5
-1.234756E-13
0.5
0.8660254
1
0.8660254
0.5
1.342562E-13
-0.5
-0.8660254
-1
-0.8660254
-0.5
-3.134992E-14
0.5
0.8660254
1
0.8660254
0.5
4.213052E-14
-0.5
-0.8660254
-1
-0.8660254
-0.5
-5.291113E-14
0.5
0.8660254
1
0.8660254
0.5
6.369173E-14
-0.5
-0.8660254
-1
-0.8660254
-0.5
-7.447233E-14
0.5
0.8660254
1
0.8660254
0.5
8.525293E-14
-0.5
-0.8660254
-1
-0.8660254
-0.5
-9.603353E-14
0.5
0.8660254
1
0.8660254
0.5
1.068141E-13
-0.5
-0.8660254
-1
-0.8660254
-0.5
-1.175947E-13
0.5
0.8660254
1
0.8660254
0.5
1.283753E-13
-0.5
-0.8660254
-1
-0.8660254
-0.5
-1.391559E-13
0.5
0.8660254
1
0.8660254
0.5
3.62497E-14
-0.5
-0.8660254
-1
-0.8660254
-0.5
-4.70303E-14
0.5
0.8660254
1
0.8660254
0.5
5.781091E-14
-0.5
-0.8660254
-1
-0.8660254
-0.5
-6.859151E-14
0.5
0.8660254
1
0.8660254
0.5
7.937211E-14
-0.5
-0.8660254
-1
-0.8660254
-0.5
-9.015271E-14
0.5
0.8660254
1
0.8660254
0.5
1.009333E-13
-0.5
-0.8660254
-1
-0.8660254
-0.5
-1.117139E-13
0.5
0.8660254
1
0.8660254
0.5
1.224945E-13
-0.5
-0.8660254
-1
-0.8660254
-0.5
-1.332751E-13
0.5
0.8660254
1
0.8660254
0.5
1.440557E-13
-0.5
-0.8660254
-1
-0.8660254
-0.5
-4.114948E-14
0.5
0.8660254
1
0.8660254
0.5
5.193009E-14
-0.5
-0.8660254
-1
-0.8660254
-0.5
-6.271069E-14
0.5
0.8660254
1
0.8660254
0.5
7.349129E-14
-0.5
-0.8660254
-1
-0.8660254
-0.5
-8.427189E-14
0.5
0.8660254
1
0.8660254
0.5
9.505249E-14
-0.5
-0.8660254
-1
-0.8660254
-0.5
-1.058331E-13
0.5
0.8660254
1
0.8660254
0.5
1.166137E-13
-0.5
-0.8660254
-1
-0.8660254
-0.5
-1.273943E-13
0.5
0.8660254
1
0.8660254
0.5
1.381749E-13
-0.5
-0.8660254
-1
-0.8660254
-0.5
-1.489555E-13
0.5
0.8660254
1
0.8660254
0.5
4.604926E-14
-0.5
-0.8660254
-1
-0.8660254
-0.5
-5.682987E-14
0.5
0.8660254
1
0.8660254
0.5
6.761047E-14
-0.5
-0.8660254
-1
-0.8660254
-0.5
-7.839107E-14
0.5
0.8660254
1
0.8660254
0.5
8.917167E-14
-0.5
-0.8660254
-1
-0.8660254
-0.5
-9.995227E-14
0.5
0.8660254
1
0.8660254
0.5
1.107329E-13
-0.5
-0.8660254
-1
-0.8660254
-0.5
-1.215135E-13
0.5
0.8660254
1
0.8660254
0.5
1.322941E-13
-0.5
-0.8660254
-1
-0.8660254
-0.5
-1.430747E-13
0.5
0.8660254
1
0.8660254
0.5
1.538553E-13
-0.5
-0.8660254
-1
-0.8660254
-0.5
-5.094905E-14
0.5
0.8660254
1
0.8660254
0.5
6.172965E-14
-0.5
-0.8660254
-1
-0.8660254
-0.5
-7.251025E-14
0.5
0.8660254
1
0.8660254
0.5
8.329085E-14
-0.5
-0.8660254
-1
-0.8660254
-0.5
-9.407145E-14
0.5
0.8660254
1
0.8660254
0.5
1.048521E-13
-0.5
-0.8660254
-1
-0.8660254
-0.5
-1.156327E-13
0.5
0.8660254
1
0.8660254
0.5
1.264133E-13
-0.5
-0.8660254
-1
-0.8660254
-0.5
-1.371939E-13
0.5
0.8660254
1
0.8660254
0.5
1.479745E-13
-0.5
-0.8660254
-1
-0.8660254
-0.5
-1.587551E-13
0.5
0.8660254
1
0.8660254
0.5
5.584883E-14
-0.5
-0.8660254
-1
-0.8660254
-0.5
-6.662943E-14
0.5
0.8660254
1
0.8660254
0.5
7.741003E-14
-0.5
-0.8660254
-1
-0.8660254
-0.5
-8.819063E-14
0.5
0.8660254
1
0.8660254
0.5
9.897123E-14
-0.5
-0.8660254
-1
-0.8660254
-0.5
-1.097518E-13
0.5
0.8660254
1
0.8660254
0.5
1.205324E-13
-0.5
-0.8660254
-1
-0.8660254
-0.5
-1.31313E-13
0.5
0.8660254
1
0.8660254
0.5
1.420936E-13
-0.5
-0.8660254
-1
-0.8660254
-0.5
-1.528742E-13
0.5
0.8660254
1
0.8660254
0.5
1.636548E-13
-0.5
-0.8660254
-1
-0.8660254
-0.5
-6.074861E-14
0.5
0.8660254
1
0.8660254
0.5
7.152921E-14
-0.5
-0.8660254
-1
-0.8660254
-0.5
-8.230981E-14
0.5
0.8660254
1
0.8660254
0.5
9.309041E-14
-0.5
-0.8660254
-1
-0.8660254
-0.5
-1.03871E-13
0.5
0.8660254
1
0.8660254
0.5
9.647773E-16
-0.5
-0.8660254
-1
-0.8660254
-0.5
-1.254322E-13
0.5
0.8660254
1
0.8660254
0.5
2.252598E-14
-0.5
-0.8660254
-1
-0.8660254
-0.5
-1.469934E-13
0.5
0.8660254
1
0.8660254
0.5
4.408718E-14
-0.5
-0.8660254
-1
-0.8660254
-0.5
-1.685546E-13
0.5
0.8660254
1
0.8660254
0.5
6.564839E-14
-0.5
-0.8660254
-1
-0.8660254
-0.5
-1.901158E-13
0.5
0.8660254
1
0.8660254
0.5
8.720959E-14
-0.5
-0.8660254
-1
-0.8660254
-0.5
-2.11677E-13
0.5
0.8660254
1
0.8660254
0.5
1.087708E-13
-0.5
-0.8660254
-1
-0.8660254
-0.5
-5.864558E-15
0.5
0.8660254
1
0.8660254
0.5
1.30332E-13
-0.5
-0.8660254
-1
-0.8660254
-0.5
-2.742576E-14
0.5
0.8660254
1
0.8660254
0.5
1.518932E-13
-0.5
-0.8660254
-1
-0.8660254
-0.5
-4.898696E-14
0.5
0.8660254
1
0.8660254
0.5
1.734544E-13
-0.5
-0.8660254
-1
-0.8660254
-0.5
-7.054817E-14
0.5
0.8660254
1
0.8660254
0.5
1.950156E-13
-0.5
-0.8660254
-1
-0.8660254
-0.5
-9.210937E-14
0.5
0.8660254
1
0.8660254
0.5
2.165768E-13
-0.5
-0.8660254
-1
-0.8660254
-0.5
-1.136706E-13
0.5
0.8660254
1
0.8660254
0.5
1.076434E-14
-0.5
-0.8660254
-1
-0.8660254
-0.5
-1.352318E-13
0.5
0.8660254
1
0.8660254
0.5
3.232554E-14
-0.5
-0.8660254
-1
-0.8660254
-0.5
-1.56793E-13
0.5
0.8660254
1
0.8660254
0.5
5.388675E-14
-0.5
-0.8660254
-1
-0.8660254
-0.5
-1.783542E-13
0.5
0.8660254
1
0.8660254
0.5
7.544795E-14
-0.5
-0.8660254
-1
-0.8660254
-0.5
-1.999154E-13
0.5
0.8660254
1
0.8660254
0.5
9.700915E-14
-0.5
-0.8660254
-1
-0.8660254
-0.5
-2.214766E-13
0.5
0.8660254
1
0.8660254
0.5
1.185704E-13
-0.5
-0.8660254
-1
-0.8660254
-0.5
-1.566412E-14
0.5
0.8660254
1
0.8660254
0.5
1.401316E-13
-0.5
-0.8660254
-1
-0.8660254
-0.5
-3.722532E-14
0.5
0.8660254
1
0.8660254
0.5
1.616928E-13
-0.5
-0.8660254
-1
-0.8660254
-0.5
-5.878653E-14
0.5
0.8660254
1
0.8660254
0.5
1.83254E-13
-0.5
-0.8660254
-1
-0.8660254
-0.5
-8.034773E-14
0.5
0.8660254
1
0.8660254
0.5
2.048152E-13
-0.5
-0.8660254
-1
-0.8660254
-0.5
-1.019089E-13
0.5
0.8660254
1
0.8660254
0.5
2.263764E-13
-0.5
-0.8660254
-1
-0.8660254
-0.5
-1.234701E-13
0.5
0.8660254
1
0.8660254
0.5
2.05639E-14
-0.5
-0.8660254
-1
-0.8660254
-0.5
-1.450313E-13
0.5
0.8660254
1
0.8660254
0.5
4.21251E-14
-0.5
-0.8660254
-1
-0.8660254
-0.5
-1.665925E-13
0.5
0.8660254
1
0.8660254
0.5
6.368631E-14
-0.5
-0.8660254
-1
-0.8660254
-0.5
-1.881537E-13
0.5
0.8660254
1
0.8660254
0.5
8.524751E-14
-0.5
-0.8660254
-1
-0.8660254
-0.5
-2.097149E-13
0.5
0.8660254
1
0.8660254
0.5
1.068087E-13
-0.5
-0.8660254
-1
-0.8660254
-0.5
-2.312762E-13
0.5
0.8660254
1
0.8660254
0.5
1.283699E-13
-0.5
-0.8660254
-1
-0.8660254
-0.5
-2.546368E-14
0.5
0.8660254
1
0.8660254
0.5
1.499311E-13
-0.5
-0.8660254
-1
-0.8660254
-0.5
-4.702488E-14
0.5
0.8660254
1
0.8660254
0.5
1.714923E-13
-0.5
-0.8660254
-1
-0.8660254
-0.5
-6.858609E-14
0.5
0.8660254
1
0.8660254
0.5
1.930535E-13
-0.5
-0.8660254
-1
-0.8660254
-0.5
-9.014729E-14
0.5
0.8660254
1
0.8660254
0.5
2.146147E-13
-0.5
-0.8660254
-1
-0.8660254
-0.5
-1.117085E-13
0.5
0.8660254
1
0.8660254
0.5
2.361759E-13
-0.5
-0.8660254
-1
-0.8660254
-0.5
-1.332697E-13
0.5
0.8660254
1
0.8660254
0.5
3.036346E-14
-0.5
-0.8660254
-1
-0.8660254
-0.5
-1.548309E-13
0.5
0.8660254
1
0.8660254
0.5
5.192466E-14
-0.5
-0.8660254
-1
-0.8660254
-0.5
-1.763921E-13
0.5
0.8660254
1
0.8660254
0.5
7.348587E-14
-0.5
-0.8660254
-1
-0.8660254
-0.5
-1.979533E-13
0.5
0.8660254
1
0.8660254
0.5
9.504707E-14
-0.5
-0.8660254
-1
-0.8660254
-0.5
-2.195145E-13
0.5
0.8660254
1
0.8660254
0.5
1.166083E-13
-0.5
-0.8660254
-1
-0.8660254
-0.5
-2.410757E-13
0.5
0.8660254
1
0.8660254
0.5
1.381695E-13
-0.5
-0.8660254
-1
-0.8660254
-0.5
-3.526324E-14
0.5
0.8660254
1
0.8660254
0.5
1.597307E-13
-0.5
-0.8660254
-1
-0.8660254
-0.5
-5.682445E-14
0.5
0.8660254
1
0.8660254
0.5
1.812919E-13
-0.5
-0.8660254
-1
-0.8660254
-0.5
-7.838565E-14
0.5
0.8660254
1
0.8660254
0.5
2.028531E-13
-0.5
-0.8660254
-1
-0.8660254
-0.5
-9.994685E-14
0.5
0.8660254
1
0.8660254
0.5
2.244143E-13
-0.5
-0.8660254
-1
-0.8660254
-0.5
-1.215081E-13
0.5
0.8660254
1
0.8660254
0.5
2.459755E-13
-0.5
-0.8660254
-1
-0.8660254
-0.5
-1.430693E-13
0.5
0.8660254
1
0.8660254
0.5
4.016302E-14
-0.5
-0.8660254
-1
-0.8660254
-0.5
-1.646305E-13
0.5
0.8660254
1
0.8660254
0.5
6.172423E-14
-0.5
-0.8660254
-1
-0.8660254
-0.5
-1.861917E-13
0.5
0.8660254
1
0.8660254
0.5
8.328543E-14
-0.5
-0.8660254
-1
-0.8660254
-0.5
-2.077529E-13
0.5
0.8660254
1
0.8660254
0.5
1.048466E-13
-0.5
-0.8660254
-1
-0.8660254
-0.5
-2.293141E-13
0.5
0.8660254
1
0.8660254
0.5
1.264078E-13
-0.5
-0.8660254
-1
-0.8660254
-0.5
-2.508753E-13
0.5
0.8660254
1
0.8660254
0.5
1.47969E-13
-0.5
-0.8660254
-1
-0.8660254
-0.5
-4.50628E-14
0.5
0.8660254
1
0.8660254
0.5
1.695302E-13
-0.5
-0.8660254
-1
-0.8660254
-0.5
-6.662401E-14
0.5
0.8660254
1
0.8660254
0.5
1.910914E-13
-0.5
-0.8660254
-1
-0.8660254
-0.5
-8.818521E-14
0.5
0.8660254
1
0.8660254
0.5
2.126526E-13
-0.5
-0.8660254
-1
-0.8660254
-0.5
-1.097464E-13
0.5
0.8660254
1
0.8660254
0.5
2.342139E-13
-0.5
-0.8660254
-1
-0.8660254
-0.5
-1.313076E-13
0.5
0.8660254
1
0.8660254
0.5
2.557751E-13
-0.5
-0.8660254
-1
-0.8660254
-0.5
-1.528688E-13
0.5
0.8660254
1
0.8660254
0.5
4.996258E-14
-0.5
-0.8660254
-1
-0.8660254
-0.5
-1.7443E-13
0.5
0.8660254
1
0.8660254
0.5
7.152379E-14
-0.5
-0.8660254
-1
-0.8660254
-0.5
-1.959912E-13
0.5
0.8660254
1
0.8660254
0.5
9.308499E-14
-0.5
-0.8660254
-1
-0.8660254
-0.5
-2.175524E-13
0.5
0.8660254
1
0.8660254
0.5
1.146462E-13
-0.5
-0.8660254
-1
-0.8660254
-0.5
-2.391136E-13
0.5
0.8660254
1
0.8660254
0.5
1.362074E-13
-0.5
-0.8660254
-1
-0.8660254
-0.5
-2.606748E-13
0.5
0.8660254
1
0.8660254
0.5
1.577686E-13
-0.5
-0.8660254
-1
-0.8660254
-0.5
-5.486236E-14
0.5
0.8660254
1
0.8660254
0.5
1.793298E-13
-0.5
-0.8660254
-1
-0.8660254
-0.5
-7.642357E-14
0.5
0.8660254
1
0.8660254
0.5
2.00891E-13
-0.5
-0.8660254
-1
-0.8660254
-0.5
-9.798477E-14
0.5
0.8660254
1
0.8660254
0.5
2.224522E-13
-0.5
-0.8660254
-1
-0.8660254
-0.5
-1.19546E-13
0.5
0.8660254
1
0.8660254
0.5
2.440134E-13
-0.5
-0.8660254
-1
-0.8660254
-0.5
-1.411072E-13
0.5
0.8660254
1
0.8660254
0.5
2.655746E-13
-0.5
-0.8660254
-1
-0.8660254
-0.5
-1.626684E-13
0.5
0.8660254
1
0.8660254
0.5
5.976215E-14
-0.5
-0.8660254
-1
-0.8660254
-0.5
-1.842296E-13
0.5
0.8660254
1
0.8660254
0.5
8.132335E-14
-0.5
-0.8660254
-1
-0.8660254
-0.5
-2.057908E-13
0.5
0.8660254
1
0.8660254
0.5
1.028846E-13
-0.5
-0.8660254
-1
-0.8660254
-0.5
-2.27352E-13
0.5
0.8660254
1
0.8660254
0.5
1.244458E-13
-0.5
-0.8660254
-1
-0.8660254
-0.5
-2.489132E-13
0.5
0.8660254
1
0.8660254
0.5
1.46007E-13
-0.5
-0.8660254
-1
-0.8660254
-0.5
-2.704744E-13
0.5
0.8660254
1
0.8660254
0.5
1.675682E-13
-0.5
-0.8660254
-1
-0.8660254
-0.5
-6.466193E-14
0.5
0.8660254
1
0.8660254
0.5
1.891294E-13
-0.5
-0.8660254
-1
-0.8660254
-0.5
-8.622313E-14
0.5
0.8660254
1
0.8660254
0.5
2.106906E-13
-0.5
-0.8660254
-1
-0.8660254
-0.5
-1.077843E-13
0.5
0.8660254
1
0.8660254
0.5
2.322518E-13
-0.5
-0.8660254
-1
-0.8660254
-0.5
-1.293455E-13
0.5
0.8660254
1
0.8660254
0.5
2.53813E-13
-0.5
-0.8660254
-1
-0.8660254
-0.5
-1.509067E-13
0.5
0.8660254
1
0.8660254
0.5
2.753742E-13
-0.5
-0.8660254
-1
-0.8660254
-0.5
-1.724679E-13
0.5
0.8660254
1
0.8660254
0.5
6.956171E-14
-0.5
-0.8660254
-1
-0.8660254
-0.5
-1.940291E-13
0.5
0.8660254
1
0.8660254
0.5
9.112291E-14
-0.5
-0.8660254
-1
-0.8660254
-0.5
-2.155903E-13
0.5
0.8660254
1
0.8660254
0.5
1.126841E-13
-0.5
-0.8660254
-1
-0.8660254
-0.5
-2.371516E-13
0.5
0.8660254
1
0.8660254
0.5
1.342453E-13
-0.5
-0.8660254
-1
-0.8660254
-0.5
-2.587128E-13
0.5
0.8660254
1
0.8660254
0.5
1.558065E-13
-0.5
-0.8660254
-1
-0.8660254
-0.5
-2.80274E-13
0.5
0.8660254
1
0.8660254
0.5
1.773677E-13
-0.5
-0.8660254
-1
-0.8660254
-0.5
-7.446149E-14
0.5
0.8660254
1
0.8660254
0.5
1.989289E-13
-0.5
-0.8660254
-1
-0.8660254
-0.5
-9.602269E-14
0.5
0.8660254
1
0.8660254
0.5
2.204901E-13
-0.5
-0.8660254
-1
-0.8660254
-0.5
-1.175839E-13
0.5
0.8660254
1
0.8660254
0.5
2.420513E-13
-0.5
-0.8660254
-1
-0.8660254
-0.5
-1.391451E-13
0.5
0.8660254
1
0.8660254
0.5
2.636125E-13
-0.5
-0.8660254
-1
-0.8660254
-0.5
-1.607063E-13
0.5
0.8660254
1
0.8660254
0.5
2.851737E-13
-0.5
-0.8660254
-1
-0.8660254
-0.5
-1.822675E-13
0.5
0.8660254
1
0.8660254
0.5
7.936127E-14
-0.5
-0.8660254
-1
-0.8660254
-0.5
-2.038287E-13
0.5
0.8660254
1
0.8660254
0.5
1.009225E-13
-0.5
-0.8660254
-1
-0.8660254
-0.5
-2.253899E-13
0.5
0.8660254
1
0.8660254
0.5
1.224837E-13
-0.5
-0.8660254
-1
-0.8660254
-0.5
-2.469511E-13
0.5
0.8660254
1
0.8660254
0.5
1.440449E-13
-0.5
-0.8660254
-1
-0.8660254
-0.5
-2.685123E-13
0.5
0.8660254
1
0.8660254
0.5
1.656061E-13
-0.5
-0.8660254
-1
-0.8660254
-0.5
-6.269985E-14
0.5
0.8660254
1
0.8660254
0.5
1.871673E-13
-0.5
-0.8660254
-1
-0.8660254
-0.5
-8.426105E-14
0.5
0.8660254
1
0.8660254
0.5
2.087285E-13
-0.5
-0.8660254
-1
-0.8660254
-0.5
-1.058223E-13
0.5
0.8660254
1
0.8660254
0.5
2.302897E-13
-0.5
-0.8660254
-1
-0.8660254
-0.5
-1.273835E-13
0.5
0.8660254
1
0.8660254
0.5
2.518509E-13
-0.5
-0.8660254
-1
-0.8660254
-0.5
-1.489447E-13
0.5
0.8660254
1
0.8660254
0.5
2.734121E-13
-0.5
-0.8660254
-1
-0.8660254
-0.5
-1.705059E-13
0.5
0.8660254
1
0.8660254
0.5
6.759963E-14
-0.5
-0.8660254
-1
-0.8660254
-0.5
-1.920671E-13
0.5
0.8660254
1
0.8660254
0.5
8.916083E-14
-0.5
-0.8660254
-1
-0.8660254
-0.5
-2.136283E-13
0.5
0.8660254
1
0.8660254
0.5
1.10722E-13
-0.5
-0.8660254
-1
-0.8660254
-0.5
-2.351895E-13
0.5
0.8660254
1
0.8660254
0.5
1.322832E-13
-0.5
-0.8660254
-1
-0.8660254
-0.5
-2.567507E-13
0.5
0.8660254
1
0.8660254
0.5
1.538444E-13
-0.5
-0.8660254
-1
-0.8660254
-0.5
-2.783119E-13
0.5
0.8660254
1
0.8660254
0.5
1.754056E-13
-0.5
-0.8660254
-1
-0.8660254
-0.5
-7.249941E-14
0.5
0.8660254
1
0.8660254
0.5
1.969668E-13
-0.5
-0.8660254
-1
-0.8660254
-0.5
-9.406061E-14
0.5
0.8660254
1
0.8660254
0.5
2.18528E-13
-0.5
-0.8660254
-1
-0.8660254
-0.5
-1.156218E-13
0.5
0.8660254
1
0.8660254
0.5
2.400893E-13
-0.5
-0.8660254
-1
-0.8660254
-0.5
-1.37183E-13
0.5
0.8660254
1
0.8660254
0.5
2.616505E-13
-0.5
-0.8660254
-1
-0.8660254
-0.5
-1.587442E-13
0.5
0.8660254
1
0.8660254
0.5
2.832117E-13
-0.5
-0.8660254
-1
-0.8660254
-0.5
-1.803054E-13
0.5
0.8660254
1
0.8660254
0.5
7.739919E-14
-0.5
-0.8660254
-1
-0.8660254
-0.5
-2.018666E-13
0.5
0.8660254
1
0.8660254
0.5
9.896039E-14
-0.5
-0.8660254
-1
-0.8660254
-0.5
-2.234278E-13
0.5
0.8660254
1
0.8660254
0.5
1.205216E-13
-0.5
-0.8660254
-1
-0.8660254
-0.5
-2.44989E-13
0.5
0.8660254
1
0.8660254
0.5
1.420828E-13
-0.5
-0.8660254
-1
-0.8660254
-0.5
-2.665502E-13
0.5
0.8660254
1
0.8660254
0.5
1.63644E-13
-0.5
-0.8660254
-1
-0.8660254
-0.5
-2.881114E-13
0.5
0.8660254
1
0.8660254
0.5
1.852052E-13
-0.5
-0.8660254
-1
-0.8660254
-0.5
-8.229897E-14
0.5
0.8660254
1
0.8660254
0.5
2.067664E-13
-0.5
-0.8660254
-1
-0.8660254
-0.5
-1.038602E-13
0.5
0.8660254
1
0.8660254
0.5
2.283276E-13
-0.5
-0.8660254
-1
-0.8660254
-0.5
-1.254214E-13
0.5
0.8660254
1
0.8660254
0.5
2.498888E-13
-0.5
-0.8660254
-1
-0.8660254
-0.5
-1.469826E-13
0.5
0.8660254
1
0.8660254
0.5
2.7145E-13
-0.5
-0.8660254
-1
-0.8660254
-0.5
-1.685438E-13
0.5
0.8660254
1
0.8660254
0.5
2.930112E-13
-0.5
-0.8660254
-1
-0.8660254
-0.5
-1.90105E-13
0.5
0.8660254
1
0.8660254
0.5
8.719875E-14
-0.5
-0.8660254
-1
-0.8660254
-0.5
-2.116662E-13
0.5
0.8660254
1
0.8660254
0.5
1.0876E-13
-0.5
-0.8660254
-1
-0.8660254
-0.5
-2.332274E-13
0.5
0.8660254
1
0.8660254
0.5
1.303212E-13
-0.5
-0.8660254
-1
-0.8660254
-0.5
-2.547886E-13
0.5
0.8660254
1
0.8660254
0.5
1.518824E-13
-0.5
-0.8660254
-1
-0.8660254
-0.5
-2.763498E-13
0.5
0.8660254
1
0.8660254
0.5
1.734436E-13
-0.5
-0.8660254
-1
-0.8660254
-0.5
-2.97911E-13
0.5
0.8660254
1
0.8660254
0.5
1.950048E-13
-0.5
-0.8660254
-1
-0.8660254
-0.5
-9.209853E-14
0.5
0.8660254
1
0.8660254
0.5
2.16566E-13
-0.5
-0.8660254
-1
-0.8660254
-0.5
-1.136597E-13
0.5
0.8660254
1
0.8660254
0.5
2.381272E-13
-0.5
-0.8660254
-1
-0.8660254
-0.5
-1.352209E-13
0.5
0.8660254
1
0.8660254
0.5
2.596884E-13
-0.5
-0.8660254
-1
-0.8660254
-0.5
-1.567821E-13
0.5
0.8660254
1
0.8660254
0.5
2.812496E-13
-0.5
-0.8660254
-1
-0.8660254
-0.5
-1.783433E-13
0.5
0.8660254
1
0.8660254
0.5
3.028108E-13
-0.5
-0.8660254
-1
-0.8660254
-0.5
-1.999045E-13
0.5
0.8660254
1
0.8660254
0.5
9.699831E-14
-0.5
-0.8660254
-1
-0.8660254
-0.5
-2.214657E-13
0.5
0.8660254
1
0.8660254
0.5
1.185595E-13
-0.5
-0.8660254
-1
-0.8660254
-0.5
-2.43027E-13
0.5
0.8660254
1
0.8660254
0.5
1.401207E-13
-0.5
-0.8660254
-1
-0.8660254
-0.5
-2.645882E-13
0.5
0.8660254
1
0.8660254
0.5
1.616819E-13
-0.5
-0.8660254
-1
-0.8660254
-0.5
-2.861494E-13
0.5
0.8660254
1
0.8660254
0.5
1.832431E-13
-0.5
-0.8660254
-1
-0.8660254
-0.5
-3.077106E-13
0.5
0.8660254
1
0.8660254
0.5
2.048043E-13
-0.5
-0.8660254
-1
-0.8660254
-0.5
-1.018981E-13
0.5
0.8660254
1
0.8660254
0.5
2.263655E-13
-0.5
-0.8660254
-1
-0.8660254
-0.5
-1.234593E-13
0.5
0.8660254
1
0.8660254
0.5
2.479267E-13
-0.5
-0.8660254
-1
-0.8660254
-0.5
-1.450205E-13
0.5
0.8660254
1
0.8660254
0.5
2.694879E-13
-0.5
-0.8660254
-1
-0.8660254
-0.5
-1.665817E-13
0.5
0.8660254
1
0.8660254
0.5
2.910491E-13
-0.5
-0.8660254
-1
-0.8660254
-0.5
-1.881429E-13
0.5
0.8660254
1
0.8660254
0.5
3.126103E-13
-0.5
-0.8660254
-1
-0.8660254
-0.5
-2.097041E-13
0.5
0.8660254
1
0.8660254
0.5
1.067979E-13
-0.5
-0.8660254
-1
-0.8660254
-0.5
-2.312653E-13
0.5
0.8660254
1
0.8660254
0.5
1.283591E-13
-0.5
-0.8660254
-1
-0.8660254
-0.5
-2.528265E-13
0.5
0.8660254
1
0.8660254
0.5
1.499203E-13
-0.5
-0.8660254
-1
-0.8660254
-0.5
-2.743877E-13
0.5
0.8660254
1
0.8660254
0.5
1.714815E-13
-0.5
-0.8660254
-1
-0.8660254
-0.5
-2.959489E-13
0.5
0.8660254
1
0.8660254
0.5
1.930427E-13
-0.5
-0.8660254
-1
-0.8660254
-0.5
-3.175101E-13
0.5
0.8660254
1
0.8660254
0.5
2.146039E-13
-0.5
-0.8660254
-1
-0.8660254
-0.5
-1.116977E-13
0.5
0.8660254
1
0.8660254
0.5
2.361651E-13
-0.5
-0.8660254
-1
-0.8660254
-0.5
-1.332589E-13
0.5
0.8660254
1
0.8660254
0.5
2.577263E-13
-0.5
-0.8660254
-1
-0.8660254
-0.5
-1.548201E-13
0.5
0.8660254
1
0.8660254
0.5
2.792875E-13
-0.5
-0.8660254
-1
-0.8660254
-0.5
-1.763813E-13
0.5
0.8660254
1
0.8660254
0.5
3.008487E-13
-0.5
-0.8660254
-1
-0.8660254
-0.5
-1.979425E-13
0.5
0.8660254
1
0.8660254
0.5
3.224099E-13
-0.5
-0.8660254
-1
-0.8660254
-0.5
-2.195037E-13
0.5
0.8660254
1
0.8660254
0.5
1.165974E-13
-0.5
-0.8660254
-1
-0.8660254
-0.5
-2.410649E-13
0.5
0.8660254
1
0.8660254
0.5
1.381586E-13
-0.5
-0.8660254
-1
-0.8660254
-0.5
-2.626261E-13
0.5
0.8660254
1
0.8660254
0.5
1.597198E-13
-0.5
-0.8660254
-1
-0.8660254
-0.5
-2.841873E-13
0.5
0.8660254
1
0.8660254
0.5
1.81281E-13
-0.5
-0.8660254
-1
-0.8660254
-0.5
-3.057485E-13
0.5
0.8660254
1
0.8660254
0.5
2.028422E-13
-0.5
-0.8660254
-1
-0.8660254
-0.5
-3.273097E-13
0.5
0.8660254
1
0.8660254
0.5
2.244034E-13
-0.5
-0.8660254
-1
-0.8660254
-0.5
-1.214972E-13
0.5
0.8660254
1
0.8660254
0.5
2.459647E-13
-0.5
-0.8660254
-1
-0.8660254
-0.5
-1.430584E-13
0.5
0.8660254
1
0.8660254
0.5
2.675259E-13
-0.5
-0.8660254
-1
-0.8660254
-0.5
-1.646196E-13
0.5
0.8660254
1
0.8660254
0.5
2.890871E-13
-0.5
-0.8660254
-1
-0.8660254
-0.5
-1.861808E-13
0.5
0.8660254
1
0.8660254
0.5
3.106483E-13
-0.5
-0.8660254
-1
-0.8660254
-0.5
-2.07742E-13
0.5
0.8660254
1
0.8660254
0.5
3.322095E-13
-0.5
-0.8660254
-1
-0.8660254
-0.5
-1.929555E-15
0.5
0.8660254
1
0.8660254
0.5
1.26397E-13
-0.5
-0.8660254
-1
-0.8660254
-0.5
-2.508644E-13
0.5
0.8660254
1
0.8660254
0.5
3.753319E-13
-0.5
-0.8660254
-1
-0.8660254
-0.5
-4.505196E-14
0.5
0.8660254
1
0.8660254
0.5
1.695194E-13
-0.5
-0.8660254
-1
-0.8660254
-0.5
-2.939868E-13
0.5
0.8660254
1
0.8660254
0.5
4.184543E-13
-0.5
-0.8660254
-1
-0.8660254
-0.5
-8.817437E-14
0.5
0.8660254
1
0.8660254
0.5
2.126418E-13
-0.5
-0.8660254
-1
-0.8660254
-0.5
-3.371092E-13
0.5
0.8660254
1
0.8660254
0.5
6.829335E-15
-0.5
-0.8660254
-1
-0.8660254
-0.5
-1.312968E-13
0.5
0.8660254
1
0.8660254
0.5
2.557642E-13
-0.5
-0.8660254
-1
-0.8660254
-0.5
-3.802317E-13
0.5
0.8660254
1
0.8660254
0.5
4.995174E-14
-0.5
-0.8660254
-1
-0.8660254
-0.5
-1.744192E-13
0.5
0.8660254
1
0.8660254
0.5
2.988866E-13
-0.5
-0.8660254
-1
-0.8660254
-0.5
-4.233541E-13
0.5
0.8660254
1
0.8660254
0.5
9.307415E-14
-0.5
-0.8660254
-1
-0.8660254
-0.5
-2.175416E-13
0.5
0.8660254
1
0.8660254
0.5
3.42009E-13
-0.5
-0.8660254
-1
-0.8660254
-0.5
-1.172912E-14
0.5
0.8660254
1
0.8660254
0.5
1.361966E-13
-0.5
-0.8660254
-1
-0.8660254
-0.5
-2.60664E-13
0.5
0.8660254
1
0.8660254
0.5
3.851314E-13
-0.5
-0.8660254
-1
-0.8660254
-0.5
-5.485152E-14
0.5
0.8660254
1
0.8660254
0.5
1.79319E-13
-0.5
-0.8660254
-1
-0.8660254
-0.5
-3.037864E-13
0.5
0.8660254
1
0.8660254
0.5
4.282538E-13
-0.5
-0.8660254
-1
-0.8660254
-0.5
-9.797393E-14
0.5
0.8660254
1
0.8660254
0.5
2.224414E-13
-0.5
-0.8660254
-1
-0.8660254
-0.5
-3.469088E-13
0.5
0.8660254
1
0.8660254
0.5
1.66289E-14
-0.5
-0.8660254
-1
-0.8660254
-0.5
-1.410963E-13
0.5
0.8660254
1
0.8660254
0.5
2.655638E-13
-0.5
-0.8660254
-1
-0.8660254
-0.5
-3.900312E-13
0.5
0.8660254
1
0.8660254
0.5
5.97513E-14
-0.5
-0.8660254
-1
-0.8660254
-0.5
-1.842187E-13
0.5
0.8660254
1
0.8660254
0.5
3.086862E-13
-0.5
-0.8660254
-1
-0.8660254
-0.5
-4.331536E-13
0.5
0.8660254
1
0.8660254
0.5
1.028737E-13
-0.5
-0.8660254
-1
-0.8660254
-0.5
-2.273411E-13
0.5
0.8660254
1
0.8660254
0.5
3.518086E-13
-0.5
-0.8660254
-1
-0.8660254
-0.5
-2.152868E-14
0.5
0.8660254
1
0.8660254
0.5
1.459961E-13
-0.5
-0.8660254
-1
-0.8660254
-0.5
-2.704636E-13
0.5
0.8660254
1
0.8660254
0.5
3.94931E-13
-0.5
-0.8660254
-1
-0.8660254
-0.5
-6.465108E-14
0.5
0.8660254
1
0.8660254
0.5
1.891185E-13
-0.5
-0.8660254
-1
-0.8660254
-0.5
-3.13586E-13
0.5
0.8660254
1
0.8660254
0.5
4.380534E-13
-0.5
-0.8660254
-1
-0.8660254
-0.5
-1.077735E-13
0.5
0.8660254
1
0.8660254
0.5
2.322409E-13
-0.5
-0.8660254
-1
-0.8660254
-0.5
-3.567084E-13
0.5
0.8660254
1
0.8660254
0.5
2.642846E-14
-0.5
-0.8660254
-1
-0.8660254
-0.5
-1.508959E-13
0.5
0.8660254
1
0.8660254
0.5
2.753633E-13
-0.5
-0.8660254
-1
-0.8660254
-0.5
-3.998308E-13
0.5
0.8660254
1
0.8660254
0.5
6.955086E-14
-0.5
-0.8660254
-1
-0.8660254
-0.5
-1.940183E-13
0.5
0.8660254
1
0.8660254
0.5
3.184857E-13
-0.5
-0.8660254
-1
-0.8660254
-0.5
-4.429532E-13
0.5
0.8660254
1
0.8660254
0.5
1.126733E-13
-0.5
-0.8660254
-1
-0.8660254
-0.5
-2.371407E-13
0.5
0.8660254
1
0.8660254
0.5
3.616082E-13
-0.5
-0.8660254
-1
-0.8660254
-0.5
-3.132824E-14
0.5
0.8660254
1
0.8660254
0.5
1.557957E-13
-0.5
-0.8660254
-1
-0.8660254
-0.5
-2.802631E-13
0.5
0.8660254
1
0.8660254
0.5
4.047306E-13
-0.5
-0.8660254
-1
-0.8660254
-0.5
-7.445065E-14
0.5
0.8660254
1
0.8660254
0.5
1.989181E-13
-0.5
-0.8660254
-1
-0.8660254
-0.5
-3.233855E-13
0.5
0.8660254
1
0.8660254
0.5
4.47853E-13
-0.5
-0.8660254
-1
-0.8660254
-0.5
-1.175731E-13
0.5
0.8660254
1
0.8660254
0.5
2.420405E-13
-0.5
-0.8660254
-1
-0.8660254
-0.5
-3.665079E-13
0.5
0.8660254
1
0.8660254
0.5
3.622802E-14
-0.5
-0.8660254
-1
-0.8660254
-0.5
-1.606955E-13
0.5
0.8660254
1
0.8660254
0.5
2.851629E-13
-0.5
-0.8660254
-1
-0.8660254
-0.5
-4.096303E-13
0.5
0.8660254
1
0.8660254
0.5
7.935043E-14
-0.5
-0.8660254
-1
-0.8660254
-0.5
-2.038179E-13
0.5
0.8660254
1
0.8660254
0.5
3.282853E-13
-0.5
-0.8660254
-1
-0.8660254
-0.5
-4.527527E-13
0.5
0.8660254
1
0.8660254
0.5
1.224728E-13
-0.5
-0.8660254
-1
-0.8660254
-0.5
-2.469403E-13
0.5
0.8660254
1
0.8660254
0.5
3.714077E-13
-0.5
-0.8660254
-1
-0.8660254
-0.5
-4.11278E-14
0.5
0.8660254
1
0.8660254
0.5
1.655952E-13
-0.5
-0.8660254
-1
-0.8660254
-0.5
-2.900627E-13
0.5
0.8660254
1
0.8660254
0.5
4.145301E-13
-0.5
-0.8660254
-1
-0.8660254
-0.5
-8.425021E-14
0.5
0.8660254
1
0.8660254
0.5
2.087176E-13
-0.5
-0.8660254
-1
-0.8660254
-0.5
-3.331851E-13
0.5
0.8660254
1
0.8660254
0.5
4.576525E-13
-0.5
-0.8660254
-1
-0.8660254
-0.5
-1.273726E-13
0.5
0.8660254
1
0.8660254
0.5
2.518401E-13
-0.5
-0.8660254
-1
-0.8660254
-0.5
-3.763075E-13
0.5
0.8660254
1
0.8660254
0.5
4.602758E-14
-0.5
-0.8660254
-1
-0.8660254
-0.5
-1.70495E-13
0.5
0.8660254
1
0.8660254
0.5
2.949625E-13
-0.5
-0.8660254
-1
-0.8660254
-0.5
-4.194299E-13
0.5
0.8660254
1
0.8660254
0.5
8.914999E-14
-0.5
-0.8660254
-1
-0.8660254
-0.5
-2.136174E-13
0.5
0.8660254
1
0.8660254
0.5
3.380849E-13
-0.5
-0.8660254
-1
-0.8660254
-0.5
-4.625523E-13
0.5
0.8660254
1
0.8660254
0.5
1.322724E-13
-0.5
-0.8660254
-1
-0.8660254
-0.5
-2.567398E-13
0.5
0.8660254
1
0.8660254
0.5
3.812073E-13
-0.5
-0.8660254
-1
-0.8660254
-0.5
-5.092736E-14
0.5
0.8660254
1
0.8660254
0.5
1.753948E-13
-0.5
-0.8660254
-1
-0.8660254
-0.5
-2.998622E-13
0.5
0.8660254
1
0.8660254
0.5
4.243297E-13
-0.5
-0.8660254
-1
-0.8660254
-0.5
-9.404977E-14
0.5
0.8660254
1
0.8660254
0.5
2.185172E-13
-0.5
-0.8660254
-1
-0.8660254
-0.5
-3.429846E-13
0.5
0.8660254
1
0.8660254
0.5
4.674521E-13
-0.5
-0.8660254
-1
-0.8660254
-0.5
-1.371722E-13
0.5
0.8660254
1
0.8660254
0.5
2.616396E-13
-0.5
-0.8660254
-1
-0.8660254
-0.5
-3.861071E-13
0.5
0.8660254
1
0.8660254
0.5
5.582714E-14
-0.5
-0.8660254
-1
-0.8660254
-0.5
-1.802946E-13
0.5
0.8660254
1
0.8660254
0.5
3.04762E-13
-0.5
-0.8660254
-1
-0.8660254
-0.5
-4.292295E-13
0.5
0.8660254
1
0.8660254
0.5
9.894955E-14
-0.5
-0.8660254
-1
-0.8660254
-0.5
-2.23417E-13
0.5
0.8660254
1
0.8660254
0.5
3.478844E-13
-0.5
-0.8660254
-1
-0.8660254
-0.5
-4.723519E-13
0.5
0.8660254
1
0.8660254
0.5
1.42072E-13
-0.5
-0.8660254
-1
-0.8660254
-0.5
-2.665394E-13
0.5
0.8660254
1
0.8660254
0.5
3.910068E-13
-0.5
-0.8660254
-1
-0.8660254
-0.5
-6.072692E-14
0.5
0.8660254
1
0.8660254
0.5
1.851944E-13
-0.5
-0.8660254
-1
-0.8660254
-0.5
-3.096618E-13
0.5
0.8660254
1
0.8660254
0.5
4.341292E-13
-0.5
-0.8660254
-1
-0.8660254
-0.5
-1.038493E-13
0.5
0.8660254
1
0.8660254
0.5
2.283168E-13
-0.5
-0.8660254
-1
-0.8660254
-0.5
-3.527842E-13
0.5
0.8660254
1
0.8660254
0.5
4.772516E-13
-0.5
-0.8660254
-1
-0.8660254
-0.5
-1.469717E-13
0.5
0.8660254
1
0.8660254
0.5
2.714392E-13
-0.5
-0.8660254
-1
-0.8660254
-0.5
-3.959066E-13
0.5
0.8660254
1
0.8660254
0.5
6.56267E-14
-0.5
-0.8660254
-1
-0.8660254
-0.5
-1.900941E-13
0.5
0.8660254
1
0.8660254
0.5
3.145616E-13
-0.5
-0.8660254
-1
-0.8660254
-0.5
-4.39029E-13
0.5
0.8660254
1
0.8660254
0.5
1.087491E-13
-0.5
-0.8660254
-1
-0.8660254
-0.5
-2.332165E-13
0.5
0.8660254
1
0.8660254
0.5
3.57684E-13
-0.5
-0.8660254
-1
-0.8660254
-0.5
-4.821514E-13
0.5
0.8660254
1
0.8660254
0.5
1.518715E-13
-0.5
-0.8660254
-1
-0.8660254
-0.5
-2.76339E-13
0.5
0.8660254
1
0.8660254
0.5
4.008064E-13
-0.5
-0.8660254
-1
-0.8660254
-0.5
-7.052648E-14
0.5
0.8660254
1
0.8660254
0.5
1.949939E-13
-0.5
-0.8660254
-1
-0.8660254
-0.5
-3.194614E-13
0.5
0.8660254
1
0.8660254
0.5
4.439288E-13
-0.5
-0.8660254
-1
-0.8660254
-0.5
-1.136489E-13
0.5
0.8660254
1
0.8660254
0.5
2.381163E-13
-0.5
-0.8660254
-1
-0.8660254
-0.5
-3.625838E-13
0.5
0.8660254
1
0.8660254
0.5
4.870512E-13
-0.5
-0.8660254
-1
-0.8660254
-0.5
-1.567713E-13
0.5
0.8660254
1
0.8660254
0.5
2.812387E-13
-0.5
-0.8660254
-1
-0.8660254
-0.5
-4.057062E-13
0.5
0.8660254
1
0.8660254
0.5
7.542626E-14
-0.5
-0.8660254
-1
-0.8660254
-0.5
-1.998937E-13
0.5
0.8660254
1
0.8660254
0.5
3.243611E-13
-0.5
-0.8660254
-1
-0.8660254
-0.5
-4.488286E-13
0.5
0.8660254
1
0.8660254
0.5
1.185487E-13
-0.5
-0.8660254
-1
-0.8660254
-0.5
-2.430161E-13
0.5
0.8660254
1
0.8660254
0.5
3.674836E-13
-0.5
-0.8660254
-1
-0.8660254
-0.5
-4.91951E-13
0.5
0.8660254
1
0.8660254
0.5
1.616711E-13
-0.5
-0.8660254
-1
-0.8660254
-0.5
-2.861385E-13
0.5
0.8660254
1
0.8660254
0.5
4.10606E-13
-0.5
-0.8660254
-1
-0.8660254
-0.5
-8.032605E-14
0.5
0.8660254
1
0.8660254
0.5
2.047935E-13
-0.5
-0.8660254
-1
-0.8660254
-0.5
-3.292609E-13
0.5
0.8660254
1
0.8660254
0.5
4.537284E-13
-0.5
-0.8660254
-1
-0.8660254
-0.5
-1.234485E-13
0.5
0.8660254
1
0.8660254
0.5
2.479159E-13
-0.5
-0.8660254
-1
-0.8660254
-0.5
-3.723833E-13
0.5
0.8660254
1
0.8660254
0.5
4.968508E-13
-0.5
-0.8660254
-1
-0.8660254
-0.5
-1.665709E-13
0.5
0.8660254
1
0.8660254
0.5
2.910383E-13
-0.5
-0.8660254
-1
-0.8660254
-0.5
-4.155057E-13
0.5
0.8660254
1
0.8660254
0.5
8.522583E-14
-0.5
-0.8660254
-1
-0.8660254
-0.5
-2.096933E-13
0.5
0.8660254
1
0.8660254
0.5
3.341607E-13
-0.5
-0.8660254
-1
-0.8660254
-0.5
-4.586281E-13
0.5
0.8660254
1
0.8660254
0.5
1.283482E-13
-0.5
-0.8660254
-1
-0.8660254
-0.5
-2.528157E-13
0.5
0.8660254
1
0.8660254
0.5
3.772831E-13
-0.5
-0.8660254
-1
-0.8660254
-0.5
-5.017506E-13
0.5
0.8660254
1
0.8660254
0.5
1.714706E-13
-0.5
-0.8660254
-1
-0.8660254
-0.5
-2.959381E-13
0.5
0.8660254
1
0.8660254
0.5
4.204055E-13
-0.5
-0.8660254
-1
-0.8660254
-0.5
-9.012561E-14
0.5
0.8660254
1
0.8660254
0.5
2.14593E-13
-0.5
-0.8660254
-1
-0.8660254
-0.5
-3.390605E-13
0.5
0.8660254
1
0.8660254
0.5
4.635279E-13
-0.5
-0.8660254
-1
-0.8660254
-0.5
-1.33248E-13
0.5
0.8660254
1
0.8660254
0.5
2.577155E-13
-0.5
-0.8660254
-1
-0.8660254
-0.5
-3.821829E-13
0.5
0.8660254
1
0.8660254
0.5
5.066503E-13
-0.5
-0.8660254
-1
-0.8660254
-0.5
-1.763704E-13
0.5
0.8660254
1
0.8660254
0.5
3.008379E-13
-0.5
-0.8660254
-1
-0.8660254
-0.5
-4.253053E-13
0.5
0.8660254
1
0.8660254
0.5
9.502539E-14
-0.5
-0.8660254
-1
-0.8660254
-0.5
-2.194928E-13
0.5
0.8660254
1
0.8660254
0.5
3.439603E-13
-0.5
-0.8660254
-1
-0.8660254
-0.5
-4.684277E-13
0.5
0.8660254
1
0.8660254
0.5
1.381478E-13
-0.5
-0.8660254
-1
-0.8660254
-0.5
-2.626152E-13
0.5
0.8660254
1
0.8660254
0.5
3.870827E-13
-0.5
-0.8660254
-1
-0.8660254
-0.5
-5.115501E-13
0.5
0.8660254
1
0.8660254
0.5
1.812702E-13
-0.5
-0.8660254
-1
-0.8660254
-0.5
-3.057376E-13
0.5
0.8660254
1
0.8660254
0.5
4.302051E-13
-0.5
-0.8660254
-1
-0.8660254
-0.5
-9.992517E-14
0.5
0.8660254
1
0.8660254
0.5
2.243926E-13
-0.5
-0.8660254
-1
-0.8660254
-0.5
-3.4886E-13
0.5
0.8660254
1
0.8660254
0.5
4.733275E-13
-0.5
-0.8660254
-1
-0.8660254
-0.5
-1.430476E-13
0.5
0.8660254
1
0.8660254
0.5
2.67515E-13
-0.5
-0.8660254
-1
-0.8660254
-0.5
-3.919825E-13
0.5
0.8660254
1
0.8660254
0.5
5.164499E-13
-0.5
-0.8660254
-1
-0.8660254
-0.5
-1.8617E-13
0.5
0.8660254
1
0.8660254
0.5
3.106374E-13
-0.5
-0.8660254
-1
-0.8660254
-0.5
-4.351049E-13
0.5
0.8660254
1
0.8660254
0.5
1.048249E-13
-0.5
-0.8660254
-1
-0.8660254
-0.5
-2.292924E-13
0.5
0.8660254
1
0.8660254
0.5
3.537598E-13
-0.5
-0.8660254
-1
-0.8660254
-0.5
-4.782273E-13
0.5
0.8660254
1
0.8660254
0.5
1.479474E-13
-0.5
-0.8660254
-1
-0.8660254
-0.5
-2.724148E-13
0.5
0.8660254
1
0.8660254
0.5
3.968822E-13
-0.5
-0.8660254
-1
-0.8660254
-0.5
-5.213497E-13
0.5
0.8660254
1
0.8660254
0.5
1.910698E-13
-0.5
-0.8660254
-1
-0.8660254
-0.5
-3.155372E-13
0.5
0.8660254
1
0.8660254
0.5
4.400046E-13
-0.5
-0.8660254
-1
-0.8660254
-0.5
-1.097247E-13
0.5
0.8660254
1
0.8660254
0.5
2.341922E-13
-0.5
-0.8660254
-1
-0.8660254
-0.5
-3.586596E-13
0.5
0.8660254
1
0.8660254
0.5
4.83127E-13
-0.5
-0.8660254
-1
-0.8660254
-0.5
-1.528471E-13
0.5
0.8660254
1
0.8660254
0.5
2.773146E-13
-0.5
-0.8660254
-1
-0.8660254
-0.5
-4.01782E-13
0.5
0.8660254
1
0.8660254
0.5
5.262495E-13
-0.5
-0.8660254
-1
-0.8660254
-0.5
-1.959695E-13
0.5
0.8660254
1
0.8660254
0.5
3.20437E-13
-0.5
-0.8660254
-1
-0.8660254
-0.5
-4.449044E-13
0.5
0.8660254
1
0.8660254
0.5
1.146245E-13
-0.5
-0.8660254
-1
-0.8660254
-0.5
-2.390919E-13
0.5
0.8660254
1
0.8660254
0.5
3.635594E-13
-0.5
-0.8660254
-1
-0.8660254
-0.5
-4.880268E-13
0.5
0.8660254
1
0.8660254
0.5
1.577469E-13
-0.5
-0.8660254
-1
-0.8660254
-0.5
-2.822144E-13
0.5
0.8660254
1
0.8660254
0.5
4.066818E-13
-0.5
-0.8660254
-1
-0.8660254
-0.5
-5.311492E-13
0.5
0.8660254
1
0.8660254
0.5
2.008693E-13
-0.5
-0.8660254
-1
-0.8660254
-0.5
-3.253368E-13
0.5
0.8660254
1
0.8660254
0.5
4.498042E-13
-0.5
-0.8660254
-1
-0.8660254
-0.5
-1.195243E-13
0.5
0.8660254
1
0.8660254
0.5
2.439917E-13
-0.5
-0.8660254
-1
-0.8660254
-0.5
-3.684592E-13
0.5
0.8660254
1
0.8660254
0.5
4.929266E-13
-0.5
-0.8660254
-1
-0.8660254
-0.5
-1.626467E-13
0.5
0.8660254
1
0.8660254
0.5
2.871141E-13
-0.5
-0.8660254
-1
-0.8660254
-0.5
-4.115816E-13
0.5
0.8660254
1
0.8660254
0.5
5.36049E-13
-0.5
-0.8660254
-1
-0.8660254
-0.5
-2.057691E-13
0.5
0.8660254
1
0.8660254
0.5
3.302365E-13
-0.5
-0.8660254
-1
-0.8660254
-0.5
-4.54704E-13
0.5
0.8660254
1
0.8660254
0.5
1.244241E-13
-0.5
-0.8660254
-1
-0.8660254
-0.5
-2.488915E-13
0.5
0.8660254
1
0.8660254
0.5
3.73359E-13
-0.5
-0.8660254
-1
-0.8660254
-0.5
-4.978264E-13
0.5
0.8660254
1
0.8660254
0.5
1.675465E-13
-0.5
-0.8660254
-1
-0.8660254
-0.5
-2.920139E-13
0.5
0.8660254
1
0.8660254
0.5
4.164814E-13
-0.5
-0.8660254
-1
-0.8660254
-0.5
-5.409488E-13
0.5
0.8660254
1
0.8660254
0.5
2.106689E-13
-0.5
-0.8660254
-1
-0.8660254
-0.5
-3.351363E-13
0.5
0.8660254
1
0.8660254
0.5
4.596038E-13
-0.5
-0.8660254
-1
-0.8660254
-0.5
-1.293239E-13
0.5
0.8660254
1
0.8660254
0.5
2.537913E-13
-0.5
-0.8660254
-1
-0.8660254
-0.5
-3.782587E-13
0.5
0.8660254
1
0.8660254
0.5
5.027262E-13
-0.5
-0.8660254
-1
-0.8660254
-0.5
-1.724463E-13
0.5
0.8660254
1
0.8660254
0.5
2.969137E-13
-0.5
-0.8660254
-1
-0.8660254
-0.5
-4.213811E-13
0.5
0.8660254
1
0.8660254
0.5
5.458486E-13
-0.5
-0.8660254
-1
-0.8660254
-0.5
-2.155687E-13
0.5
0.8660254
1
0.8660254
0.5
3.400361E-13
-0.5
-0.8660254
-1
-0.8660254
-0.5
-4.645035E-13
0.5
0.8660254
1
0.8660254
0.5
1.342236E-13
-0.5
-0.8660254
-1
-0.8660254
-0.5
-2.586911E-13
0.5
0.8660254
1
0.8660254
0.5
3.831585E-13
-0.5
-0.8660254
-1
-0.8660254
-0.5
-5.07626E-13
0.5
0.8660254
1
0.8660254
0.5
1.77346E-13
-0.5
-0.8660254
-1
-0.8660254
-0.5
-3.018135E-13
0.5
0.8660254
1
0.8660254
0.5
4.262809E-13
-0.5
-0.8660254
-1
-0.8660254
-0.5
-5.507484E-13
0.5
0.8660254
1
0.8660254
0.5
2.204684E-13
-0.5
-0.8660254
-1
-0.8660254
-0.5
-3.449359E-13
0.5
0.8660254
1
0.8660254
0.5
4.694033E-13
-0.5
-0.8660254
-1
-0.8660254
-0.5
-1.391234E-13
0.5
0.8660254
1
0.8660254
0.5
2.635909E-13
-0.5
-0.8660254
-1
-0.8660254
-0.5
-3.880583E-13
0.5
0.8660254
1
0.8660254
0.5
5.125257E-13
-0.5
-0.8660254
-1
-0.8660254
-0.5
-1.822458E-13
0.5
0.8660254
1
0.8660254
0.5
3.067133E-13
-0.5
-0.8660254
-1
-0.8660254
-0.5
-4.311807E-13
0.5
0.8660254
1
0.8660254
0.5
5.556481E-13
-0.5
-0.8660254
-1
-0.8660254
-0.5
-2.253682E-13
0.5
0.8660254
1
0.8660254
0.5
3.498357E-13
-0.5
-0.8660254
-1
-0.8660254
-0.5
-4.743031E-13
0.5
0.8660254
1
0.8660254
0.5
1.440232E-13
-0.5
-0.8660254
-1
-0.8660254
-0.5
-2.684906E-13
0.5
0.8660254
1
0.8660254
0.5
3.929581E-13
-0.5
-0.8660254
-1
-0.8660254
-0.5
-5.174255E-13
0.5
0.8660254
1
0.8660254
0.5
1.871456E-13
-0.5
-0.8660254
-1
-0.8660254
-0.5
-3.11613E-13
0.5
0.8660254
1
0.8660254
0.5
4.360805E-13
-0.5
-0.8660254
-1
-0.8660254
-0.5
-5.605479E-13
0.5
0.8660254
1
0.8660254
0.5
2.30268E-13
-0.5
-0.8660254
-1
-0.8660254
-0.5
-3.547354E-13
0.5
0.8660254
1
0.8660254
0.5
4.792029E-13
-0.5
-0.8660254
-1
-0.8660254
-0.5
-1.48923E-13
0.5
0.8660254
1
0.8660254
0.5
2.733904E-13
-0.5
-0.8660254
-1
-0.8660254
-0.5
-3.978579E-13
0.5
0.8660254
1
0.8660254
0.5
5.223253E-13
-0.5
-0.8660254
-1
-0.8660254
-0.5
-1.920454E-13
0.5
0.8660254
1
0.8660254
0.5
3.165128E-13
-0.5
-0.8660254
-1
-0.8660254
-0.5
-4.409803E-13
0.5
0.8660254
1
0.8660254
0.5
5.654477E-13
-0.5
-0.8660254
-1
-0.8660254
-0.5
-2.351678E-13
0.5
0.8660254
1
0.8660254
0.5
3.596352E-13
-0.5
-0.8660254
-1
-0.8660254
-0.5
-4.841027E-13
0.5
0.8660254
1
0.8660254
0.5
1.538228E-13
-0.5
-0.8660254
-1
-0.8660254
-0.5
-2.782902E-13
0.5
0.8660254
1
0.8660254
0.5
4.027576E-13
-0.5
-0.8660254
-1
-0.8660254
-0.5
-5.272251E-13
0.5
0.8660254
1
0.8660254
0.5
1.969452E-13
-0.5
-0.8660254
-1
-0.8660254
-0.5
-3.214126E-13
0.5
0.8660254
1
0.8660254
0.5
4.4588E-13
-0.5
-0.8660254
-1
-0.8660254
-0.5
-5.703475E-13
0.5
0.8660254
1
0.8660254
0.5
2.400676E-13
-0.5
-0.8660254
-1
-0.8660254
-0.5
-3.64535E-13
0.5
0.8660254
1
0.8660254
0.5
4.890024E-13
-0.5
-0.8660254
-1
-0.8660254
-0.5
-1.587225E-13
0.5
0.8660254
1
0.8660254
0.5
2.8319E-13
-0.5
-0.8660254
-1
-0.8660254
-0.5
-4.076574E-13
0.5
0.8660254
1
0.8660254
0.5
5.321249E-13
-0.5
-0.8660254
-1
-0.8660254
-0.5
-2.018449E-13
0.5
0.8660254
1
0.8660254
0.5
3.263124E-13
-0.5
-0.8660254
-1
-0.8660254
-0.5
-4.507798E-13
0.5
0.8660254
1
0.8660254
0.5
5.752473E-13
-0.5
-0.8660254
-1
-0.8660254
-0.5
-2.449673E-13
0.5
0.8660254
1
0.8660254
0.5
3.694348E-13
-0.5
-0.8660254
-1
-0.8660254
-0.5
-4.939022E-13
0.5
0.8660254
1
0.8660254
0.5
1.636223E-13
-0.5
-0.8660254
-1
-0.8660254
-0.5
-2.880898E-13
0.5
0.8660254
1
0.8660254
0.5
4.125572E-13
-0.5
-0.8660254
-1
-0.8660254
-0.5
-5.370246E-13
0.5
0.8660254
1
0.8660254
0.5
2.067447E-13
-0.5
-0.8660254
-1
-0.8660254
-0.5
-3.312122E-13
0.5
0.8660254
1
0.8660254
0.5
4.556796E-13
-0.5
-0.8660254
-1
-0.8660254
-0.5
-1.253997E-13
0.5
0.8660254
1
0.8660254
0.5
2.498671E-13
-0.5
-0.8660254
-1
-0.8660254
-0.5
-3.743346E-13
0.5
0.8660254
1
0.8660254
0.5
4.98802E-13
-0.5
-0.8660254
-1
-0.8660254
-0.5
-1.685221E-13
0.5
0.8660254
1
0.8660254
0.5
2.929895E-13
-0.5
-0.8660254
-1
-0.8660254
-0.5
-4.17457E-13
0.5
0.8660254
1
0.8660254
0.5
5.419244E-13
-0.5
-0.8660254
-1
-0.8660254
-0.5
-2.116445E-13
0.5
0.8660254
1
0.8660254
0.5
3.361119E-13
-0.5
-0.8660254
-1
-0.8660254
-0.5
-4.605794E-13
0.5
0.8660254
1
0.8660254
0.5
1.302995E-13
-0.5
-0.8660254
-1
-0.8660254
-0.5
-2.547669E-13
0.5
0.8660254
1
0.8660254
0.5
3.792344E-13
-0.5
-0.8660254
-1
-0.8660254
-0.5
-5.037018E-13
0.5
0.8660254
1
0.8660254
0.5
1.734219E-13
-0.5
-0.8660254
-1
-0.8660254
-0.5
-2.978893E-13
0.5
0.8660254
1
0.8660254
0.5
4.223568E-13
-0.5
-0.8660254
-1
-0.8660254
-0.5
-5.468242E-13
0.5
0.8660254
1
0.8660254
0.5
2.165443E-13
-0.5
-0.8660254
-1
-0.8660254
-0.5
-3.410117E-13
0.5
0.8660254
1
0.8660254
0.5
4.654792E-13
-0.5
-0.8660254
-1
-0.8660254
-0.5
-1.351993E-13
0.5
0.8660254
1
0.8660254
0.5
2.596667E-13
-0.5
-0.8660254
-1
-0.8660254
-0.5
-3.841341E-13
0.5
0.8660254
1
0.8660254
0.5
5.086016E-13
-0.5
-0.8660254
-1
-0.8660254
-0.5
-1.783217E-13
0.5
0.8660254
1
0.8660254
0.5
3.027891E-13
-0.5
-0.8660254
-1
-0.8660254
-0.5
-4.272565E-13
0.5
0.8660254
1
0.8660254
0.5
5.51724E-13
-0.5
-0.8660254
-1
-0.8660254
-0.5
-2.214441E-13
0.5
0.8660254
1
0.8660254
0.5
3.459115E-13
-0.5
-0.8660254
-1
-0.8660254
-0.5
-4.703789E-13
0.5
0.8660254
1
0.8660254
0.5
1.40099E-13
-0.5
-0.8660254
-1
-0.8660254
-0.5
-2.645665E-13
0.5
0.8660254
1
0.8660254
0.5
3.890339E-13
-0.5
-0.8660254
-1
-0.8660254
-0.5
-5.135014E-13
0.5
0.8660254
1
0.8660254
0.5
1.832214E-13
-0.5
-0.8660254
-1
-0.8660254
-0.5
-3.076889E-13
0.5
0.8660254
1
0.8660254
0.5
4.321563E-13
-0.5
-0.8660254
-1
-0.8660254
-0.5
-5.566238E-13
0.5
0.8660254
1
0.8660254
0.5
2.263438E-13
-0.5
-0.8660254
-1
-0.8660254
-0.5
-3.508113E-13
0.5
0.8660254
1
0.8660254
0.5
4.752787E-13
-0.5
-0.8660254
-1
-0.8660254
-0.5
-1.449988E-13
0.5
0.8660254
1
0.8660254
0.5
2.694663E-13
-0.5
-0.8660254
-1
-0.8660254
-0.5
-3.939337E-13
0.5
0.8660254
1
0.8660254
0.5
5.184011E-13
-0.5
-0.8660254
-1
-0.8660254
-0.5
-1.881212E-13
0.5
0.8660254
1
0.8660254
0.5
3.125887E-13
-0.5
-0.8660254
-1
-0.8660254
-0.5
-4.370561E-13
0.5
0.8660254
1
0.8660254
0.5
5.615235E-13
-0.5
-0.8660254
-1
-0.8660254
-0.5
-2.312436E-13
0.5
0.8660254
1
0.8660254
0.5
3.557111E-13
-0.5
-0.8660254
-1
-0.8660254
-0.5
-4.801785E-13
0.5
0.8660254
1
0.8660254
0.5
1.498986E-13
-0.5
-0.8660254
-1
-0.8660254
-0.5
-2.74366E-13
0.5
0.8660254
1
0.8660254
0.5
3.988335E-13
-0.5
-0.8660254
-1
-0.8660254
-0.5
-5.233009E-13
0.5
0.8660254
1
0.8660254
0.5
1.93021E-13
-0.5
-0.8660254
-1
-0.8660254
-0.5
-3.174884E-13
0.5
0.8660254
1
0.8660254
0.5
4.419559E-13
-0.5
-0.8660254
-1
-0.8660254
-0.5
-5.664233E-13
0.5
0.8660254
1
0.8660254
0.5
2.361434E-13
-0.5
-0.8660254
-1
-0.8660254
-0.5
-3.606108E-13
0.5
0.8660254
1
0.8660254
0.5
4.850783E-13
-0.5
-0.8660254
-1
-0.8660254
-0.5
-1.547984E-13
0.5
0.8660254
1
0.8660254
0.5
2.792658E-13
-0.5
-0.8660254
-1
-0.8660254
-0.5
-4.037333E-13
0.5
0.8660254
1
0.8660254
0.5
5.282007E-13
-0.5
-0.8660254
-1
-0.8660254
-0.5
-1.979208E-13
0.5
0.8660254
1
0.8660254
0.5
3.223882E-13
-0.5
-0.8660254
-1
-0.8660254
-0.5
-4.468557E-13
0.5
0.8660254
1
0.8660254
0.5
5.713231E-13
-0.5
-0.8660254
-1
-0.8660254
-0.5
-2.410432E-13
0.5
0.8660254
1
0.8660254
0.5
3.655106E-13
-0.5
-0.8660254
-1
-0.8660254
-0.5
-4.899781E-13
0.5
0.8660254
1
0.8660254
0.5
1.596982E-13
-0.5
-0.8660254
-1
-0.8660254
-0.5
-2.841656E-13
0.5
0.8660254
1
0.8660254
0.5
4.08633E-13
-0.5
-0.8660254
-1
-0.8660254
-0.5
-5.331005E-13
0.5
0.8660254
1
0.8660254
0.5
2.028206E-13
-0.5
-0.8660254
-1
-0.8660254
-0.5
-3.27288E-13
0.5
0.8660254
1
0.8660254
0.5
4.517554E-13
-0.5
-0.8660254
-1
-0.8660254
-0.5
-5.762229E-13
0.5
0.8660254
1
0.8660254
0.5
2.45943E-13
-0.5
-0.8660254
-1
-0.8660254
-0.5
-3.704104E-13
0.5
0.8660254
1
0.8660254
0.5
4.948778E-13
-0.5
-0.8660254
-1
-0.8660254
-0.5
-1.645979E-13
0.5
0.8660254
1
0.8660254
0.5
2.890654E-13
-0.5
-0.8660254
-1
-0.8660254
-0.5
-4.135328E-13
0.5
0.8660254
1
0.8660254
0.5
5.380003E-13
-0.5
-0.8660254
-1
-0.8660254
-0.5
-2.077203E-13
0.5
0.8660254
1
0.8660254
0.5
3.321878E-13
-0.5
-0.8660254
-1
-0.8660254
-0.5
-4.566552E-13
0.5
0.8660254
1
0.8660254
0.5
5.811227E-13
-0.5
-0.8660254
-1
-0.8660254
-0.5
-2.508427E-13
0.5
0.8660254
1
0.8660254
0.5
3.753102E-13
-0.5
-0.8660254
-1
-0.8660254
-0.5
-4.997776E-13
0.5
0.8660254
1
0.8660254
0.5
1.694977E-13
-0.5
-0.8660254
-1
-0.8660254
-0.5
-2.939652E-13
0.5
0.8660254
1
0.8660254
0.5
4.184326E-13
-0.5
-0.8660254
-1
-0.8660254
-0.5
-5.429E-13
0.5
0.8660254
1
0.8660254
0.5
2.126201E-13
-0.5
-0.8660254
-1
-0.8660254
-0.5
-3.370876E-13
0.5
0.8660254
1
0.8660254
0.5
4.61555E-13
-0.5
-0.8660254
-1
-0.8660254
-0.5
-5.860224E-13
0.5
0.8660254
1
0.8660254
0.5
2.557425E-13
-0.5
-0.8660254
-1
-0.8660254
-0.5
-3.8021E-13
0.5
0.8660254
1
0.8660254
0.5
5.046774E-13
-0.5
-0.8660254
-1
-0.8660254
-0.5
-1.743975E-13
0.5
0.8660254
1
0.8660254
0.5
2.988649E-13
-0.5
-0.8660254
-1
-0.8660254
-0.5
-4.233324E-13
0.5
0.8660254
1
0.8660254
0.5
5.477998E-13
-0.5
-0.8660254
-1
-0.8660254
-0.5
-2.175199E-13
0.5
0.8660254
1
0.8660254
0.5
3.419873E-13
-0.5
-0.8660254
-1
-0.8660254
-0.5
-4.664548E-13
0.5
0.8660254
1
0.8660254
0.5
5.909222E-13
-0.5
-0.8660254
-1
-0.8660254
-0.5
-2.606423E-13
0.5
0.8660254
1
0.8660254
0.5
3.851098E-13
-0.5
-0.8660254
-1
-0.8660254
-0.5
-5.095772E-13
0.5
0.8660254
1
0.8660254
0.5
1.792973E-13
-0.5
-0.8660254
-1
-0.8660254
-0.5
-3.037647E-13
0.5
0.8660254
1
0.8660254
0.5
4.282322E-13
-0.5
-0.8660254
-1
-0.8660254
-0.5
-5.526996E-13
0.5
0.8660254
1
0.8660254
0.5
2.224197E-13
-0.5
-0.8660254
-1
-0.8660254
-0.5
-3.468871E-13
0.5
0.8660254
1
0.8660254
0.5
4.713546E-13
-0.5
-0.8660254
-1
-0.8660254
-0.5
-5.95822E-13
0.5
0.8660254
1
0.8660254
0.5
2.655421E-13
-0.5
-0.8660254
-1
-0.8660254
-0.5
-3.900095E-13
0.5
0.8660254
1
0.8660254
0.5
5.14477E-13
-0.5
-0.8660254
-1
-0.8660254
-0.5
-1.841971E-13
0.5
0.8660254
1
0.8660254
0.5
3.086645E-13
-0.5
-0.8660254
-1
-0.8660254
-0.5
-4.331319E-13
0.5
0.8660254
1
0.8660254
0.5
5.575994E-13
-0.5
-0.8660254
-1
-0.8660254
-0.5
-2.273195E-13
0.5
0.8660254
1
0.8660254
0.5
3.517869E-13
-0.5
-0.8660254
-1
-0.8660254
-0.5
-4.762543E-13
0.5
0.8660254
1
0.8660254
0.5
6.007218E-13
-0.5
-0.8660254
-1
-0.8660254
-0.5
-2.704419E-13
0.5
0.8660254
1
0.8660254
0.5
3.949093E-13
-0.5
-0.8660254
-1
-0.8660254
-0.5
-5.193768E-13
0.5
0.8660254
1
0.8660254
0.5
1.890968E-13
-0.5
-0.8660254
-1
-0.8660254
-0.5
-3.135643E-13
0.5
0.8660254
1
0.8660254
0.5
4.380317E-13
-0.5
-0.8660254
-1
-0.8660254
-0.5
-5.624992E-13
0.5
0.8660254
1
0.8660254
0.5
2.322192E-13
-0.5
-0.8660254
-1
-0.8660254
-0.5
-3.566867E-13
0.5
0.8660254
1
0.8660254
0.5
4.811541E-13
-0.5
-0.8660254
-1
-0.8660254
-0.5
-6.056216E-13
0.5
0.8660254
1
0.8660254
0.5
2.753417E-13
-0.5
-0.8660254
-1
-0.8660254
-0.5
-3.998091E-13
0.5
0.8660254
1
0.8660254
0.5
5.242765E-13
-0.5
-0.8660254
-1
-0.8660254
-0.5
-1.939966E-13
0.5
0.8660254
1
0.8660254
0.5
3.184641E-13
-0.5
-0.8660254
-1
-0.8660254
-0.5
-4.429315E-13
0.5
0.8660254
1
0.8660254
0.5
5.673989E-13
-0.5
-0.8660254
-1
-0.8660254
-0.5
-2.37119E-13
0.5
0.8660254
1
0.8660254
0.5
3.615865E-13
-0.5
-0.8660254
-1
-0.8660254
-0.5
-4.860539E-13
0.5
0.8660254
1
0.8660254
0.5
6.105213E-13
-0.5
-0.8660254
-1
-0.8660254
-0.5
-2.802414E-13
0.5
0.8660254
1
0.8660254
0.5
4.047089E-13
-0.5
-0.8660254
-1
-0.8660254
-0.5
-5.291763E-13
0.5
0.8660254
1
0.8660254
0.5
1.988964E-13
-0.5
-0.8660254
-1
-0.8660254
-0.5
-3.233638E-13
0.5
0.8660254
1
0.8660254
0.5
4.478313E-13
-0.5
-0.8660254
-1
-0.8660254
-0.5
-5.722987E-13
0.5
0.8660254
1
0.8660254
0.5
2.420188E-13
-0.5
-0.8660254
-1
-0.8660254
-0.5
-3.664862E-13
0.5
0.8660254
1
0.8660254
0.5
4.909537E-13
-0.5
-0.8660254
-1
-0.8660254
-0.5
-6.154211E-13
0.5
0.8660254
1
0.8660254
0.5
2.851412E-13
-0.5
-0.8660254
-1
-0.8660254
-0.5
-4.096087E-13
0.5
0.8660254
1
0.8660254
0.5
5.340761E-13
-0.5
-0.8660254
-1
-0.8660254
-0.5
-2.037962E-13
0.5
0.8660254
1
0.8660254
0.5
3.282636E-13
-0.5
-0.8660254
-1
-0.8660254
-0.5
-4.527311E-13
0.5
0.8660254
1
0.8660254
0.5
5.771985E-13
-0.5
-0.8660254
-1
-0.8660254
-0.5
-2.469186E-13
0.5
0.8660254
1
0.8660254
0.5
3.71386E-13
-0.5
-0.8660254
-1
-0.8660254
-0.5
-4.958535E-13
0.5
0.8660254
1
0.8660254
0.5
6.203209E-13
-0.5
-0.8660254
-1
-0.8660254
-0.5
-2.90041E-13
0.5
0.8660254
1
0.8660254
0.5
4.145084E-13
-0.5
-0.8660254
-1
-0.8660254
-0.5
-5.389759E-13
0.5
0.8660254
1
0.8660254
0.5
2.08696E-13
-0.5
-0.8660254
-1
-0.8660254
-0.5
-3.331634E-13
0.5
0.8660254
1
0.8660254
0.5
4.576308E-13
-0.5
-0.8660254
-1
-0.8660254
-0.5
-5.820983E-13
0.5
0.8660254
1
0.8660254
0.5
2.518184E-13
-0.5
-0.8660254
-1
-0.8660254
-0.5
-3.762858E-13
0.5
0.8660254
1
0.8660254
0.5
5.007532E-13
-0.5
-0.8660254
-1
-0.8660254
-0.5
-6.252207E-13
0.5
0.8660254
1
0.8660254
0.5
2.949408E-13
-0.5
-0.8660254
-1
-0.8660254
-0.5
-4.194082E-13
0.5
0.8660254
1
0.8660254
0.5
5.438757E-13
-0.5
-0.8660254
-1
-0.8660254
-0.5
-2.135957E-13
0.5
0.8660254
1
0.8660254
0.5
3.380632E-13
-0.5
-0.8660254
-1
-0.8660254
-0.5
-4.625306E-13
0.5
0.8660254
1
0.8660254
0.5
5.869981E-13
-0.5
-0.8660254
-1
-0.8660254
-0.5
-2.567181E-13
0.5
0.8660254
1
0.8660254
0.5
3.811856E-13
-0.5
-0.8660254
-1
-0.8660254
-0.5
-5.05653E-13
0.5
0.8660254
1
0.8660254
0.5
6.301205E-13
-0.5
-0.8660254
-1
-0.8660254
-0.5
-2.998406E-13
0.5
0.8660254
1
0.8660254
0.5
4.24308E-13
-0.5
-0.8660254
-1
-0.8660254
-0.5
-5.487754E-13
0.5
0.8660254
1
0.8660254
0.5
2.184955E-13
-0.5
-0.8660254
-1
-0.8660254
-0.5
-3.42963E-13
0.5
0.8660254
1
0.8660254
0.5
4.674304E-13
-0.5
-0.8660254
-1
-0.8660254
-0.5
-5.918978E-13
0.5
0.8660254
1
0.8660254
0.5
2.616179E-13
-0.5
-0.8660254
-1
-0.8660254
-0.5
-3.860854E-13
0.5
0.8660254
1
0.8660254
0.5
5.105528E-13
-0.5
-0.8660254
-1
-0.8660254
-0.5
-6.350202E-13
0.5
0.8660254
1
0.8660254
0.5
3.047403E-13
-0.5
-0.8660254
-1
-0.8660254
-0.5
-4.292078E-13
0.5
0.8660254
1
0.8660254
0.5
5.536752E-13
-0.5
-0.8660254
-1
-0.8660254
-0.5
-2.233953E-13
0.5
0.8660254
1
0.8660254
0.5
3.478627E-13
-0.5
-0.8660254
-1
-0.8660254
-0.5
-4.723302E-13
0.5
0.8660254
1
0.8660254
0.5
5.967976E-13
-0.5
-0.8660254
-1
-0.8660254
-0.5
-2.665177E-13
0.5
0.8660254
1
0.8660254
0.5
3.909852E-13
-0.5
-0.8660254
-1
-0.8660254
-0.5
-5.154526E-13
0.5
0.8660254
1
0.8660254
0.5
6.3992E-13
-0.5
-0.8660254
-1
-0.8660254
-0.5
-3.096401E-13
0.5
0.8660254
1
0.8660254
0.5
4.341076E-13
-0.5
-0.8660254
-1
-0.8660254
-0.5
-5.58575E-13
0.5
0.8660254
1
0.8660254
0.5
2.282951E-13
-0.5
-0.8660254
-1
-0.8660254
-0.5
-3.527625E-13
0.5
0.8660254
1
0.8660254
0.5
4.7723E-13
-0.5
-0.8660254
-1
-0.8660254
-0.5
-6.016974E-13
0.5
0.8660254
1
0.8660254
0.5
2.714175E-13
-0.5
-0.8660254
-1
-0.8660254
-0.5
-3.958849E-13
0.5
0.8660254
1
0.8660254
0.5
5.203524E-13
-0.5
-0.8660254
-1
-0.8660254
-0.5
-6.448198E-13
0.5
0.8660254
1
0.8660254
0.5
3.145399E-13
-0.5
-0.8660254
-1
-0.8660254
-0.5
-4.390073E-13
0.5
0.8660254
1
0.8660254
0.5
5.634748E-13
-0.5
-0.8660254
-1
-0.8660254
-0.5
-2.331949E-13
0.5
0.8660254
1
0.8660254
0.5
3.576623E-13
-0.5
-0.8660254
-1
-0.8660254
-0.5
-4.821297E-13
0.5
0.8660254
1
0.8660254
0.5
6.065972E-13
-0.5
-0.8660254
-1
-0.8660254
-0.5
-2.763173E-13
0.5
0.8660254
1
0.8660254
0.5
4.007847E-13
-0.5
-0.8660254
-1
-0.8660254
-0.5
-5.252522E-13
0.5
0.8660254
1
0.8660254
0.5
6.497196E-13
-0.5
-0.8660254
-1
-0.8660254
-0.5
-3.194397E-13
0.5
0.8660254
1
0.8660254
0.5
4.439071E-13
-0.5
-0.8660254
-1
-0.8660254
-0.5
-5.683746E-13
0.5
0.8660254
1
0.8660254
0.5
2.380946E-13
-0.5
-0.8660254
-1
-0.8660254
-0.5
-3.625621E-13
0.5
0.8660254
1
0.8660254
0.5
4.870295E-13
-0.5
-0.8660254
-1
-0.8660254
-0.5
-6.11497E-13
0.5
0.8660254
1
0.8660254
0.5
2.812171E-13
-0.5
-0.8660254
-1
-0.8660254
-0.5
-4.056845E-13
0.5
0.8660254
1
0.8660254
0.5
5.301519E-13
-0.5
-0.8660254
-1
-0.8660254
-0.5
-6.546194E-13
0.5
0.8660254
1
0.8660254
0.5
3.243395E-13
-0.5
-0.8660254
-1
-0.8660254
-0.5
-4.488069E-13
0.5
0.8660254
1
0.8660254
0.5
5.732743E-13
-0.5
-0.8660254
-1
-0.8660254
-0.5
-2.429944E-13
0.5
0.8660254
1
0.8660254
0.5
3.674619E-13
-0.5
-0.8660254
-1
-0.8660254
-0.5
-4.919293E-13
0.5
0.8660254
1
0.8660254
0.5
6.163967E-13
-0.5
-0.8660254
-1
-0.8660254
-0.5
-2.861168E-13
0.5
0.8660254
1
0.8660254
0.5
4.105843E-13
-0.5
-0.8660254
-1
-0.8660254
-0.5
-5.350517E-13
0.5
0.8660254
1
0.8660254
0.5
6.595192E-13
-0.5
-0.8660254
-1
-0.8660254
-0.5
-3.292392E-13
0.5
0.8660254
1
0.8660254
0.5
4.537067E-13
-0.5
-0.8660254
-1
-0.8660254
-0.5
-5.781741E-13
0.5
0.8660254
1
0.8660254
0.5
2.478942E-13
-0.5
-0.8660254
-1
-0.8660254
-0.5
-3.723616E-13
0.5
0.8660254
1
0.8660254
0.5
4.968291E-13
-0.5
-0.8660254
-1
-0.8660254
-0.5
-6.212965E-13
0.5
0.8660254
1
0.8660254
0.5
2.910166E-13
-0.5
-0.8660254
-1
-0.8660254
-0.5
-4.154841E-13
0.5
0.8660254
1
0.8660254
0.5
8.520414E-14
-0.5
-0.8660254
-1
-0.8660254
-0.5
-6.644189E-13
0.5
0.8660254
1
0.8660254
0.5
3.34139E-13
-0.5
-0.8660254
-1
-0.8660254
-0.5
-3.859109E-15
0.5
0.8660254
1
0.8660254
0.5
5.830739E-13
-0.5
-0.8660254
-1
-0.8660254
-0.5
-2.52794E-13
0.5
0.8660254
1
0.8660254
0.5
8.320088E-13
-0.5
-0.8660254
-1
-0.8660254
-0.5
-5.017289E-13
0.5
0.8660254
1
0.8660254
0.5
1.71449E-13
-0.5
-0.8660254
-1
-0.8660254
-0.5
-7.506637E-13
0.5
0.8660254
1
0.8660254
0.5
4.203838E-13
-0.5
-0.8660254
-1
-0.8660254
-0.5
-9.010392E-14
0.5
0.8660254
1
0.8660254
0.5
6.693187E-13
-0.5
-0.8660254
-1
-0.8660254
-0.5
-3.390388E-13
0.5
0.8660254
1
0.8660254
0.5
8.75889E-15
-0.5
-0.8660254
-1
-0.8660254
-0.5
-5.879737E-13
0.5
0.8660254
1
0.8660254
0.5
2.576938E-13
-0.5
-0.8660254
-1
-0.8660254
-0.5
-8.369086E-13
0.5
0.8660254
1
0.8660254
0.5
5.066286E-13
-0.5
-0.8660254
-1
-0.8660254
-0.5
-1.763487E-13
0.5
0.8660254
1
0.8660254
0.5
7.555635E-13
-0.5
-0.8660254
-1
-0.8660254
-0.5
-4.252836E-13
0.5
0.8660254
1
0.8660254
0.5
9.50037E-14
-0.5
-0.8660254
-1
-0.8660254
-0.5
-6.742185E-13
0.5
0.8660254
1
0.8660254
0.5
3.439386E-13
-0.5
-0.8660254
-1
-0.8660254
-0.5
-1.365867E-14
0.5
0.8660254
1
0.8660254
0.5
5.928735E-13
-0.5
-0.8660254
-1
-0.8660254
-0.5
-2.625935E-13
0.5
0.8660254
1
0.8660254
0.5
8.418083E-13
-0.5
-0.8660254
-1
-0.8660254
-0.5
-5.115284E-13
0.5
0.8660254
1
0.8660254
0.5
1.812485E-13
-0.5
-0.8660254
-1
-0.8660254
-0.5
-7.604633E-13
0.5
0.8660254
1
0.8660254
0.5
4.301834E-13
-0.5
-0.8660254
-1
-0.8660254
-0.5
-9.990348E-14
0.5
0.8660254
1
0.8660254
0.5
6.791183E-13
-0.5
-0.8660254
-1
-0.8660254
-0.5
-3.488384E-13
0.5
0.8660254
1
0.8660254
0.5
1.855845E-14
-0.5
-0.8660254
-1
-0.8660254
-0.5
-5.977732E-13
0.5
0.8660254
1
0.8660254
0.5
2.674933E-13
-0.5
-0.8660254
-1
-0.8660254
-0.5
-8.467081E-13
0.5
0.8660254
1
0.8660254
0.5
5.164282E-13
-0.5
-0.8660254
-1
-0.8660254
-0.5
-1.861483E-13
0.5
0.8660254
1
0.8660254
0.5
7.653631E-13
-0.5
-0.8660254
-1
-0.8660254
-0.5
-4.350832E-13
0.5
0.8660254
1
0.8660254
0.5
1.048033E-13
-0.5
-0.8660254
-1
-0.8660254
-0.5
-6.840181E-13
0.5
0.8660254
1
0.8660254
0.5
3.537381E-13
-0.5
-0.8660254
-1
-0.8660254
-0.5
-2.345823E-14
0.5
0.8660254
1
0.8660254
0.5
6.02673E-13
-0.5
-0.8660254
-1
-0.8660254
-0.5
-2.723931E-13
0.5
0.8660254
1
0.8660254
0.5
8.516079E-13
-0.5
-0.8660254
-1
-0.8660254
-0.5
-5.21328E-13
0.5
0.8660254
1
0.8660254
0.5
1.910481E-13
-0.5
-0.8660254
-1
-0.8660254
-0.5
-7.702629E-13
0.5
0.8660254
1
0.8660254
0.5
4.39983E-13
-0.5
-0.8660254
-1
-0.8660254
-0.5
-1.09703E-13
0.5
0.8660254
1
0.8660254
0.5
6.889178E-13
-0.5
-0.8660254
-1
-0.8660254
-0.5
-3.586379E-13
0.5
0.8660254
1
0.8660254
0.5
2.835801E-14
-0.5
-0.8660254
-1
-0.8660254
-0.5
-6.075728E-13
0.5
0.8660254
1
0.8660254
0.5
2.772929E-13
-0.5
-0.8660254
-1
-0.8660254
-0.5
-8.565077E-13
0.5
0.8660254
1
0.8660254
0.5
5.262278E-13
-0.5
-0.8660254
-1
-0.8660254
-0.5
-1.959479E-13
0.5
0.8660254
1
0.8660254
0.5
7.751626E-13
-0.5
-0.8660254
-1
-0.8660254
-0.5
-4.448827E-13
0.5
0.8660254
1
0.8660254
0.5
1.146028E-13
-0.5
-0.8660254
-1
-0.8660254
-0.5
-6.938176E-13
0.5
0.8660254
1
0.8660254
0.5
3.635377E-13
-0.5
-0.8660254
-1
-0.8660254
-0.5
-3.325779E-14
0.5
0.8660254
1
0.8660254
0.5
6.124726E-13
-0.5
-0.8660254
-1
-0.8660254
-0.5
-2.821927E-13
0.5
0.8660254
1
0.8660254
0.5
8.614075E-13
-0.5
-0.8660254
-1
-0.8660254
-0.5
-5.311276E-13
0.5
0.8660254
1
0.8660254
0.5
2.008476E-13
-0.5
-0.8660254
-1
-0.8660254
-0.5
-7.800624E-13
0.5
0.8660254
1
0.8660254
0.5
4.497825E-13
-0.5
-0.8660254
-1
-0.8660254
-0.5
-1.195026E-13
0.5
0.8660254
1
0.8660254
0.5
6.987174E-13
-0.5
-0.8660254
-1
-0.8660254
-0.5
-3.684375E-13
0.5
0.8660254
1
0.8660254
0.5
3.815757E-14
-0.5
-0.8660254
-1
-0.8660254
-0.5
-6.173724E-13
0.5
0.8660254
1
0.8660254
0.5
2.870925E-13
-0.5
-0.8660254
-1
-0.8660254
-0.5
-8.663072E-13
0.5
0.8660254
1
0.8660254
0.5
5.360273E-13
-0.5
-0.8660254
-1
-0.8660254
-0.5
-2.057474E-13
0.5
0.8660254
1
0.8660254
0.5
7.849622E-13
-0.5
-0.8660254
-1
-0.8660254
-0.5
-4.546823E-13
0.5
0.8660254
1
0.8660254
0.5
1.244024E-13
-0.5
-0.8660254
-1
-0.8660254
-0.5
-7.036172E-13
0.5
0.8660254
1
0.8660254
0.5
3.733373E-13
-0.5
-0.8660254
-1
-0.8660254
-0.5
-4.305735E-14
0.5
0.8660254
1
0.8660254
0.5
6.222721E-13
-0.5
-0.8660254
-1
-0.8660254
-0.5
-2.919922E-13
0.5
0.8660254
1
0.8660254
0.5
8.71207E-13
-0.5
-0.8660254
-1
-0.8660254
-0.5
-5.409271E-13
0.5
0.8660254
1
0.8660254
0.5
2.106472E-13
-0.5
-0.8660254
-1
-0.8660254
-0.5
-7.89862E-13
0.5
0.8660254
1
0.8660254
0.5
4.595821E-13
-0.5
-0.8660254
-1
-0.8660254
-0.5
-1.293022E-13
0.5
0.8660254
1
0.8660254
0.5
7.08517E-13
-0.5
-0.8660254
-1
-0.8660254
-0.5
-3.78237E-13
0.5
0.8660254
1
0.8660254
0.5
4.795714E-14
-0.5
-0.8660254
-1
-0.8660254
-0.5
-6.271719E-13
0.5
0.8660254
1
0.8660254
0.5
2.96892E-13
-0.5
-0.8660254
-1
-0.8660254
-0.5
-8.761068E-13
0.5
0.8660254
1
0.8660254
0.5
5.458269E-13
-0.5
-0.8660254
-1
-0.8660254
-0.5
-2.15547E-13
0.5
0.8660254
1
0.8660254
0.5
7.947618E-13
-0.5
-0.8660254
-1
-0.8660254
-0.5
-4.644819E-13
0.5
0.8660254
1
0.8660254
0.5
1.342019E-13
-0.5
-0.8660254
-1
-0.8660254
-0.5
-7.134167E-13
0.5
0.8660254
1
0.8660254
0.5
3.831368E-13
-0.5
-0.8660254
-1
-0.8660254
-0.5
-5.285692E-14
0.5
0.8660254
1
0.8660254
0.5
6.320717E-13
-0.5
-0.8660254
-1
-0.8660254
-0.5
-3.017918E-13
0.5
0.8660254
1
0.8660254
0.5
8.810066E-13
-0.5
-0.8660254
-1
-0.8660254
-0.5
-5.507267E-13
0.5
0.8660254
1
0.8660254
0.5
2.204468E-13
-0.5
-0.8660254
-1
-0.8660254
-0.5
-7.996616E-13
0.5
0.8660254
1
0.8660254
0.5
4.693816E-13
-0.5
-0.8660254
-1
-0.8660254
-0.5
-1.391017E-13
0.5
0.8660254
1
0.8660254
0.5
7.183165E-13
-0.5
-0.8660254
-1
-0.8660254
-0.5
-3.880366E-13
0.5
0.8660254
1
0.8660254
0.5
5.77567E-14
-0.5
-0.8660254
-1
-0.8660254
-0.5
-6.369715E-13
0.5
0.8660254
1
0.8660254
0.5
3.066916E-13
-0.5
-0.8660254
-1
-0.8660254
-0.5
-8.859064E-13
0.5
0.8660254
1
0.8660254
0.5
5.556265E-13
-0.5
-0.8660254
-1
-0.8660254
-0.5
-2.253465E-13
0.5
0.8660254
1
0.8660254
0.5
8.045613E-13
-0.5
-0.8660254
-1
-0.8660254
-0.5
-4.742814E-13
0.5
0.8660254
1
0.8660254
0.5
1.440015E-13
-0.5
-0.8660254
-1
-0.8660254
-0.5
-7.232163E-13
0.5
0.8660254
1
0.8660254
0.5
3.929364E-13
-0.5
-0.8660254
-1
-0.8660254
-0.5
-6.265648E-14
0.5
0.8660254
1
0.8660254
0.5
6.418713E-13
-0.5
-0.8660254
-1
-0.8660254
-0.5
-3.115914E-13
0.5
0.8660254
1
0.8660254
0.5
8.908061E-13
-0.5
-0.8660254
-1
-0.8660254
-0.5
-5.605262E-13
0.5
0.8660254
1
0.8660254
0.5
2.302463E-13
-0.5
-0.8660254
-1
-0.8660254
-0.5
-8.094611E-13
0.5
0.8660254
1
0.8660254
0.5
4.791812E-13
-0.5
-0.8660254
-1
-0.8660254
-0.5
-1.489013E-13
0.5
0.8660254
1
0.8660254
0.5
7.281161E-13
-0.5
-0.8660254
-1
-0.8660254
-0.5
-3.978362E-13
0.5
0.8660254
1
0.8660254
0.5
6.755626E-14
-0.5
-0.8660254
-1
-0.8660254
-0.5
-6.46771E-13
0.5
0.8660254
1
0.8660254
0.5
3.164911E-13
-0.5
-0.8660254
-1
-0.8660254
-0.5
-8.957059E-13
0.5
0.8660254
1
0.8660254
0.5
5.65426E-13
-0.5
-0.8660254
-1
-0.8660254
-0.5
-2.351461E-13
0.5
0.8660254
1
0.8660254
0.5
8.143609E-13
-0.5
-0.8660254
-1
-0.8660254
-0.5
-4.84081E-13
0.5
0.8660254
1
0.8660254
0.5
1.538011E-13
-0.5
-0.8660254
-1
-0.8660254
-0.5
-7.330159E-13
0.5
0.8660254
1
0.8660254
0.5
4.02736E-13
-0.5
-0.8660254
-1
-0.8660254
-0.5
-7.245604E-14
0.5
0.8660254
1
0.8660254
0.5
6.516708E-13
-0.5
-0.8660254
-1
-0.8660254
-0.5
-3.213909E-13
0.5
0.8660254
1
0.8660254
0.5
9.006057E-13
-0.5
-0.8660254
-1
-0.8660254
-0.5
-5.703258E-13
0.5
0.8660254
1
0.8660254
0.5
2.400459E-13
-0.5
-0.8660254
-1
-0.8660254
-0.5
-8.192607E-13
0.5
0.8660254
1
0.8660254
0.5
4.889808E-13
-0.5
-0.8660254
-1
-0.8660254
-0.5
-1.587009E-13
0.5
0.8660254
1
0.8660254
0.5
7.379156E-13
-0.5
-0.8660254
-1
-0.8660254
-0.5
-4.076357E-13
0.5
0.8660254
1
0.8660254
0.5
7.735582E-14
-0.5
-0.8660254
-1
-0.8660254
-0.5
-6.565706E-13
0.5
0.8660254
1
0.8660254
0.5
3.262907E-13
-0.5
-0.8660254
-1
-0.8660254
-0.5
-9.055055E-13
0.5
0.8660254
1
0.8660254
0.5
5.752256E-13
-0.5
-0.8660254
-1
-0.8660254
-0.5
-2.449457E-13
0.5
0.8660254
1
0.8660254
0.5
8.241605E-13
-0.5
-0.8660254
-1
-0.8660254
-0.5
-4.938805E-13
0.5
0.8660254
1
0.8660254
0.5
1.636006E-13
-0.5
-0.8660254
-1
-0.8660254
-0.5
-7.428154E-13
0.5
0.8660254
1
0.8660254
0.5
4.125355E-13
-0.5
-0.8660254
-1
-0.8660254
-0.5
-8.22556E-14
0.5
0.8660254
1
0.8660254
0.5
6.614704E-13
-0.5
-0.8660254
-1
-0.8660254
-0.5
-3.311905E-13
0.5
0.8660254
1
0.8660254
0.5
9.104052E-13
-0.5
-0.8660254
-1
-0.8660254
-0.5
-5.801254E-13
0.5
0.8660254
1
0.8660254
0.5
2.498454E-13
-0.5
-0.8660254
-1
-0.8660254
-0.5
-8.290602E-13
0.5
0.8660254
1
0.8660254
0.5
4.987803E-13
-0.5
-0.8660254
-1
-0.8660254
-0.5
-1.685004E-13
0.5
0.8660254
1
0.8660254
0.5
7.477152E-13
-0.5
-0.8660254
-1
-0.8660254
-0.5
-4.174353E-13
0.5
0.8660254
1
0.8660254
0.5
8.715538E-14
-0.5
-0.8660254
-1
-0.8660254
-0.5
-6.663702E-13
0.5
0.8660254
1
0.8660254
0.5
3.360903E-13
-0.5
-0.8660254
-1
-0.8660254
-0.5
-9.15305E-13
0.5
0.8660254
1
0.8660254
0.5
5.850251E-13
-0.5
-0.8660254
-1
-0.8660254
-0.5
-2.547452E-13
0.5
0.8660254
1
0.8660254
0.5
8.3396E-13
-0.5
-0.8660254
-1
-0.8660254
-0.5
-5.036801E-13
0.5
0.8660254
1
0.8660254
0.5
1.734002E-13
-0.5
-0.8660254
-1
-0.8660254
-0.5
-7.52615E-13
0.5
0.8660254
1
0.8660254
0.5
4.223351E-13
-0.5
-0.8660254
-1
-0.8660254
-0.5
-9.205516E-14
0.5
0.8660254
1
0.8660254
0.5
6.7127E-13
-0.5
-0.8660254
-1
-0.8660254
-0.5
-3.4099E-13
0.5
0.8660254
1
0.8660254
0.5
9.202049E-13
-0.5
-0.8660254
-1
-0.8660254
-0.5
-5.899249E-13
0.5
0.8660254
1
0.8660254
0.5
2.59645E-13
-0.5
-0.8660254
-1
-0.8660254
-0.5
-8.388598E-13
0.5
0.8660254
1
0.8660254
0.5
5.085799E-13
-0.5
-0.8660254
-1
-0.8660254
-0.5
-1.783E-13
0.5
0.8660254
1
0.8660254
0.5
7.575148E-13
-0.5
-0.8660254
-1
-0.8660254
-0.5
-4.272349E-13
0.5
0.8660254
1
0.8660254
0.5
9.695494E-14
-0.5
-0.8660254
-1
-0.8660254
-0.5
-6.761697E-13
0.5
0.8660254
1
0.8660254
0.5
3.458898E-13
-0.5
-0.8660254
-1
-0.8660254
-0.5
-9.251046E-13
0.5
0.8660254
1
0.8660254
0.5
5.948247E-13
-0.5
-0.8660254
-1
-0.8660254
-0.5
-2.645448E-13
0.5
0.8660254
1
0.8660254
0.5
8.437596E-13
-0.5
-0.8660254
-1
-0.8660254
-0.5
-5.134797E-13
0.5
0.8660254
1
0.8660254
0.5
1.831998E-13
-0.5
-0.8660254
-1
-0.8660254
-0.5
-7.624145E-13
0.5
0.8660254
1
0.8660254
0.5
4.321346E-13
-0.5
-0.8660254
-1
-0.8660254
-0.5
-1.018547E-13
0.5
0.8660254
1
0.8660254
0.5
6.810695E-13
-0.5
-0.8660254
-1
-0.8660254
-0.5
-3.507896E-13
0.5
0.8660254
1
0.8660254
0.5
9.300043E-13
-0.5
-0.8660254
-1
-0.8660254
-0.5
-5.997245E-13
0.5
0.8660254
1
0.8660254
0.5
2.694446E-13
-0.5
-0.8660254
-1
-0.8660254
-0.5
-8.486594E-13
0.5
0.8660254
1
0.8660254
0.5
5.183794E-13
-0.5
-0.8660254
-1
-0.8660254
-0.5
-1.880995E-13
0.5
0.8660254
1
0.8660254
0.5
7.673143E-13
-0.5
-0.8660254
-1
-0.8660254
-0.5
-4.370344E-13
0.5
0.8660254
1
0.8660254
0.5
1.067545E-13
-0.5
-0.8660254
-1
-0.8660254
-0.5
-6.859693E-13
0.5
0.8660254
1
0.8660254
0.5
3.556894E-13
-0.5
-0.8660254
-1
-0.8660254
-0.5
-9.349042E-13
0.5
0.8660254
1
0.8660254
0.5
6.046243E-13
-0.5
-0.8660254
-1
-0.8660254
-0.5
-2.743443E-13
0.5
0.8660254
1
0.8660254
0.5
8.535591E-13
-0.5
-0.8660254
-1
-0.8660254
-0.5
-5.232792E-13
0.5
0.8660254
1
0.8660254
0.5
1.929993E-13
-0.5
-0.8660254
-1
-0.8660254
-0.5
-7.722141E-13
0.5
0.8660254
1
0.8660254
0.5
4.419342E-13
-0.5
-0.8660254
-1
-0.8660254
-0.5
-1.116543E-13
0.5
0.8660254
1
0.8660254
0.5
6.908691E-13
-0.5
-0.8660254
-1
-0.8660254
-0.5
-3.605892E-13
0.5
0.8660254
1
0.8660254
0.5
9.39804E-13
-0.5
-0.8660254
-1
-0.8660254
-0.5
-6.09524E-13
0.5
0.8660254
1
0.8660254
0.5
2.792441E-13
-0.5
-0.8660254
-1
-0.8660254
-0.5
-8.584589E-13
0.5
0.8660254
1
0.8660254
0.5
5.28179E-13
-0.5
-0.8660254
-1
-0.8660254
-0.5
-1.978991E-13
0.5
0.8660254
1
0.8660254
0.5
7.771139E-13
-0.5
-0.8660254
-1
-0.8660254
-0.5
-4.46834E-13
0.5
0.8660254
1
0.8660254
0.5
1.165541E-13
-0.5
-0.8660254
-1
-0.8660254
-0.5
-6.957689E-13
0.5
0.8660254
1
0.8660254
0.5
3.654889E-13
-0.5
-0.8660254
-1
-0.8660254
-0.5
-9.447037E-13
0.5
0.8660254
1
0.8660254
0.5
6.144238E-13
-0.5
-0.8660254
-1
-0.8660254
-0.5
-2.841439E-13
0.5
0.8660254
1
0.8660254
0.5
8.633587E-13
-0.5
-0.8660254
-1
-0.8660254
-0.5
-5.330788E-13
0.5
0.8660254
1
0.8660254
0.5
2.027989E-13
-0.5
-0.8660254
-1
-0.8660254
-0.5
-7.820137E-13
0.5
0.8660254
1
0.8660254
0.5
4.517338E-13
-0.5
-0.8660254
-1
-0.8660254
-0.5
-1.214538E-13
0.5
0.8660254
1
0.8660254
0.5
7.006686E-13
-0.5
-0.8660254
-1
-0.8660254
-0.5
-3.703887E-13
0.5
0.8660254
1
0.8660254
0.5
9.496035E-13
-0.5
-0.8660254
-1
-0.8660254
-0.5
-6.193236E-13
0.5
0.8660254
1
0.8660254
0.5
2.890437E-13
-0.5
-0.8660254
-1
-0.8660254
-0.5
-8.682585E-13
0.5
0.8660254
1
0.8660254
0.5
5.379786E-13
-0.5
-0.8660254
-1
-0.8660254
-0.5
-2.076987E-13
0.5
0.8660254
1
0.8660254
0.5
7.869134E-13
-0.5
-0.8660254
-1
-0.8660254
-0.5
-4.566335E-13
0.5
0.8660254
1
0.8660254
0.5
1.263536E-13
-0.5
-0.8660254
-1
-0.8660254
-0.5
-7.055684E-13
0.5
0.8660254
1
0.8660254
0.5
3.752885E-13
-0.5
-0.8660254
-1
-0.8660254
-0.5
-9.545033E-13
0.5
0.8660254
1
0.8660254
0.5
6.242234E-13
-0.5
-0.8660254
-1
-0.8660254
-0.5
-2.939435E-13
0.5
0.8660254
1
0.8660254
0.5
8.731583E-13
-0.5
-0.8660254
-1
-0.8660254
-0.5
-5.428784E-13
0.5
0.8660254
1
0.8660254
0.5
2.125984E-13
-0.5
-0.8660254
-1
-0.8660254
-0.5
-7.918132E-13
0.5
0.8660254
1
0.8660254
0.5
4.615333E-13
-0.5
-0.8660254
-1
-0.8660254
-0.5
-1.312534E-13
0.5
0.8660254
1
0.8660254
0.5
7.104682E-13
-0.5
-0.8660254
-1
-0.8660254
-0.5
-3.801883E-13
0.5
0.8660254
1
0.8660254
0.5
9.594031E-13
-0.5
-0.8660254
-1
-0.8660254
-0.5
-6.291232E-13
0.5
0.8660254
1
0.8660254
0.5
2.988433E-13
-0.5
-0.8660254
-1
-0.8660254
-0.5
-8.78058E-13
0.5
0.8660254
1
0.8660254
0.5
5.477781E-13
-0.5
-0.8660254
-1
-0.8660254
-0.5
-2.174982E-13
0.5
0.8660254
1
0.8660254
0.5
7.96713E-13
-0.5
-0.8660254
-1
-0.8660254
-0.5
-4.664331E-13
0.5
0.8660254
1
0.8660254
0.5
1.361532E-13
-0.5
-0.8660254
-1
-0.8660254
-0.5
-7.15368E-13
0.5
0.8660254
1
0.8660254
0.5
3.850881E-13
-0.5
-0.8660254
-1
-0.8660254
-0.5
-9.643029E-13
0.5
0.8660254
1
0.8660254
0.5
6.340229E-13
-0.5
-0.8660254
-1
-0.8660254
-0.5
-3.03743E-13
0.5
0.8660254
1
0.8660254
0.5
8.829578E-13
-0.5
-0.8660254
-1
-0.8660254
-0.5
-5.526779E-13
0.5
0.8660254
1
0.8660254
0.5
2.22398E-13
-0.5
-0.8660254
-1
-0.8660254
-0.5
-8.016128E-13
0.5
0.8660254
1
0.8660254
0.5
4.713329E-13
-0.5
-0.8660254
-1
-0.8660254
-0.5
-1.41053E-13
0.5
0.8660254
1
0.8660254
0.5
7.202678E-13
-0.5
-0.8660254
-1
-0.8660254
-0.5
-3.899878E-13
0.5
0.8660254
1
0.8660254
0.5
9.692026E-13
-0.5
-0.8660254
-1
-0.8660254
-0.5
-6.389227E-13
0.5
0.8660254
1
0.8660254
0.5
3.086428E-13
-0.5
-0.8660254
-1
-0.8660254
-0.5
-8.878576E-13
0.5
0.8660254
1
0.8660254
0.5
5.575777E-13
-0.5
-0.8660254
-1
-0.8660254
-0.5
-2.272978E-13
0.5
0.8660254
1
0.8660254
0.5
8.065126E-13
-0.5
-0.8660254
-1
-0.8660254
-0.5
-4.762327E-13
0.5
0.8660254
1
0.8660254
0.5
1.459527E-13
-0.5
-0.8660254
-1
-0.8660254
-0.5
-7.251675E-13
0.5
0.8660254
1
0.8660254
0.5
3.948876E-13
-0.5
-0.8660254
-1
-0.8660254
-0.5
-9.741024E-13
0.5
0.8660254
1
0.8660254
0.5
6.438225E-13
-0.5
-0.8660254
-1
-0.8660254
-0.5
-3.135426E-13
0.5
0.8660254
1
0.8660254
0.5
8.927574E-13
-0.5
-0.8660254
-1
-0.8660254
-0.5
-5.624775E-13
0.5
0.8660254
1
0.8660254
0.5
2.321976E-13
-0.5
-0.8660254
-1
-0.8660254
-0.5
-8.114124E-13
0.5
0.8660254
1
0.8660254
0.5
4.811324E-13
-0.5
-0.8660254
-1
-0.8660254
-0.5
-1.508525E-13
0.5
0.8660254
1
0.8660254
0.5
7.300673E-13
-0.5
-0.8660254
-1
-0.8660254
-0.5
-3.997874E-13
0.5
0.8660254
1
0.8660254
0.5
9.790023E-13
-0.5
-0.8660254
-1
-0.8660254
-0.5
-6.487223E-13
0.5
0.8660254
1
0.8660254
0.5
3.184424E-13
-0.5
-0.8660254
-1
-0.8660254
-0.5
-8.976572E-13
0.5
0.8660254
1
0.8660254
0.5
5.673773E-13
-0.5
-0.8660254
-1
-0.8660254
-0.5
-2.370973E-13
0.5
0.8660254
1
0.8660254
0.5
8.163121E-13
-0.5
-0.8660254
-1
-0.8660254
-0.5
-4.860322E-13
0.5
0.8660254
1
0.8660254
0.5
1.557523E-13
-0.5
-0.8660254
-1
-0.8660254
-0.5
-7.349671E-13
0.5
0.8660254
1
0.8660254
0.5
4.046872E-13
-0.5
-0.8660254
-1
-0.8660254
-0.5
-9.83902E-13
0.5
0.8660254
1
0.8660254
0.5
6.536221E-13
-0.5
-0.8660254
-1
-0.8660254
-0.5
-3.233422E-13
0.5
0.8660254
1
0.8660254
0.5
9.025569E-13
-0.5
-0.8660254
-1
-0.8660254
-0.5
-5.72277E-13
0.5
0.8660254
1
0.8660254
0.5
2.419971E-13
-0.5
-0.8660254
-1
-0.8660254
-0.5
-8.212119E-13
0.5
0.8660254
1
0.8660254
0.5
4.90932E-13
-0.5
-0.8660254
-1
-0.8660254
-0.5
-1.606521E-13
0.5
0.8660254
1
0.8660254
0.5
7.398669E-13
-0.5
-0.8660254
-1
-0.8660254
-0.5
-4.09587E-13
0.5
0.8660254
1
0.8660254
0.5
9.888017E-13
-0.5
-0.8660254
-1
-0.8660254
-0.5
-6.585218E-13
0.5
0.8660254
1
0.8660254
0.5
3.282419E-13
-0.5
-0.8660254
-1
-0.8660254
-0.5
-9.074567E-13
0.5
0.8660254
1
