# channels number
4
# samples number
1000
# sampling rate
0.89
# start date
01-01-0001
# start time
00:00:00.000
# channels names
Model_9_1;Model_9_2;Model_9_3;Model_9_4
0.5351397 0.6689246 0.9551287 0.1667934
0.5221658 0.6299822 0.8606324 0.1617627
0.4916758 0.5326968 0.6204524 0.1544403
0.4547027 0.4138446 0.3264373 0.1464035
0.4246537 0.3181163 0.09020221 0.1394281
0.4121862 0.281036 0.0004683934 0.1348097
0.4211712 0.3155074 0.08946247 0.132896
0.4472749 0.4070842 0.3211048 0.1329992
0.4796764 0.5196962 0.6053101 0.1337035
0.5052416 0.6095636 0.832738 0.1334343
0.5135438 0.6419298 0.9165841 0.13106
0.5008094 0.6042162 0.8254329 0.1262967
0.4712969 0.5106177 0.594736 0.1197716
0.435605 0.3964629 0.3127268 0.112738
0.4065815 0.304578 0.08636343 0.1065683
0.3944131 0.268918 0.0004481967 0.1022294
0.4027721 0.3017243 0.08555426 0.09994164
0.4274801 0.3890681 0.3068938 0.09913974
0.4581714 0.496397 0.5781727 0.09873469
0.482297 0.5818814 0.7949208 0.09755822
0.4899213 0.6124017 0.8744221 0.09480932
0.4774767 0.5760657 0.7869759 0.09033225
0.4490581 0.4865234 0.5666725 0.08463027
0.4147882 0.3775166 0.2977821 0.07862761
0.3869047 0.2898378 0.08218382 0.07328784
0.3750834 0.2557387 0.0004262311 0.06924567
0.3827835 0.2867505 0.08130842 0.06659281
0.4059982 0.3695165 0.2914717 0.06488898
0.4348582 0.4711388 0.5487534 0.06337621
0.457449 0.5519028 0.7539663 0.06129714
0.4643653 0.5804566 0.8288091 0.05818452
0.4522595 0.5456417 0.745413 0.0540113
0.425047 0.460509 0.5363725 0.04915493
0.3923343 0.3570804 0.2816622 0.0442069
0.365701 0.2739536 0.07767985 0.03971817
0.3542734 0.2415501 0.0004025834 0.03598865
0.3612843 0.270645 0.07674168 0.03298118
0.3829141 0.3485066 0.2748993 0.03038214
0.4098288 0.4440212 0.5171685 0.02776761
0.4307956 0.519746 0.7100363 0.02479416
0.4369766 0.5462208 0.7799252 0.02133008
0.4252575 0.5130643 0.7009083 0.0174772
0.3993584 0.4326773 0.5039558 0.0134856
0.3683321 0.335235 0.2644307 0.009611734
0.343054 0.2569883 0.07286932 0.005991766
0.3320653 0.2264082 0.0003773469 0.002589596
0.3383592 0.2534714 0.07187208 -0.0007606176
0.3583187 0.3261214 0.2572419 -0.004244612
0.383182 0.4151512 0.4835426 -0.007950569
0.4024421 0.4855381 0.6633042 -0.01180668
0.4078634 0.5098293 0.7279633 -0.01560854
0.3965771 0.4784621 0.6536375 -0.01912588
0.3720937 0.4031379 0.4695502 -0.02223695
0.3428763 0.3120665 0.2461556 -0.02502137
0.3190531 0.2390088 0.06777121 -0.02775829
0.3085467 0.2103727 0.0003506212 -0.03081967
0.3140987 0.2352974 0.06671883 -0.03449941
0.3323093 0.302449 0.2385694 -0.03885461
0.355023 0.3846429 0.4480083 -0.04363738
0.3725004 0.449414 0.6139542 -0.04836092
0.3771406 0.4714257 0.6731285 -0.05248555
0.3663317 0.4419716 0.603787 -0.05565348
0.3433606 0.3720075 0.4332914 -0.05787175
0.3160673 0.2876665 0.2269091 -0.05955572
0.2937931 0.2200861 0.06240564 -0.0613988
0.2838103 0.193507 0.0003225117 -0.06410731
0.2885987 0.2161948 0.06130227 -0.06810205
0.3049884 0.2775831 0.2189553 -0.07331126
0.3254628 0.3526165 0.410706 -0.07915197
0.3410885 0.4115162 0.5621812 -0.08472431
0.3449293 0.4311616 0.6156372 -0.08915543
0.3346405 0.4037369 0.5515537 -0.09196143
0.3132724 0.339409 0.3953227 -0.09327815
0.2880109 0.2621312 0.206767 -0.09385504
0.2673736 0.2002947 0.05679378 -0.09479699
0.2579539 0.1758777 0.0002931295 -0.09714195
0.2619597 0.196239 0.05564379 -0.1014359
0.2764637 0.2516216 0.1984771 -0.1074786
0.2946182 0.3191985 0.3717827 -0.1143542
0.3083305 0.3719944 0.5081896 -0.1207533
0.3113567 0.3891959 0.5557162 -0.1254735
0.3016287 0.3639088 0.4971437 -0.1279065
0.2819478 0.305471 0.3557938 -0.1283164
0.2588179 0.2355613 0.1858089 -0.127784
0.2398989 0.1797129 0.05095778 -0.1278211
0.2310795 0.1575542 0.0002625904 -0.1297932
0.2342868 0.1755088 0.0497657 -0.1343695
0.2468481 0.2246671 0.1772156 -0.1412217
0.2626109 0.2845208 0.3313923 -0.1491051
0.2743557 0.3310045 0.4521924 -0.1563058
0.2765554 0.3456943 0.493602 -0.1612963
0.2674264 0.3226444 0.4407716 -0.1633467
0.2495105 0.2703274 0.3148608 -0.1628483
0.2286034 0.2080619 0.1641175 -0.1612086
0.2114774 0.1584218 0.04492068 -0.1603407
0.2032931 0.1386089 0.0002310149 -0.1619322
0.2056893 0.1540858 0.04369121 -0.1667727
0.2162582 0.196826 0.1552548 -0.1744076
0.2295672 0.2487202 0.2896939 -0.1832675
0.2392981 0.2887082 0.3944106 -0.1912414
0.2406626 0.3008283 0.4295399 -0.1964826
0.2321688 0.2801068 0.38266 -0.1981423
0.2160886 0.234117 0.2726851 -0.1967375
0.1974868 0.1797412 0.1417785 -0.193997
0.1822214 0.1365055 0.03870629 -0.1922275
0.1747044 0.1191167 0.0001985278 -0.1934322
0.1762801 0.1320548 0.03744429 -0.1985178
0.1848149 0.168208 0.1326812 -0.2069051
0.1956174 0.211938 0.2468523 -0.2167067
0.2032961 0.2452726 0.3350722 -0.2254222
0.2038201 0.2547751 0.3637825 -0.2308934
0.1959949 0.2364637 0.3230383 -0.2321559
0.1818138 0.1969827 0.2294333 -0.2298502
0.1655907 0.1507113 0.1188799 -0.2260197
0.1522461 0.1140505 0.03233915 -0.2233557
0.1454263 0.09915426 0.0001652571 -0.2241688
0.1461752 0.1095026 0.03104959 -0.2294794
0.1526422 0.1389263 0.1095839 -0.238586
0.1608957 0.1743194 0.2030365 -0.2492907
0.1664918 0.200869 0.2744115 -0.2587134
0.1661732 0.2077165 0.2965894 -0.264393
0.1590474 0.1918875 0.2621416 -0.2652533
0.1468214 0.1590709 0.185276 -0.2620558
0.1330412 0.1210865 0.0955121 -0.2571505
0.1216701 0.0911454 0.02584438 -0.2536024
0.1155742 0.07880056 0.0001313343 -0.2540206
0.1154934 0.0865183 0.02453236 -0.2595354
0.1198671 0.1090962 0.08605423 -0.2693254
0.125539 0.1360128 0.1584194 -0.2808908
0.1290305 0.1556726 0.2126677 -0.2909836
0.1278704 0.159838 0.2282259 -0.2968492
0.1214723 0.1465539 0.2002104 -0.2973038
0.1112497 0.1205314 0.1403875 -0.2932273
0.09996659 0.0909839 0.07176738 -0.2872664
0.09061385 0.06788058 0.01924761 -0.2828483
0.08526593 0.05813586 9.689311E-05 -0.28287
0.08435574 0.06319251 0.0179183 -0.2885671
0.08661891 0.07883561 0.0621849 -0.2990019
0.08968681 0.09716947 0.113177 -0.3113823
0.09105989 0.1098619 0.1500847 -0.3221054
0.08906303 0.1113288 0.1589616 -0.3281339
0.08341783 0.1006419 0.1374891 -0.3281811
0.07523887 0.08151612 0.09494495 -0.3232414
0.06649745 0.0605222 0.04773943 -0.3162486
0.0592 0.04434786 0.01257488 -0.3109779
0.0546212 0.03724173 6.206955E-05 -0.310603
0.05288521 0.03961733 0.01123354 -0.31646
0.05302888 0.04826387 0.03807016 -0.3274983
0.0534807 0.05794264 0.06748802 -0.340645
0.05272994 0.06361758 0.08690936 -0.351956
0.04990415 0.06238019 0.08907001 -0.3581235
0.04503411 0.05433273 0.07422512 -0.3577631
0.03893112 0.04217918 0.04912771 -0.3519799
0.03276589 0.02982165 0.02352308 -0.3439828
0.02755252 0.02064012 0.005852528 -0.3378802
0.02376091 0.01620062 2.700104E-05 -0.3371102
0.02120596 0.01588579 0.004504434 -0.3431039
0.01922958 0.01750167 0.01380518 -0.3547023
0.01706352 0.01848714 0.02153268 -0.3685633
0.01419188 0.01712221 0.02339102 -0.3804176
0.01054833 0.01318541 0.01882688 -0.3866998
0.006472672 0.007809145 0.01066824 -0.3859333
0.002469724 0.002675776 0.003116579 -0.3793294
-0.001094991 -0.0009965986 -0.0007861091 -0.3703593
-0.004203706 -0.003149077 -0.0008929242 -0.363449
-0.007193153 -0.004904422 -8.174037E-06 -0.362287
-0.01055697 -0.007908431 -0.002242444 -0.3683938
-0.01464562 -0.01332961 -0.01051429 -0.3805064
-0.01942101 -0.02104132 -0.02450763 -0.3950271
-0.02440219 -0.02944073 -0.04021963 -0.4073779
-0.02884913 -0.03606142 -0.05149055 -0.41375
-0.03211432 -0.03874526 -0.05293074 -0.4125803
-0.03400141 -0.03683819 -0.04290685 -0.4051817
-0.03495155 -0.03181091 -0.0250922 -0.3952743
-0.03594334 -0.02692585 -0.007634853 -0.3875835
-0.03811883 -0.02599011 -4.331685E-05 -0.386034
-0.04227825 -0.03167145 -0.008980473 -0.3922298
-0.04846302 -0.04410828 -0.03479227 -0.4048088
-0.05582888 -0.06048674 -0.07045123 -0.4199318
-0.06289995 -0.07588749 -0.1036715 -0.4327304
-0.06813274 -0.08516593 -0.1216048 -0.4391673
-0.07057456 -0.08514675 -0.1163208 -0.4375991
-0.07033837 -0.07620677 -0.08876094 -0.429435
-0.06867017 -0.06249968 -0.04929926 -0.4186293
-0.06754112 -0.05059635 -0.01434665 -0.4101883
-0.06889407 -0.04697323 -7.828871E-05 -0.4082575
-0.07383267 -0.05530947 -0.01568306 -0.4145178
-0.08208915 -0.07471288 -0.05893293 -0.4275136
-0.09201643 -0.09969345 -0.1161168 -0.4431793
-0.1011495 -0.1220348 -0.1667143 -0.4563751
-0.1071475 -0.1339343 -0.1912391 -0.4628514
-0.1087563 -0.1312122 -0.1792518 -0.4608908
-0.1063977 -0.1152746 -0.1342647 -0.4519935
-0.1021178 -0.09294179 -0.07331175 -0.4403321
-0.09887235 -0.07406718 -0.02100183 -0.4311744
-0.09939741 -0.06777097 -0.0001129516 -0.4288698
-0.1050957 -0.07872921 -0.02232375 -0.4351699
-0.1153913 -0.1050226 -0.08284101 -0.4485312
-0.1278408 -0.1385067 -0.1613241 -0.4646778
-0.1389998 -0.1677004 -0.2290992 -0.4782188
-0.1457393 -0.1821741 -0.2601186 -0.4847088
-0.1465088 -0.1767598 -0.2414754 -0.4823636
-0.1420372 -0.1538875 -0.1792386 -0.4727682
-0.1351624 -0.1230171 -0.09703492 -0.4602971
-0.1298134 -0.09724569 -0.02757412 -0.4504588
-0.1295085 -0.08830124 -0.0001471687 -0.4477895
-0.135944 -0.1018382 -0.02887634 -0.4541046
-0.1482381 -0.1349179 -0.1064222 -0.4677787
-0.1631607 -0.1767734 -0.2058947 -0.4843424
-0.1763016 -0.2127042 -0.2905798 -0.4981751
-0.183756 -0.229695 -0.3279716 -0.5046533
-0.1836831 -0.2216099 -0.3027461 -0.5019328
-0.1771161 -0.191893 -0.2235052 -0.4916771
-0.1676735 -0.1526069 -0.1203751 -0.4784456
-0.1602421 -0.1200404 -0.03403759 -0.4679654
-0.1591084 -0.108483 -0.0001808051 -0.4649421
-0.1662557 -0.1245454 -0.03531497 -0.4712472
-0.1804998 -0.1642807 -0.1295833 -0.4851801
-0.1978367 -0.2143424 -0.2496528 -0.5020955
-0.2129076 -0.2568686 -0.3509137 -0.5161653
-0.2210475 -0.2763093 -0.3945303 -0.5226063
-0.2201325 -0.2655853 -0.3628218 -0.5195211
-0.211496 -0.2291413 -0.2668897 -0.5086455
-0.199523 -0.1815945 -0.1432403 -0.4947059
-0.1900384 -0.1423614 -0.04036673 -0.4836252
-0.1880805 -0.1282367 -0.0002137278 -0.4802597
-0.1959114 -0.146761 -0.04161423 -0.4865299
-0.2120492 -0.1929951 -0.152233 -0.5006666
-0.2317318 -0.2510654 -0.2924255 -0.517867
-0.2486733 -0.3000192 -0.4098627 -0.5321185
-0.2574666 -0.3218333 -0.4595319 -0.5384966
-0.2557131 -0.3085126 -0.4214658 -0.535059
-0.2450412 -0.2654852 -0.3092209 -0.5236066
-0.230585 -0.2098654 -0.1655401 -0.5090138
-0.2190847 -0.1641206 -0.04653656 -0.4973763
-0.2163102 -0.1474843 -0.0002458071 -0.4936819
-0.2247938 -0.1683974 -0.04774925 -0.4998926
-0.2427617 -0.220948 -0.174282 -0.5141773
-0.2647125 -0.2867977 -0.3340443 -0.5315948
-0.2834576 -0.3419858 -0.4671942 -0.5459717
-0.2928696 -0.366087 -0.5227199 -0.5522618
-0.2902846 -0.3502223 -0.4784463 -0.5484853
-0.2776194 -0.3007814 -0.3503317 -0.5365013
-0.260737 -0.237308 -0.1871867 -0.5213128
-0.2472664 -0.185232 -0.05252273 -0.5091645
-0.2436863 -0.1661498 -0.0002769163 -0.5051559
-0.2527891 -0.1893692 -0.05369584 -0.5112824
-0.2725162 -0.2480288 -0.1956431 -0.5256588
-0.2966484 -0.3213981 -0.3743447 -0.5432246
-0.3171233 -0.3826027 -0.5226818 -0.5576701
-0.3271168 -0.408896 -0.5838451 -0.5638475
-0.3237104 -0.3905499 -0.5335387 -0.559747
-0.3091019 -0.3348905 -0.3900599 -0.5472786
-0.28986 -0.2638141 -0.2080945 -0.5315545
-0.2744722 -0.2056124 -0.05830162 -0.5189433
-0.2701007 -0.1841596 -0.0003069326 -0.5146362
-0.2797868 -0.2095936 -0.0594305 -0.5206544
-0.3011952 -0.2741307 -0.2162322 -0.5350657
-0.3274136 -0.35473 -0.4131677 -0.5527106
-0.3495374 -0.4217097 -0.5761067 -0.5671677
-0.360073 -0.4500912 -0.642666 -0.5732079
-0.3558587 -0.4293362 -0.5865254 -0.5687997
-0.3393645 -0.367678 -0.4282487 -0.555896
-0.317839 -0.289279 -0.228181 -0.5396983
-0.3005948 -0.2251814 -0.06385043 -0.526674
-0.2954491 -0.2014426 -0.0003357376 -0.5220854
-0.3056802 -0.2289909 -0.06493063 -0.5279716
-0.3286855 -0.2991508 -0.2359678 -0.542361
-0.3568867 -0.3866621 -0.4503601 -0.5600153
-0.3805721 -0.4591523 -0.6272579 -0.5744269
-0.3916081 -0.4895102 -0.6989506 -0.5803061
-0.3866026 -0.466428 -0.6371974 -0.5756075
-0.3682878 -0.3990144 -0.4647475 -0.5623196
-0.3445637 -0.3136023 -0.247367 -0.5457122
-0.3255312 -0.2438616 -0.06914723 -0.5323263
-0.3196315 -0.2179306 -0.0003632176 -0.5274742
-0.3303673 -0.2474845 -0.0701745 -0.5332052
-0.3548786 -0.3229903 -0.2547722 -0.5475157
-0.3849512 -0.4170681 -0.4857752 -0.5651098
-0.4101048 -0.4947829 -0.6759337 -0.5794191
-0.4215978 -0.5269973 -0.7524768 -0.5851141
-0.4158207 -0.5016791 -0.6853547 -0.5801437
-0.3957577 -0.4287761 -0.499412 -0.566524
-0.3699286 -0.336688 -0.2655768 -0.5495724
-0.3491827 -0.2615795 -0.07417115 -0.5358776
-0.3425525 -0.2335585 -0.0003892642 -0.5307813
-0.3537506 -0.2650014 -0.07514142 -0.5363344
-0.3796711 -0.3455551 -0.2725711 -0.5505098
-0.4114966 -0.4458282 -0.5192732 -0.5679741
-0.438019 -0.5284609 -0.7219418 -0.5821247
-0.4499236 -0.5624045 -0.8030334 -0.587613
-0.4433978 -0.5349503 -0.7308072 -0.5823903
-0.4216657 -0.4568457 -0.5321057 -0.5684925
-0.3938335 -0.3584448 -0.2827384 -0.5512637
-0.3714563 -0.278265 -0.07890235 -0.5373141
-0.3641215 -0.2482647 -0.0004137745 -0.5319937
-0.3757378 -0.2814724 -0.0798118 -0.537347
-0.4029653 -0.3667561 -0.2892943 -0.5513312
-0.436418 -0.4728287 -0.5507218 -0.5685969
-0.4642045 -0.5600532 -0.7651008 -0.5825328
-0.4764738 -0.5955923 -0.8504207 -0.5877928
-0.469225 -0.5661103 -0.7733755 -0.5823385
-0.4459095 -0.4831122 -0.5626993 -0.5682175
-0.4161841 -0.3787871 -0.2987843 -0.5507795
-0.3922638 -0.2938524 -0.08332215 -0.5366301
-0.3842536 -0.2619911 -0.0004366518 -0.5311065
-0.3962421 -0.2968326 -0.08416719 -0.5362389
-0.4246692 -0.3865097 -0.3048758 -0.5499768
-0.459617 -0.4979633 -0.5799969 -0.5669757
-0.4885581 -0.5894352 -0.8052403 -0.580642
-0.5011435 -0.6264294 -0.8944517 -0.5856528
-0.4932004 -0.595036 -0.8128917 -0.5799884
-0.4683936 -0.5074722 -0.5910723 -0.5657
-0.4368922 -0.3976345 -0.3136509 -0.5481215
-0.4115233 -0.30828 -0.08741312 -0.5338282
-0.4028691 -0.2746835 -0.0004578058 -0.5281233
-0.4151826 -0.3110213 -0.08819042 -0.5330145
-0.4446971 -0.404738 -0.3192541 -0.5464518
-0.4810021 -0.5211326 -0.6069831 -0.5631168
-0.5109835 -0.616491 -0.8422018 -0.5764596
-0.5238355 -0.6547944 -0.9349529 -0.5812016
-0.5152293 -0.6216135 -0.8491997 -0.5753495
-0.4890291 -0.5298293 -0.6171125 -0.5609499
-0.4558762 -0.4149126 -0.3272797 -0.5433004
-0.4291587 -0.321491 -0.09115912 -0.5289196
-0.4198948 -0.2862919 -0.0004771531 -0.5230559
-0.4324846 -0.3239825 -0.0918656 -0.5276866
-0.4629699 -0.4213689 -0.3323725 -0.5407702
-0.5004889 -0.5422452 -0.6315739 -0.5570357
-0.5313923 -0.6411139 -0.8758395 -0.5700023
-0.5444601 -0.6805751 -0.9717641 -0.5744566
-0.5352249 -0.6457377 -0.8821563 -0.5684398
-0.5077347 -0.5500955 -0.6407173 -0.553986
-0.4730609 -0.4305532 -0.339617 -0.5363351
-0.4451003 -0.3334332 -0.09454535 -0.5219235
-0.4352632 -0.2967704 -0.0004946173 -0.5159242
-0.4480798 -0.3356652 -0.09517822 -0.5202761
-0.4794157 -0.4363369 -0.3441791 -0.5329545
-0.5180006 -0.5612178 -0.653672 -0.5487561
-0.549704 -0.6632065 -0.9060208 -0.5612953
-0.562936 -0.70367 -1.00474 -0.5654445
-0.5531082 -0.6673135 -0.9116315 -0.5592868
-0.5244364 -0.5681907 -0.6617935 -0.5448358
-0.4883788 -0.4444946 -0.3506138 -0.5272532
-0.4592854 -0.3440595 -0.09755845 -0.5128676
-0.448914 -0.3060777 -0.0005101295 -0.5067563
-0.4619066 -0.3460231 -0.09811522 -0.5108123
-0.4939694 -0.4495828 -0.3546274 -0.5230355
-0.5334679 -0.5779756 -0.6731904 -0.5383109
-0.5658462 -0.6826817 -0.9326264 -0.5503732
-0.5791903 -0.7239878 -1.033751 -0.5542009
-0.5688086 -0.6862558 -0.9375089 -0.5479266
-0.5390685 -0.5840434 -0.6802579 -0.5335354
-0.5017692 -0.4566818 -0.360227 -0.5160904
-0.4716579 -0.353328 -0.1001865 -0.5017877
-0.460793 -0.3141771 -0.0005236284 -0.4955885
-0.4739105 -0.3550154 -0.100665 -0.4993326
-0.5065736 -0.4610545 -0.3636761 -0.5110523
-0.5468299 -0.5924524 -0.6900521 -0.5257412
-0.5797553 -0.6994628 -0.9555513 -0.537279
-0.5931587 -0.7414483 -1.058682 -0.5407701
-0.5822641 -0.7024896 -0.9596863 -0.5344039
-0.551573 -0.5975913 -0.6960376 -0.5201293
-0.5131794 -0.4670667 -0.3684185 -0.5028908
-0.482169 -0.361202 -0.1024192 -0.4887275
-0.4708535 -0.3210365 -0.0005350608 -0.4824649
-0.484044 -0.3626067 -0.1028175 -0.4858822
-0.5171786 -0.4707066 -0.3712896 -0.4970521
-0.5580338 -0.604591 -0.7041904 -0.5110967
-0.5913764 -0.7134833 -0.974705 -0.5220644
-0.6047862 -0.7559827 -1.079435 -0.525205
-0.5934218 -0.7159511 -0.9780764 -0.5187722
-0.5619009 -0.6087807 -0.7090703 -0.5046706
-0.5225643 -0.4756083 -0.375156 -0.4877066
-0.4907771 -0.3676506 -0.1042477 -0.4737385
-0.4790558 -0.326629 -0.0005443816 -0.4674372
-0.4922673 -0.3687669 -0.1045642 -0.4705143
-0.5257426 -0.478501 -0.3774378 -0.4810903
-0.5670353 -0.6143436 -0.7155496 -0.494435
-0.6006635 -0.7246881 -0.9900122 -0.5047895
-0.6140268 -0.7675336 -1.095928 -0.5075673
-0.6022375 -0.7265871 -0.9926063 -0.5010931
-0.570011 -0.6175676 -0.7193047 -0.4872201
-0.5298868 -0.4822729 -0.380413 -0.4705976
-0.4974484 -0.3726482 -0.1056648 -0.4568799
-0.4853674 -0.3309323 -0.0005515539 -0.4505647
-0.4985478 -0.3734717 -0.1058983 -0.4532895
-0.5322316 -0.484407 -0.3820964 -0.4632299
-0.5737991 -0.6216717 -0.7240849 -0.4758221
-0.6075801 -0.7330329 -1.001412 -0.4855224
-0.6208443 -0.7760553 -1.108096 -0.4879264
-0.6086764 -0.7343555 -1.003219 -0.4814365
-0.5758717 -0.6239172 -0.7267003 -0.4678468
-0.5351182 -0.4870341 -0.3841687 -0.4516314
-0.5021565 -0.3761751 -0.1066649 -0.4382181
-0.4897636 -0.3339297 -0.0005565495 -0.4319141
-0.5028608 -0.3767027 -0.1068145 -0.4342758
-0.5366203 -0.4884013 -0.3852471 -0.4435414
-0.5782983 -0.6265463 -0.7297625 -0.4553313
-0.6120989 -0.7384847 -1.00886 -0.4643392
-0.6252115 -0.7815143 -1.115891 -0.4663599
-0.6127132 -0.7392258 -1.009872 -0.4598798
-0.5794596 -0.6278045 -0.731228 -0.4466271
-0.5382376 -0.4898733 -0.3864082 -0.4308828
-0.5048828 -0.3782174 -0.107244 -0.417827
-0.4922268 -0.3356092 -0.0005593487 -0.4115589
-0.5051892 -0.3784469 -0.107309 -0.4135481
-0.5388911 -0.490468 -0.3868773 -0.4221024
-0.5805152 -0.6289482 -0.7325601 -0.4330435
-0.614202 -0.741022 -1.012326 -0.4413234
-0.6271113 -0.7838891 -1.119282 -0.4429529
-0.6143318 -0.7411787 -1.01254 -0.4365082
-0.5807607 -0.6292141 -0.7328699 -0.4236448
-0.539233 -0.4907792 -0.3871227 -0.4084336
-0.5056166 -0.3787671 -0.1073998 -0.3957868
-0.4927475 -0.3359642 -0.0005599404 -0.3895794
-0.5055239 -0.3786976 -0.1073801 -0.3911884
-0.5390351 -0.4905992 -0.3869807 -0.3989975
-0.5804411 -0.6288679 -0.7324666 -0.4090468
-0.6138811 -0.7406349 -1.011797 -0.4165659
-0.6265362 -0.7831702 -1.118255 -0.4177977
-0.613526 -0.7402065 -1.011212 -0.4114139
-0.5797698 -0.6281405 -0.7316194 -0.3989905
-0.5381001 -0.4897482 -0.3863095 -0.3843727
-0.5043549 -0.377822 -0.1071318 -0.3721846
-0.4913235 -0.3349933 -0.0005583222 -0.3660625
-0.5038635 -0.3774538 -0.1070274 -0.3672849
-0.5370519 -0.4887941 -0.3855569 -0.374318
-0.5780763 -0.6263058 -0.7294824 -0.3834356
-0.6111376 -0.7373248 -1.007275 -0.3901645
-0.6234884 -0.7793605 -1.112815 -0.3909937
-0.6102989 -0.736313 -1.005893 -0.3846959
-0.5764908 -0.624588 -0.7274815 -0.3727616
-0.5348437 -0.4867843 -0.3839716 -0.3587947
-0.5011028 -0.3753857 -0.106441 -0.3471136
-0.4879605 -0.3327003 -0.0005545006 -0.3411009
-0.5002145 -0.3747203 -0.1062523 -0.3419318
-0.5329491 -0.48506 -0.3826115 -0.3481612
-0.5734301 -0.6212719 -0.7236192 -0.3563113
-0.6059821 -0.7311049 -0.9987782 -0.3622232
-0.61798 -0.772475 -1.102984 -0.3626466
-0.6046632 -0.7295136 -0.9966044 -0.3564598
-0.5709366 -0.6185704 -0.7204727 -0.3450616
-0.5294765 -0.4818994 -0.3801184 -0.3318008
-0.495873 -0.371468 -0.1053302 -0.3206728
-0.4826717 -0.3290944 -0.0005484906 -0.3147931
-0.4945914 -0.370508 -0.1050579 -0.3152293
-0.526743 -0.4794116 -0.378156 -0.3206304
-0.5665208 -0.6137862 -0.7149003 -0.3277807
-0.5984351 -0.7219996 -0.9863393 -0.3328524
-0.6100327 -0.7625409 -1.088799 -0.3328684
-0.5966412 -0.7198352 -0.9833825 -0.3268168
-0.5631292 -0.6101117 -0.7106205 -0.3159998
-0.5220196 -0.4751126 -0.3747651 -0.3034973
-0.4886863 -0.3660843 -0.1038036 -0.2929663
-0.4754781 -0.3241896 -0.000540316 -0.2872429
-0.4870165 -0.3648334 -0.1034489 -0.2872827
-0.5184581 -0.4718711 -0.3722082 -0.2918342
-0.5573757 -0.6038781 -0.70336 -0.2979566
-0.5885264 -0.7100449 -0.9700077 -0.302168
-0.5996779 -0.7495974 -1.070318 -0.3017764
-0.5862645 -0.707316 -0.9662797 -0.295884
-0.5530995 -0.5992451 -0.6979637 -0.2856909
-0.5125026 -0.4664508 -0.3679327 -0.2739961
-0.4795709 -0.3592558 -0.1018674 -0.2641037
-0.4664079 -0.3180054 -0.000530009 -0.2585592
-0.4775195 -0.357719 -0.1014316 -0.2582023
-0.5081272 -0.4624684 -0.3647915 -0.2618862
-0.5460309 -0.5915868 -0.6890438 -0.2669565
-0.576295 -0.6952879 -0.9498479 -0.2702911
-0.5869564 -0.7336956 -1.047612 -0.2694935
-0.5735741 -0.6920052 -0.9453634 -0.2637836
-0.5408868 -0.5860135 -0.6825525 -0.2542545
-0.500963 -0.4559481 -0.3596482 -0.2434136
-0.4685629 -0.3510095 -0.09952912 -0.2341987
-0.4554971 -0.3105662 -0.0005176103 -0.228855
-0.4661379 -0.3491929 -0.09901401 -0.228103
-0.4957908 -0.4512406 -0.355935 -0.2309048
-0.5325311 -0.5769607 -0.6720083 -0.2349029
-0.5617892 -0.6777871 -0.9259396 -0.2373474
-0.5719185 -0.7148982 -1.020772 -0.236147
-0.55862 -0.6739635 -0.9207162 -0.2306421
-0.5265396 -0.5704693 -0.6644474 -0.2218147
-0.4874463 -0.443646 -0.3499444 -0.2118705
-0.4557057 -0.3413779 -0.09679808 -0.2033695
-0.4427886 -0.3019013 -0.0005031688 -0.1982477
-0.4529167 -0.3392886 -0.09620565 -0.1971034
-0.4814978 -0.4382319 -0.3456739 -0.199012
-0.5169297 -0.5600577 -0.6523207 -0.2019222
-0.5450663 -0.6576113 -0.898377 -0.2034671
-0.5546235 -0.6932794 -0.9899039 -0.2018685
-0.5414613 -0.6532619 -0.8924353 -0.1965903
-0.5101143 -0.5526736 -0.6437201 -0.1884994
-0.4720059 -0.429593 -0.3388595 -0.1794912
-0.4410501 -0.3303991 -0.09368501 -0.1717377
-0.4283326 -0.292045 -0.0004867416 -0.1668579
-0.4379081 -0.3280453 -0.09301761 -0.165326
-0.4653045 -0.4234937 -0.3340485 -0.1663338
-0.4992883 -0.5409444 -0.6300587 -0.1681447
-0.5261923 -0.6348401 -0.8672689 -0.1687837
-0.5351397 -0.6689246 -0.9551287 -0.1667934
-0.5221658 -0.6299822 -0.8606324 -0.1617627
-0.4916758 -0.5326968 -0.6204524 -0.1544403
-0.4547027 -0.4138446 -0.3264373 -0.1464035
-0.4246537 -0.3181163 -0.09020221 -0.1394281
-0.4121862 -0.281036 -0.0004683934 -0.1348097
-0.4211712 -0.3155074 -0.08946247 -0.132896
-0.4472749 -0.4070842 -0.3211048 -0.1329992
-0.4796764 -0.5196962 -0.6053101 -0.1337035
-0.5052416 -0.6095636 -0.832738 -0.1334343
-0.5135438 -0.6419298 -0.9165841 -0.13106
-0.5008094 -0.6042162 -0.8254329 -0.1262967
-0.4712969 -0.5106177 -0.594736 -0.1197716
-0.435605 -0.3964629 -0.3127268 -0.112738
-0.4065815 -0.304578 -0.08636343 -0.1065683
-0.3944131 -0.268918 -0.0004481967 -0.1022294
-0.4027721 -0.3017243 -0.08555426 -0.09994164
-0.4274801 -0.3890681 -0.3068938 -0.09913974
-0.4581714 -0.496397 -0.5781727 -0.09873469
-0.482297 -0.5818814 -0.7949208 -0.09755822
-0.4899213 -0.6124017 -0.8744221 -0.09480932
-0.4774767 -0.5760657 -0.7869759 -0.09033225
-0.4490581 -0.4865234 -0.5666725 -0.08463027
-0.4147882 -0.3775166 -0.2977821 -0.07862761
-0.3869047 -0.2898378 -0.08218382 -0.07328784
-0.3750834 -0.2557387 -0.0004262311 -0.06924567
-0.3827835 -0.2867505 -0.08130842 -0.06659281
-0.4059982 -0.3695165 -0.2914717 -0.06488898
-0.4348582 -0.4711388 -0.5487534 -0.06337621
-0.457449 -0.5519028 -0.7539663 -0.06129714
-0.4643653 -0.5804566 -0.8288091 -0.05818452
-0.4522595 -0.5456417 -0.745413 -0.0540113
-0.425047 -0.460509 -0.5363725 -0.04915493
-0.3923343 -0.3570804 -0.2816622 -0.0442069
-0.365701 -0.2739536 -0.07767985 -0.03971817
-0.3542734 -0.2415501 -0.0004025834 -0.03598865
-0.3612843 -0.270645 -0.07674168 -0.03298118
-0.3829141 -0.3485066 -0.2748993 -0.03038214
-0.4098288 -0.4440212 -0.5171685 -0.02776761
-0.4307956 -0.519746 -0.7100363 -0.02479416
-0.4369766 -0.5462208 -0.7799252 -0.02133008
-0.4252575 -0.5130643 -0.7009083 -0.0174772
-0.3993584 -0.4326773 -0.5039558 -0.0134856
-0.3683321 -0.335235 -0.2644307 -0.009611734
-0.343054 -0.2569883 -0.07286932 -0.005991766
-0.3320653 -0.2264082 -0.0003773469 -0.002589596
-0.3383592 -0.2534714 -0.07187208 0.0007606176
-0.3583187 -0.3261214 -0.2572419 0.004244612
-0.383182 -0.4151512 -0.4835426 0.007950569
-0.4024421 -0.4855381 -0.6633042 0.01180668
-0.4078634 -0.5098293 -0.7279633 0.01560854
-0.3965771 -0.4784621 -0.6536375 0.01912588
-0.3720937 -0.4031379 -0.4695502 0.02223695
-0.3428763 -0.3120665 -0.2461556 0.02502137
-0.3190531 -0.2390088 -0.06777121 0.02775829
-0.3085467 -0.2103727 -0.0003506212 0.03081967
-0.3140987 -0.2352974 -0.06671883 0.03449941
-0.3323093 -0.302449 -0.2385694 0.03885461
-0.355023 -0.3846429 -0.4480083 0.04363738
-0.3725004 -0.449414 -0.6139542 0.04836092
-0.3771406 -0.4714257 -0.6731285 0.05248555
-0.3663317 -0.4419716 -0.603787 0.05565348
-0.3433606 -0.3720075 -0.4332914 0.05787175
-0.3160673 -0.2876665 -0.2269091 0.05955572
-0.2937931 -0.2200861 -0.06240564 0.0613988
-0.2838103 -0.193507 -0.0003225117 0.06410731
-0.2885987 -0.2161948 -0.06130227 0.06810205
-0.3049884 -0.2775831 -0.2189553 0.07331126
-0.3254628 -0.3526165 -0.410706 0.07915197
-0.3410885 -0.4115162 -0.5621812 0.08472431
-0.3449293 -0.4311616 -0.6156372 0.08915543
-0.3346405 -0.4037369 -0.5515537 0.09196143
-0.3132724 -0.339409 -0.3953227 0.09327815
-0.2880109 -0.2621312 -0.206767 0.09385504
-0.2673736 -0.2002947 -0.05679378 0.09479699
-0.2579539 -0.1758777 -0.0002931295 0.09714195
-0.2619597 -0.196239 -0.05564379 0.1014359
-0.2764637 -0.2516216 -0.1984771 0.1074786
-0.2946182 -0.3191985 -0.3717827 0.1143542
-0.3083305 -0.3719944 -0.5081896 0.1207533
-0.3113567 -0.3891959 -0.5557162 0.1254735
-0.3016287 -0.3639088 -0.4971437 0.1279065
-0.2819478 -0.305471 -0.3557938 0.1283164
-0.2588179 -0.2355613 -0.1858089 0.127784
-0.2398989 -0.1797129 -0.05095778 0.1278211
-0.2310795 -0.1575542 -0.0002625904 0.1297932
-0.2342868 -0.1755088 -0.0497657 0.1343695
-0.2468481 -0.2246671 -0.1772156 0.1412217
-0.2626109 -0.2845208 -0.3313923 0.1491051
-0.2743557 -0.3310045 -0.4521924 0.1563058
-0.2765554 -0.3456943 -0.493602 0.1612963
-0.2674264 -0.3226444 -0.4407716 0.1633467
-0.2495105 -0.2703274 -0.3148608 0.1628483
-0.2286034 -0.2080619 -0.1641175 0.1612086
-0.2114774 -0.1584218 -0.04492068 0.1603407
-0.2032931 -0.1386089 -0.0002310149 0.1619322
-0.2056893 -0.1540858 -0.04369121 0.1667727
-0.2162582 -0.196826 -0.1552548 0.1744076
-0.2295672 -0.2487202 -0.2896939 0.1832675
-0.2392981 -0.2887082 -0.3944106 0.1912414
-0.2406626 -0.3008283 -0.4295399 0.1964826
-0.2321688 -0.2801068 -0.38266 0.1981423
-0.2160886 -0.234117 -0.2726851 0.1967375
-0.1974868 -0.1797412 -0.1417785 0.193997
-0.1822214 -0.1365055 -0.03870629 0.1922275
-0.1747044 -0.1191167 -0.0001985278 0.1934322
-0.1762801 -0.1320548 -0.03744429 0.1985178
-0.1848149 -0.168208 -0.1326812 0.2069051
-0.1956174 -0.211938 -0.2468523 0.2167067
-0.2032961 -0.2452726 -0.3350722 0.2254222
-0.2038201 -0.2547751 -0.3637825 0.2308934
-0.1959949 -0.2364637 -0.3230383 0.2321559
-0.1818138 -0.1969827 -0.2294333 0.2298502
-0.1655907 -0.1507113 -0.1188799 0.2260197
-0.1522461 -0.1140505 -0.03233915 0.2233557
-0.1454263 -0.09915426 -0.0001652571 0.2241688
-0.1461752 -0.1095026 -0.03104959 0.2294794
-0.1526422 -0.1389263 -0.1095839 0.238586
-0.1608957 -0.1743194 -0.2030365 0.2492907
-0.1664918 -0.200869 -0.2744115 0.2587134
-0.1661732 -0.2077165 -0.2965894 0.264393
-0.1590474 -0.1918875 -0.2621416 0.2652533
-0.1468214 -0.1590709 -0.185276 0.2620558
-0.1330412 -0.1210865 -0.0955121 0.2571505
-0.1216701 -0.0911454 -0.02584438 0.2536024
-0.1155742 -0.07880056 -0.0001313343 0.2540206
-0.1154934 -0.0865183 -0.02453236 0.2595354
-0.1198671 -0.1090962 -0.08605423 0.2693254
-0.125539 -0.1360128 -0.1584194 0.2808908
-0.1290305 -0.1556726 -0.2126677 0.2909836
-0.1278704 -0.159838 -0.2282259 0.2968492
-0.1214723 -0.1465539 -0.2002104 0.2973038
-0.1112497 -0.1205314 -0.1403875 0.2932273
-0.09996659 -0.0909839 -0.07176738 0.2872664
-0.09061385 -0.06788058 -0.01924761 0.2828483
-0.08526593 -0.05813586 -9.689311E-05 0.28287
-0.08435574 -0.06319251 -0.0179183 0.2885671
-0.08661891 -0.07883561 -0.0621849 0.2990019
-0.08968681 -0.09716947 -0.113177 0.3113823
-0.09105989 -0.1098619 -0.1500847 0.3221054
-0.08906303 -0.1113288 -0.1589616 0.3281339
-0.08341783 -0.1006419 -0.1374891 0.3281811
-0.07523887 -0.08151612 -0.09494495 0.3232414
-0.06649745 -0.0605222 -0.04773943 0.3162486
-0.0592 -0.04434786 -0.01257488 0.3109779
-0.0546212 -0.03724173 -6.206955E-05 0.310603
-0.05288521 -0.03961733 -0.01123354 0.31646
-0.05302888 -0.04826387 -0.03807016 0.3274983
-0.0534807 -0.05794264 -0.06748802 0.340645
-0.05272994 -0.06361758 -0.08690936 0.351956
-0.04990415 -0.06238019 -0.08907001 0.3581235
-0.04503411 -0.05433273 -0.07422512 0.3577631
-0.03893112 -0.04217918 -0.04912771 0.3519799
-0.03276589 -0.02982165 -0.02352308 0.3439828
-0.02755252 -0.02064012 -0.005852528 0.3378802
-0.02376091 -0.01620062 -2.700104E-05 0.3371102
-0.02120596 -0.01588579 -0.004504434 0.3431039
-0.01922958 -0.01750167 -0.01380518 0.3547023
-0.01706352 -0.01848714 -0.02153268 0.3685633
-0.01419188 -0.01712221 -0.02339102 0.3804176
-0.01054833 -0.01318541 -0.01882688 0.3866998
-0.006472672 -0.007809145 -0.01066824 0.3859333
-0.002469724 -0.002675776 -0.003116579 0.3793294
0.001094991 0.0009965986 0.0007861091 0.3703593
0.004203706 0.003149077 0.0008929242 0.363449
0.007193153 0.004904422 8.174037E-06 0.362287
0.01055697 0.007908431 0.002242444 0.3683938
0.01464562 0.01332961 0.01051429 0.3805064
0.01942101 0.02104132 0.02450763 0.3950271
0.02440219 0.02944073 0.04021963 0.4073779
0.02884913 0.03606142 0.05149055 0.41375
0.03211432 0.03874526 0.05293074 0.4125803
0.03400141 0.03683819 0.04290685 0.4051817
0.03495155 0.03181091 0.0250922 0.3952743
0.03594334 0.02692585 0.007634853 0.3875835
0.03811883 0.02599011 4.331685E-05 0.386034
0.04227825 0.03167145 0.008980473 0.3922298
0.04846302 0.04410828 0.03479227 0.4048088
0.05582888 0.06048674 0.07045123 0.4199318
0.06289995 0.07588749 0.1036715 0.4327304
0.06813274 0.08516593 0.1216048 0.4391673
0.07057456 0.08514675 0.1163208 0.4375991
0.07033837 0.07620677 0.08876094 0.429435
0.06867017 0.06249968 0.04929926 0.4186293
0.06754112 0.05059635 0.01434665 0.4101883
0.06889407 0.04697323 7.828871E-05 0.4082575
0.07383267 0.05530947 0.01568306 0.4145178
0.08208915 0.07471288 0.05893293 0.4275136
0.09201643 0.09969345 0.1161168 0.4431793
0.1011495 0.1220348 0.1667143 0.4563751
0.1071475 0.1339343 0.1912391 0.4628514
0.1087563 0.1312122 0.1792518 0.4608908
0.1063977 0.1152746 0.1342647 0.4519935
0.1021178 0.09294179 0.07331175 0.4403321
0.09887235 0.07406718 0.02100183 0.4311744
0.09939741 0.06777097 0.0001129516 0.4288698
0.1050957 0.07872921 0.02232375 0.4351699
0.1153913 0.1050226 0.08284101 0.4485312
0.1278408 0.1385067 0.1613241 0.4646778
0.1389998 0.1677004 0.2290992 0.4782188
0.1457393 0.1821741 0.2601186 0.4847088
0.1465088 0.1767598 0.2414754 0.4823636
0.1420372 0.1538875 0.1792386 0.4727682
0.1351624 0.1230171 0.09703492 0.4602971
0.1298134 0.09724569 0.02757412 0.4504588
0.1295085 0.08830124 0.0001471687 0.4477895
0.135944 0.1018382 0.02887634 0.4541046
0.1482381 0.1349179 0.1064222 0.4677787
0.1631607 0.1767734 0.2058947 0.4843424
0.1763016 0.2127042 0.2905798 0.4981751
0.183756 0.229695 0.3279716 0.5046533
0.1836831 0.2216099 0.3027461 0.5019328
0.1771161 0.191893 0.2235052 0.4916771
0.1676735 0.1526069 0.1203751 0.4784456
0.1602421 0.1200404 0.03403759 0.4679654
0.1591084 0.108483 0.0001808051 0.4649421
0.1662557 0.1245454 0.03531497 0.4712472
0.1804998 0.1642807 0.1295833 0.4851801
0.1978367 0.2143424 0.2496528 0.5020955
0.2129076 0.2568686 0.3509137 0.5161653
0.2210475 0.2763093 0.3945303 0.5226063
0.2201325 0.2655853 0.3628218 0.5195211
0.211496 0.2291413 0.2668897 0.5086455
0.199523 0.1815945 0.1432403 0.4947059
0.1900384 0.1423614 0.04036673 0.4836252
0.1880805 0.1282367 0.0002137278 0.4802597
0.1959114 0.146761 0.04161423 0.4865299
0.2120492 0.1929951 0.152233 0.5006666
0.2317318 0.2510654 0.2924255 0.517867
0.2486733 0.3000192 0.4098627 0.5321185
0.2574666 0.3218333 0.4595319 0.5384966
0.2557131 0.3085126 0.4214658 0.535059
0.2450412 0.2654852 0.3092209 0.5236066
0.230585 0.2098654 0.1655401 0.5090138
0.2190847 0.1641206 0.04653656 0.4973763
0.2163102 0.1474843 0.0002458071 0.4936819
0.2247938 0.1683974 0.04774925 0.4998926
0.2427617 0.220948 0.174282 0.5141773
0.2647125 0.2867977 0.3340443 0.5315948
0.2834576 0.3419858 0.4671942 0.5459717
0.2928696 0.366087 0.5227199 0.5522618
0.2902846 0.3502223 0.4784463 0.5484853
0.2776194 0.3007814 0.3503317 0.5365013
0.260737 0.237308 0.1871867 0.5213128
0.2472664 0.185232 0.05252273 0.5091645
0.2436863 0.1661498 0.0002769163 0.5051559
0.2527891 0.1893692 0.05369584 0.5112824
0.2725162 0.2480288 0.1956431 0.5256588
0.2966484 0.3213981 0.3743447 0.5432246
0.3171233 0.3826027 0.5226818 0.5576701
0.3271168 0.408896 0.5838451 0.5638475
0.3237104 0.3905499 0.5335387 0.559747
0.3091019 0.3348905 0.3900599 0.5472786
0.28986 0.2638141 0.2080945 0.5315545
0.2744722 0.2056124 0.05830162 0.5189433
0.2701007 0.1841596 0.0003069326 0.5146362
0.2797868 0.2095936 0.0594305 0.5206544
0.3011952 0.2741307 0.2162322 0.5350657
0.3274136 0.35473 0.4131677 0.5527106
0.3495374 0.4217097 0.5761067 0.5671677
0.360073 0.4500912 0.642666 0.5732079
0.3558587 0.4293362 0.5865254 0.5687997
0.3393645 0.367678 0.4282487 0.555896
0.317839 0.289279 0.228181 0.5396983
0.3005948 0.2251814 0.06385043 0.526674
0.2954491 0.2014426 0.0003357376 0.5220854
0.3056802 0.2289909 0.06493063 0.5279716
0.3286855 0.2991508 0.2359678 0.542361
0.3568867 0.3866621 0.4503601 0.5600153
0.3805721 0.4591523 0.6272579 0.5744269
0.3916081 0.4895102 0.6989506 0.5803061
0.3866026 0.466428 0.6371974 0.5756075
0.3682878 0.3990144 0.4647475 0.5623196
0.3445637 0.3136023 0.247367 0.5457122
0.3255312 0.2438616 0.06914723 0.5323263
0.3196315 0.2179306 0.0003632176 0.5274742
0.3303673 0.2474845 0.0701745 0.5332052
0.3548786 0.3229903 0.2547722 0.5475157
0.3849512 0.4170681 0.4857752 0.5651098
0.4101048 0.4947829 0.6759337 0.5794191
0.4215978 0.5269973 0.7524768 0.5851141
0.4158207 0.5016791 0.6853547 0.5801437
0.3957577 0.4287761 0.499412 0.566524
0.3699286 0.336688 0.2655768 0.5495724
0.3491827 0.2615795 0.07417115 0.5358776
0.3425525 0.2335585 0.0003892642 0.5307813
0.3537506 0.2650014 0.07514142 0.5363344
0.3796711 0.3455551 0.2725711 0.5505098
0.4114966 0.4458282 0.5192732 0.5679741
0.438019 0.5284609 0.7219418 0.5821247
0.4499236 0.5624045 0.8030334 0.587613
0.4433978 0.5349503 0.7308072 0.5823903
0.4216657 0.4568457 0.5321057 0.5684925
0.3938335 0.3584448 0.2827384 0.5512637
0.3714563 0.278265 0.07890235 0.5373141
0.3641215 0.2482647 0.0004137745 0.5319937
0.3757378 0.2814724 0.0798118 0.537347
0.4029653 0.3667561 0.2892943 0.5513312
0.436418 0.4728287 0.5507218 0.5685969
0.4642045 0.5600532 0.7651008 0.5825328
0.4764738 0.5955923 0.8504207 0.5877928
0.469225 0.5661103 0.7733755 0.5823385
0.4459095 0.4831122 0.5626993 0.5682175
0.4161841 0.3787871 0.2987843 0.5507795
0.3922638 0.2938524 0.08332215 0.5366301
0.3842536 0.2619911 0.0004366518 0.5311065
0.3962421 0.2968326 0.08416719 0.5362389
0.4246692 0.3865097 0.3048758 0.5499768
0.459617 0.4979633 0.5799969 0.5669757
0.4885581 0.5894352 0.8052403 0.580642
0.5011435 0.6264294 0.8944517 0.5856528
0.4932004 0.595036 0.8128917 0.5799884
0.4683936 0.5074722 0.5910723 0.5657
0.4368922 0.3976345 0.3136509 0.5481215
0.4115233 0.30828 0.08741312 0.5338282
0.4028691 0.2746835 0.0004578058 0.5281233
0.4151826 0.3110213 0.08819042 0.5330145
0.4446971 0.404738 0.3192541 0.5464518
0.4810021 0.5211326 0.6069831 0.5631168
0.5109835 0.616491 0.8422018 0.5764596
0.5238355 0.6547944 0.9349529 0.5812016
0.5152293 0.6216135 0.8491997 0.5753495
0.4890291 0.5298293 0.6171125 0.5609499
0.4558762 0.4149126 0.3272797 0.5433004
0.4291587 0.321491 0.09115912 0.5289196
0.4198948 0.2862919 0.0004771531 0.5230559
0.4324846 0.3239825 0.0918656 0.5276866
0.4629699 0.4213689 0.3323725 0.5407702
0.5004889 0.5422452 0.6315739 0.5570357
0.5313923 0.6411139 0.8758395 0.5700023
0.5444601 0.6805751 0.9717641 0.5744566
0.5352249 0.6457377 0.8821563 0.5684398
0.5077347 0.5500955 0.6407173 0.553986
0.4730609 0.4305532 0.339617 0.5363351
0.4451003 0.3334332 0.09454535 0.5219235
0.4352632 0.2967704 0.0004946173 0.5159242
0.4480798 0.3356652 0.09517822 0.5202761
0.4794157 0.4363369 0.3441791 0.5329545
0.5180006 0.5612178 0.653672 0.5487561
0.549704 0.6632065 0.9060208 0.5612953
0.562936 0.70367 1.00474 0.5654445
0.5531082 0.6673135 0.9116315 0.5592868
0.5244364 0.5681907 0.6617935 0.5448358
0.4883788 0.4444946 0.3506138 0.5272532
0.4592854 0.3440595 0.09755845 0.5128676
0.448914 0.3060777 0.0005101295 0.5067563
0.4619066 0.3460231 0.09811522 0.5108123
0.4939694 0.4495828 0.3546274 0.5230355
0.5334679 0.5779756 0.6731904 0.5383109
0.5658462 0.6826817 0.9326264 0.5503732
0.5791903 0.7239878 1.033751 0.5542009
0.5688086 0.6862558 0.9375089 0.5479266
0.5390685 0.5840434 0.6802579 0.5335354
0.5017692 0.4566818 0.360227 0.5160904
0.4716579 0.353328 0.1001865 0.5017877
0.460793 0.3141771 0.0005236284 0.4955885
0.4739105 0.3550154 0.100665 0.4993326
0.5065736 0.4610545 0.3636761 0.5110523
0.5468299 0.5924524 0.6900521 0.5257412
0.5797553 0.6994628 0.9555513 0.537279
0.5931587 0.7414483 1.058682 0.5407701
0.5822641 0.7024896 0.9596863 0.5344039
0.551573 0.5975913 0.6960376 0.5201293
0.5131794 0.4670667 0.3684185 0.5028908
0.482169 0.361202 0.1024192 0.4887275
0.4708535 0.3210365 0.0005350608 0.4824649
0.484044 0.3626067 0.1028175 0.4858822
0.5171786 0.4707066 0.3712896 0.4970521
0.5580338 0.604591 0.7041904 0.5110967
0.5913764 0.7134833 0.974705 0.5220644
0.6047862 0.7559827 1.079435 0.525205
0.5934218 0.7159511 0.9780764 0.5187722
0.5619009 0.6087807 0.7090703 0.5046706
0.5225643 0.4756083 0.375156 0.4877066
0.4907771 0.3676506 0.1042477 0.4737385
0.4790558 0.326629 0.0005443816 0.4674372
0.4922673 0.3687669 0.1045642 0.4705143
0.5257426 0.478501 0.3774378 0.4810903
0.5670353 0.6143436 0.7155496 0.494435
0.6006635 0.7246881 0.9900122 0.5047895
0.6140268 0.7675336 1.095928 0.5075673
0.6022375 0.7265871 0.9926063 0.5010931
0.570011 0.6175676 0.7193047 0.4872201
0.5298868 0.4822729 0.380413 0.4705976
0.4974484 0.3726482 0.1056648 0.4568799
0.4853674 0.3309323 0.0005515539 0.4505647
0.4985478 0.3734717 0.1058983 0.4532895
0.5322316 0.484407 0.3820964 0.4632299
0.5737991 0.6216717 0.7240849 0.4758221
0.6075801 0.7330329 1.001412 0.4855224
0.6208443 0.7760553 1.108096 0.4879264
0.6086764 0.7343555 1.003219 0.4814365
0.5758717 0.6239172 0.7267003 0.4678468
0.5351182 0.4870341 0.3841687 0.4516314
0.5021565 0.3761751 0.1066649 0.4382181
0.4897636 0.3339297 0.0005565495 0.4319141
0.5028608 0.3767027 0.1068145 0.4342758
0.5366203 0.4884013 0.3852471 0.4435414
0.5782983 0.6265463 0.7297625 0.4553313
0.6120989 0.7384847 1.00886 0.4643392
0.6252115 0.7815143 1.115891 0.4663599
0.6127132 0.7392258 1.009872 0.4598798
0.5794596 0.6278045 0.731228 0.4466271
0.5382376 0.4898733 0.3864082 0.4308828
0.5048828 0.3782174 0.107244 0.417827
0.4922268 0.3356092 0.0005593487 0.4115589
0.5051892 0.3784469 0.107309 0.4135481
0.5388911 0.490468 0.3868773 0.4221024
0.5805152 0.6289482 0.7325601 0.4330435
0.614202 0.741022 1.012326 0.4413234
0.6271113 0.7838891 1.119282 0.4429529
0.6143318 0.7411787 1.01254 0.4365082
0.5807607 0.6292141 0.7328699 0.4236448
0.539233 0.4907792 0.3871227 0.4084336
0.5056166 0.3787671 0.1073998 0.3957868
0.4927475 0.3359642 0.0005599404 0.3895794
0.5055239 0.3786976 0.1073801 0.3911884
0.5390351 0.4905992 0.3869807 0.3989975
0.5804411 0.6288679 0.7324666 0.4090468
0.6138811 0.7406349 1.011797 0.4165659
0.6265362 0.7831702 1.118255 0.4177977
0.613526 0.7402065 1.011212 0.4114139
0.5797698 0.6281405 0.7316194 0.3989905
0.5381001 0.4897482 0.3863095 0.3843727
0.5043549 0.377822 0.1071318 0.3721846
0.4913235 0.3349933 0.0005583222 0.3660625
0.5038635 0.3774538 0.1070274 0.3672849
0.5370519 0.4887941 0.3855569 0.374318
0.5780763 0.6263058 0.7294824 0.3834356
0.6111376 0.7373248 1.007275 0.3901645
0.6234884 0.7793605 1.112815 0.3909937
0.6102989 0.736313 1.005893 0.3846959
0.5764908 0.624588 0.7274815 0.3727616
0.5348437 0.4867843 0.3839716 0.3587947
0.5011028 0.3753857 0.106441 0.3471136
0.4879605 0.3327003 0.0005545006 0.3411009
0.5002145 0.3747203 0.1062523 0.3419318
0.5329491 0.48506 0.3826115 0.3481612
0.5734301 0.6212719 0.7236192 0.3563113
0.6059821 0.7311049 0.9987782 0.3622232
0.61798 0.772475 1.102984 0.3626466
0.6046632 0.7295136 0.9966044 0.3564598
0.5709366 0.6185704 0.7204727 0.3450616
0.5294765 0.4818994 0.3801184 0.3318008
0.495873 0.371468 0.1053302 0.3206728
0.4826717 0.3290944 0.0005484906 0.3147931
0.4945914 0.370508 0.1050579 0.3152293
0.526743 0.4794116 0.378156 0.3206304
0.5665208 0.6137862 0.7149003 0.3277807
0.5984351 0.7219996 0.9863393 0.3328524
0.6100327 0.7625409 1.088799 0.3328684
0.5966412 0.7198352 0.9833825 0.3268168
0.5631292 0.6101117 0.7106205 0.3159998
0.5220196 0.4751126 0.3747651 0.3034973
0.4886863 0.3660843 0.1038036 0.2929663
0.4754781 0.3241896 0.000540316 0.2872429
0.4870165 0.3648334 0.1034489 0.2872827
0.5184581 0.4718711 0.3722082 0.2918342
0.5573757 0.6038781 0.70336 0.2979566
0.5885264 0.7100449 0.9700077 0.302168
0.5996779 0.7495974 1.070318 0.3017764
0.5862645 0.707316 0.9662797 0.295884
0.5530995 0.5992451 0.6979637 0.2856909
0.5125026 0.4664508 0.3679327 0.2739961
0.4795709 0.3592558 0.1018674 0.2641037
0.4664079 0.3180054 0.000530009 0.2585592
0.4775195 0.357719 0.1014316 0.2582023
0.5081272 0.4624684 0.3647915 0.2618862
0.5460309 0.5915868 0.6890438 0.2669565
0.576295 0.6952879 0.9498479 0.2702911
0.5869564 0.7336956 1.047612 0.2694935
0.5735741 0.6920052 0.9453634 0.2637836
0.5408868 0.5860135 0.6825525 0.2542545
0.500963 0.4559481 0.3596482 0.2434136
0.4685629 0.3510095 0.09952912 0.2341987
0.4554971 0.3105662 0.0005176103 0.228855
0.4661379 0.3491929 0.09901401 0.228103
0.4957908 0.4512406 0.355935 0.2309048
0.5325311 0.5769607 0.6720083 0.2349029
0.5617892 0.6777871 0.9259396 0.2373474
0.5719185 0.7148982 1.020772 0.236147
0.55862 0.6739635 0.9207162 0.2306421
0.5265396 0.5704693 0.6644474 0.2218147
0.4874463 0.443646 0.3499444 0.2118705
0.4557057 0.3413779 0.09679808 0.2033695
0.4427886 0.3019013 0.0005031688 0.1982477
0.4529167 0.3392886 0.09620565 0.1971034
0.4814978 0.4382319 0.3456739 0.199012
0.5169297 0.5600577 0.6523207 0.2019222
0.5450663 0.6576113 0.898377 0.2034671
0.5546235 0.6932794 0.9899039 0.2018685
0.5414613 0.6532619 0.8924353 0.1965903
0.5101143 0.5526736 0.6437201 0.1884994
0.4720059 0.429593 0.3388595 0.1794912
0.4410501 0.3303991 0.09368501 0.1717377
0.4283326 0.292045 0.0004867416 0.1668579
0.4379081 0.3280453 0.09301761 0.165326
0.4653045 0.4234937 0.3340485 0.1663338
0.4992883 0.5409444 0.6300587 0.1681447
0.5261923 0.6348401 0.8672689 0.1687837
