# channels number
3
# samples number
1000
# sampling rate
0.89
# start date
01-01-0001
# start time
00:00:00.000
# channels names
Model_7_1;Model_7_2;Model_7_3
-0.4608151 -0.4608151 -0.4608151
-0.356392 -0.4059913 -0.07695445
-0.2494244 -0.3511122 0.2363516
-0.1416726 -0.2964048 0.4362656
-0.03485754 -0.2420889 0.5105778
0.06936537 -0.188376 0.4732091
0.1694302 -0.135469 0.3558339
0.2638825 -0.08356152 0.1980448
0.3513992 -0.0328374 0.03821522
0.4308052 0.01652983 -0.09338883
0.501088 0.06437729 -0.1784614
0.5614084 0.1105531 -0.2114258
0.6111091 0.1549169 -0.1976592
0.6497191 0.1973395 -0.1500664
0.6769564 0.237704 -0.08500769
0.6927263 0.275905 -0.0184826
0.6971174 0.3118492 0.03677493
0.6903954 0.3454554 0.07294954
0.6729928 0.3766543 0.08751436
0.6454981 0.4053884 0.08253253
0.6086413 0.4316124 0.06325706
0.5632784 0.4552923 0.03644535
0.5103743 0.4764056 0.008765846
0.4509844 0.4949411 -0.01442615
0.3862353 0.5108985 -0.02979704
0.3173047 0.5242881 -0.03620956
0.2454018 0.5351303 -0.03444912
0.1717468 0.5434556 -0.02665194
0.0975519 0.5493038 -0.01560784
0.02400195 0.5527237 -0.004095203
-0.0477631 0.5537727 0.005634767
-0.116665 0.5525162 0.01216137
-0.1817023 0.5490271 0.01497571
-0.2419639 0.5433856 0.01437395
-0.2966407 0.5356779 0.01122398
-0.3450355 0.5259966 0.006677069
-0.3865705 0.5144395 0.001890387
-0.420793 0.5011092 -0.002190117
-0.4473789 0.4861126 -0.004959472
-0.4661337 0.4695603 -0.006191109
-0.4769924 0.451566 -0.00599542
-0.4800161 0.4322461 -0.004724631
-0.4753874 0.411719 -0.002853608
-0.4634045 0.3901044 -0.0008641416
-0.4444724 0.3675231 0.0008464532
-0.4190938 0.3440963 0.002020768
-0.3878581 0.319945 0.002558372
-0.3514298 0.2951899 0.00249982
-0.3105356 0.2699503 0.001987903
-0.2659511 0.2443441 0.001218398
-0.2184874 0.2184874 0.0003918276
-0.168977 0.1924936 -0.0003249977
-0.1182602 0.1664737 -0.0008226368
-0.06717157 0.1405351 -0.001056744
-0.01652709 0.1147822 -0.001041942
0.03288837 0.08931516 -0.0008360501
0.08033234 0.06423023 -0.0005197448
0.1251152 0.03961922 -0.0001764528
0.1666097 0.01556927 0.0001238188
0.2042587 -0.007837327 0.0003345734
0.2375821 -0.03052336 0.0004362979
0.2661819 -0.05241682 0.0004341341
0.2897466 -0.07345111 0.0003514655
0.3080529 -0.09356508 0.0002215209
0.320967 -0.1127032 7.899736E-05
0.328444 -0.1308155 -4.673622E-05
0.330526 -0.1478578 -0.0001359395
0.3273388 -0.1637916 -0.0001800529
0.3190877 -0.178584 -0.0001808214
0.3060516 -0.1922078 -0.0001476895
0.2885765 -0.2046414 -9.433636E-05
0.2670685 -0.2158688 -3.51874E-05
0.241985 -0.2258793 1.744171E-05
0.2138263 -0.2346676 5.517573E-05
0.1831267 -0.2422335 7.427053E-05
0.1504444 -0.248582 7.528716E-05
0.1163529 -0.2537226 6.203485E-05
0.08143073 -0.2576699 4.014196E-05
0.04625252 -0.2604427 1.560369E-05
0.0113801 -0.2620642 -6.417452E-06
-0.02264603 -0.2625616 -2.237042E-05
-0.05531466 -0.2619658 -3.062163E-05
-0.08615094 -0.2603116 -3.133552E-05
-0.1147229 -0.2576367 -2.604617E-05
-0.140647 -0.2539823 -1.706817E-05
-0.1635925 -0.249392 -6.892205E-06
-0.1832856 -0.2439124 2.318519E-06
-0.1995116 -0.2375921 9.059342E-06
-0.2121168 -0.2304817 1.261917E-05
-0.2210091 -0.2226337 1.303759E-05
-0.2261576 -0.2141021 1.093142E-05
-0.2275912 -0.2049419 7.251992E-06
-0.2253966 -0.1952093 3.033662E-06
-0.2197151 -0.1849611 -8.174757E-07
-0.2107388 -0.1742546 -3.664253E-06
-0.1987059 -0.1631472 -5.197796E-06
-0.1838961 -0.1516963 -5.422524E-06
-0.1666243 -0.1399591 -4.586025E-06
-0.147235 -0.1279922 -3.079082E-06
-0.126096 -0.1158515 -1.331102E-06
-0.1035919 -0.1035919 2.785298E-07
-0.08011746 -0.09126747 1.480155E-06
-0.05607098 -0.07893056 2.139874E-06
-0.03184822 -0.06663226 2.254492E-06
-0.007836029 -0.05442195 1.923203E-06
0.01559344 -0.04234721 1.306441E-06
0.03808817 -0.03045364 5.824032E-07
0.05932119 -0.01878476 -9.01198E-08
0.07899507 -0.007381897 -5.970703E-07
0.09684567 0.003715931 -8.805062E-07
0.1126454 0.01447211 -9.369968E-07
0.1262055 0.02485252 -8.062044E-07
0.1373783 0.03482555 -5.539538E-07
0.1460579 0.04436224 -2.541664E-07
0.1521809 0.05343623 2.672047E-08
0.1557259 0.06202387 2.404909E-07
0.1567131 0.07010419 3.621144E-07
0.1552019 0.07765891 3.89286E-07
0.1512898 0.08467246 3.3783E-07
0.145109 0.09113195 2.347371E-07
0.1368235 0.09702713 1.106605E-07
0.1266258 0.1023504 -6.613065E-09
0.1147329 0.1070967 -9.671221E-08
0.101382 0.1112635 -1.488408E-07
0.08682629 0.1148508 -1.616739E-07
0.07133059 0.1178608 -1.415096E-07
0.0551667 0.1202981 -9.940848E-08
0.03860895 0.1221697 -4.807644E-08
0.02192982 0.1234843 8.69171E-10
0.005395676 0.1242531 3.882591E-08
-0.01073722 0.124489 6.114407E-08
-0.02622647 0.1242065 6.711966E-08
-0.04084696 0.1234222 5.925295E-08
-0.05439385 0.1221539 4.207332E-08
-0.06668529 0.1204212 2.084545E-08
-0.07756452 0.1182448 4.246583E-10
-0.08690165 0.1156468 -1.555829E-08
-0.09459493 0.1126501 -2.510357E-08
-0.1005715 0.1092789 -2.785463E-08
-0.1047876 0.1055579 -2.480115E-08
-0.1072286 0.1015127 -1.77967E-08
-0.1079083 0.0971696 -9.021831E-09
-0.1068678 0.09255507 -5.050242E-10
-0.104174 0.08769607 6.222079E-09
-0.09991808 0.08261976 1.030049E-08
-0.09421293 0.07735337 1.15553E-08
-0.0871911 0.07192414 1.037703E-08
-0.07900196 0.06635915 7.523655E-09
-0.06980888 0.06068524 3.897986E-09
-0.05978622 0.05492894 3.471815E-10
-0.0491163 0.0491163 -2.482951E-09
-0.03798628 0.04327286 -4.223891E-09
-0.02658507 0.03742354 -4.791812E-09
-0.01510027 0.03159251 -4.340245E-09
-0.003715315 0.02580321 -3.178935E-09
0.007393356 0.02007818 -1.681508E-09
0.01805883 0.01443906 -2.016421E-10
0.0281261 0.008906462 9.88493E-10
0.03745412 0.003499997 1.730978E-09
0.04591767 -0.001761843 1.986329E-09
0.05340881 -0.006861698 1.814667E-09
0.05983811 -0.01178338 1.342469E-09
0.06513549 -0.01651192 7.242962E-10
0.06925076 -0.02103357 1.077529E-10
0.07215387 -0.02533585 -3.925117E-10
0.07383471 -0.02940753 -7.088992E-10
0.07430275 -0.03323867 -8.230639E-10
0.07358627 -0.03682061 -7.584412E-10
0.07173141 -0.04014596 -5.666334E-10
0.06880087 -0.04320861 -3.115536E-10
0.06487245 -0.04600371 -5.478008E-11
0.06003742 -0.04852764 1.55414E-10
0.0543986 -0.05077802 2.901225E-10
0.04806849 -0.05275364 3.40914E-10
0.04116716 -0.05445447 3.168765E-10
0.03382014 -0.05588161 2.390459E-10
0.02615632 -0.05703724 1.338398E-10
0.01830575 -0.05792459 2.693871E-11
0.01039764 -0.05854793 -6.134108E-11
0.002558265 -0.05891244 -1.186509E-10
-0.005090863 -0.05902425 -1.411507E-10
-0.01243482 -0.05889032 -1.323433E-10
-0.01936686 -0.05851844 -1.007968E-10
-0.02578989 -0.05791713 -5.742572E-11
-0.03161766 -0.0570956 -1.293611E-11
-0.03677585 -0.05606372 2.412554E-11
-0.04120289 -0.05483189 4.84888E-11
-0.04485052 -0.05341107 5.841783E-11
-0.04768419 -0.05181265 5.525331E-11
-0.04968319 -0.05004841 4.248183E-11
-0.05084057 -0.04813048 2.461083E-11
-0.05116285 -0.04607126 6.101984E-12
-0.0506695 -0.04388336 -9.450987E-12
-0.04939229 -0.04157955 -1.980067E-11
-0.0473744 -0.03917271 -2.416739E-11
-0.0446694 -0.03667574 -2.306001E-11
-0.04134013 -0.03410156 -1.789597E-11
-0.03745739 -0.03146302 -1.05359E-11
-0.03309865 -0.02877284 -2.838508E-12
-0.02834658 -0.02604359 3.685725E-12
-0.02328763 -0.02328763 8.079268E-12
-0.01801053 -0.02051707 9.993856E-12
-0.01260484 -0.01774371 9.620686E-12
-0.007159529 -0.01497903 7.535418E-12
-0.001761551 -0.01223414 4.505754E-12
0.00350543 -0.009519719 1.305746E-12
0.008562278 -0.006846024 -1.429997E-12
0.0133355 -0.004222842 -3.293844E-12
0.01775821 -0.001659462 -4.130976E-12
0.02177106 0.000835347 -4.012343E-12
0.02532285 0.003253353 -3.17149E-12
0.02837119 0.005586884 -1.925023E-12
0.03088284 0.007828837 -5.951798E-13
0.03283403 0.009972699 5.515277E-13
0.03421049 0.01201255 1.341702E-12
0.03500743 0.01394306 1.70681E-12
0.03522934 0.01575953 1.672768E-12
0.03488963 0.01745784 1.334218E-12
0.03401019 0.0190345 8.216699E-13
0.03262072 0.0204866 2.692229E-13
0.03075813 0.02181185 -2.112441E-13
0.02846568 0.02300853 -5.460267E-13
0.02579214 0.0240755 -7.048999E-13
0.02279083 0.02501221 -6.971385E-13
0.01951868 0.02581863 -5.610497E-13
0.01603523 0.02649528 -3.504055E-13
0.01240156 0.0270432 -1.20991E-13
0.008679351 0.02746393 8.024684E-14
0.004929856 0.02775947 2.220018E-13
0.001212956 0.0279323 2.909885E-13
-0.002413743 0.02798531 2.904343E-13
-0.005895751 0.02792181 2.358252E-13
-0.009182459 0.02774549 1.493048E-13
-0.01222782 0.02746039 5.407126E-14
-0.01499096 0.02707088 -3.018311E-14
-0.01743662 0.02658162 -9.017013E-14
-0.01953563 0.02599758 -1.200677E-13
-0.02126508 0.02532392 -1.209546E-13
-0.02260862 0.02456605 -9.90824E-14
-0.02355641 0.02372957 -6.356551E-14
-0.02410516 0.02282022 -2.404742E-14
-0.02425796 0.02184388 1.121511E-14
-0.02402405 0.02080652 3.658552E-14
-0.02341849 0.01971421 4.951937E-14
-0.02246174 0.01857305 5.035491E-14
-0.02117921 0.01738916 4.161243E-14
-0.01960069 0.01616866 2.70414E-14
-0.01775976 0.01491764 1.064917E-14
-0.01569314 0.01364214 -4.103606E-15
-0.01344003 0.01234811 -1.482759E-14
-0.01104142 0.01104142 -2.041351E-14
-0.008539375 0.009727806 -2.095588E-14
-0.005976364 0.008412868 -1.746918E-14
-0.003394565 0.007102046 -1.149503E-14
-0.0008352086 0.005800602 -4.698079E-15
0.001662038 0.004513607 1.471773E-15
0.004059653 0.003245922 6.002314E-15
0.00632279 0.002002186 8.411032E-15
0.008419745 0.0007868047 8.71795E-15
0.01032236 -0.0003960651 7.330732E-15
0.01200638 -0.00154252 4.882891E-15
0.0134517 -0.002648923 2.065657E-15
0.01464256 -0.003711906 -5.137351E-16
0.01556768 -0.00472838 -2.426735E-15
0.0162203 -0.005695538 -3.463898E-15
0.01659816 -0.006610857 -3.625487E-15
0.01670337 -0.007472103 -3.075033E-15
0.01654231 -0.008277329 -2.072724E-15
0.01612533 -0.009024872 -9.054781E-16
0.01546654 -0.009713362 1.724813E-16
0.01458343 -0.0103417 9.798223E-16
0.0134965 -0.01090909 1.425804E-15
0.01222889 -0.01141498 1.507166E-15
0.01080587 -0.0118591 1.289384E-15
0.009254441 -0.01224145 8.792532E-16
0.007602821 -0.01256227 3.958274E-16
0.005879981 -0.01282206 -5.450251E-17
0.004115161 -0.01302154 -3.950529E-16
0.002337405 -0.01316166 -5.865807E-16
0.0005751019 -0.01324361 -6.26322E-16
-0.001144434 -0.01326874 -5.404385E-16
-0.002795367 -0.01323863 -3.727389E-16
-0.004353701 -0.01315504 -1.726037E-16
-0.005797606 -0.01301986 1.545922E-17
-0.007107698 -0.01283518 1.59039E-16
-0.008267268 -0.01260321 2.41192E-16
-0.009262472 -0.01232629 2.601808E-16
-0.01008247 -0.01200689 2.264352E-16
-0.01071948 -0.01164756 1.579149E-16
-0.01116886 -0.01125096 7.509382E-17
-0.01142904 -0.01081981 -3.41532E-18
-0.01150149 -0.01035689 -6.39212E-17
-0.01139058 -0.009865046 -9.911938E-17
-0.01110346 -0.009347146 -1.08042E-16
-0.01064984 -0.008806084 -9.483683E-17
-0.01004175 -0.008244763 -6.686176E-17
-0.009293324 -0.007666084 -3.260237E-17
-0.008420479 -0.007072935 1.605185E-19
-0.007440628 -0.006468179 2.564634E-17
-0.006372355 -0.005854639 4.071065E-17
-0.005235095 -0.005235095 4.484858E-17
-0.004048795 -0.004612268 3.970516E-17
-0.002833588 -0.003988814 2.829286E-17
-0.001609473 -0.00336731 1.41272E-17
-0.0003959995 -0.002750253 4.596893E-19
0.000788026 -0.002140047 -1.027033E-17
0.001924813 -0.001538997 -1.671105E-17
0.00299784 -0.0009493015 -1.860981E-17
0.003992074 -0.0003730496 -1.661709E-17
0.004894167 0.0001877873 -1.196541E-17
0.005692615 0.0007313588 -6.110652E-18
0.006377886 0.00125594 -4.110799E-19
0.006942511 0.001759935 4.104434E-18
0.007381141 0.002241878 6.855479E-18
0.00769057 0.002700439 7.719174E-18
0.007869724 0.003134422 6.951886E-18
0.00791961 0.003542766 5.057518E-18
0.007843244 0.00392455 2.638753E-18
0.007645542 0.004278984 2.627843E-19
0.007333188 0.004605419 -1.636642E-18
0.006914475 0.004903337 -2.810617E-18
0.00639913 0.005172353 -3.200618E-18
0.005798113 0.005412211 -2.907308E-18
0.005123413 0.005622784 -2.136549E-18
0.00438783 0.005804068 -1.137729E-18
0.003604744 0.00595618 -1.476157E-19
0.002787889 0.006079353 6.510216E-19
0.001951132 0.006173933 1.151559E-18
0.001108239 0.006240372 1.326567E-18
0.0002726744 0.006279224 1.215405E-18
-0.0005426132 0.006291141 9.021106E-19
-0.001325374 0.006276866 4.89837E-19
-0.002064231 0.006237229 7.738381E-20
-0.002748833 0.006173138 -2.582702E-19
-0.00336999 0.006085575 -4.715001E-19
-0.00391978 0.00597559 -5.496101E-19
-0.004391639 0.005844295 -5.079181E-19
-0.004780424 0.005692856 -3.807012E-19
-0.005082452 0.005522487 -2.106087E-19
-0.005295517 0.005334444 -3.885353E-20
-0.005418878 0.00513002 1.021572E-19
-0.005453228 0.004910537 1.929201E-19
-0.005400644 0.004677338 2.27619E-19
-0.005264512 0.004431785 2.121825E-19
-0.005049434 0.00417525 1.6058E-19
-0.004761119 0.003909109 9.043741E-20
-0.004406266 0.003634739 1.894007E-20
-0.003992422 0.003353508 -4.027518E-20
-0.003527843 0.003066773 -7.887914E-20
-0.00302134 0.002775874 -9.422982E-20
-0.002482128 0.002482128 -8.860733E-20
-0.001919665 0.002186826 -6.769971E-20
-0.001343496 0.001891226 -3.878815E-20
-0.0007631034 0.001596551 -9.036259E-21
-0.0001877562 0.001303984 1.582016E-20
0.0003736287 0.001014666 3.222726E-20
0.0009126163 0.0007296883 3.899346E-20
0.001421373 0.0004500946 3.698914E-20
0.001892772 0.0001768749 2.852822E-20
0.002320483 -8.903604E-05 1.66172E-20
0.002699053 -0.0003467609 4.241117E-21
0.003023962 -0.0005954819 -6.188525E-21
0.003291669 -0.0008344421 -1.315673E-20
0.003499638 -0.001062947 -1.612932E-20
0.003646349 -0.001280366 -1.543561E-20
0.003731291 -0.001486131 -1.201599E-20
0.003754944 -0.00167974 -7.11133E-21
0.003718736 -0.001860756 -1.965027E-21
0.003624999 -0.002028805 2.409474E-21
0.003476902 -0.002183579 5.366876E-21
0.003278377 -0.002324831 6.668966E-21
0.003034035 -0.00245238 6.439006E-21
0.002749073 -0.002566105 5.058781E-21
0.002429176 -0.002665944 3.040197E-21
0.002080413 -0.002751897 9.010033E-22
0.001709126 -0.002824018 -9.330755E-22
0.001321829 -0.002882418 -2.187402E-21
0.0009250946 -0.002927262 -2.756234E-21
0.0005254522 -0.002958762 -2.685093E-21
0.0001292838 -0.002977183 -2.128812E-21
-0.0002572705 -0.002982834 -1.298471E-21
-0.0006284027 -0.002976066 -4.095842E-22
-0.0009787187 -0.002957272 3.590854E-22
-0.001303311 -0.002926884 8.907421E-22
-0.001597821 -0.002885368 1.138638E-21
-0.001858495 -0.002833221 1.119298E-21
-0.002082218 -0.00277097 8.954419E-22
-0.002266554 -0.002699167 5.540672E-22
-0.002409755 -0.00261839 1.848486E-22
-0.002510776 -0.002529233 -1.371807E-22
-0.002569265 -0.002432309 -3.623878E-22
-0.002585552 -0.002328245 -4.701794E-22
-0.00256062 -0.002217678 -4.664204E-22
-0.002496076 -0.002101253 -3.764868E-22
-0.0023941 -0.001979621 -2.362167E-22
-0.002257401 -0.001853435 -8.291032E-23
-0.002089154 -0.001723348 5.195086E-23
-0.001892937 -0.001590007 1.472899E-22
-0.001672665 -0.001454056 1.940646E-22
-0.001432515 -0.001316132 1.94292E-22
-0.001176857 -0.001176857 1.582259E-22
-0.0009101752 -0.001036845 1.006221E-22
-0.000636995 -0.0008966914 3.699017E-23
-0.000361812 -0.0007569765 -1.946655E-23
-8.902129E-05 -0.0006182612 -5.98038E-23
0.0001771495 -0.0004810859 -8.006269E-23
0.000432701 -0.0003459688 -8.090544E-23
0.000673919 -0.0002134044 -6.646967E-23
0.0008974244 -8.386212E-05 -4.282784E-23
0.001100216 4.221487E-05 -1.642646E-23
0.001279709 0.0001644106 7.199145E-24
0.001433759 0.0002823372 2.425586E-23
0.001560687 0.000395636 3.301495E-23
0.001659292 0.0005039776 3.367794E-23
0.001728852 0.0006070628 2.791199E-23
0.001769126 0.0007046228 1.821476E-23
0.00178034 0.0007964193 7.264775E-24
0.001763173 0.0008822448 -2.618254E-24
0.00171873 0.0009619223 -9.826756E-24
0.001648512 0.001035305 -1.360766E-23
0.001554385 0.001102278 -1.401386E-23
0.001438534 0.001162753 -1.171606E-23
0.001303425 0.001216673 -7.741024E-24
0.001151751 0.00126401 -3.201251E-24
0.000986391 0.001304763 9.314899E-25
0.0008103519 0.001338959 3.976311E-24
0.0006267218 0.001366648 5.60588E-24
0.0004386174 0.00138791 5.829268E-24
0.0002491339 0.001402845 4.915853E-24
6.129763E-05 0.001411579 3.287481E-24
-0.0001219803 0.001414258 1.406057E-24
-0.0002979461 0.001411049 -3.214832E-25
-0.0004640422 0.001402139 -1.606923E-24
-0.000617942 0.001387731 -2.30827E-24
-0.0007575789 0.001368047 -2.423894E-24
-0.0008811725 0.001343322 -2.06179E-24
-0.0009872471 0.001313807 -1.395176E-24
-0.001074647 0.001279763 -6.157612E-25
-0.001142543 0.001241464 1.06112E-25
-0.00119044 0.001199191 6.485132E-25
-0.001218172 0.001153236 9.499622E-25
-0.001225894 0.001103896 1.007525E-24
-0.001214073 0.001051473 8.644112E-25
-0.00118347 0.0009962721 5.91707E-25
-0.00113512 0.0009386026 2.689477E-25
-0.001070307 0.0008787738 -3.258698E-26
-0.0009905355 0.0008170949 -2.613437E-25
-0.0008975026 0.0007538737 -3.907485E-25
-0.0007930645 0.0006894153 -4.186389E-25
-0.0006792019 0.0006240208 -3.622671E-25
-0.0005579863 0.0005579863 -2.507874E-25
-0.0004315436 0.0004916018 -1.171851E-25
-0.00030202 0.0004251504 8.724228E-27
-0.0001715468 0.0003589071 1.051551E-25
-4.220788E-05 0.0002931377 1.606399E-25
8.39923E-05 0.0002280984 1.738857E-25
0.0002051576 0.000164035 1.51765E-25
0.0003195269 0.000101182 1.062271E-25
0.000425498 3.976175E-05 5.094655E-26
0.0005216482 -2.001544E-05 -1.609538E-27
0.0006067514 -7.795239E-05 -4.224002E-26
0.0006797914 -0.0001338652 -6.600362E-26
0.0007399723 -0.0001875839 -7.219841E-26
0.000786724 -0.0002389521 -6.355504E-26
0.0008197048 -0.0002878282 -4.496802E-26
0.0008388 -0.0003340845 -2.210411E-26
0.0008441171 -0.0003776082 -1.743711E-28
0.0008359776 -0.0004183009 1.693705E-26
0.0008149054 -0.0004560785 2.7104E-26
0.0007816129 -0.0004908718 2.996605E-26
0.0007369842 -0.0005226256 2.660516E-26
0.0006820557 -0.0005512988 1.902476E-26
0.0006179959 -0.0005768642 9.572268E-27
0.0005460826 -0.0005993083 4.250473E-28
0.0004676799 -0.0006186306 -6.778103E-27
0.0003842141 -0.0006348436 -1.112354E-26
0.0002971491 -0.0006479721 -1.243278E-26
0.0002079627 -0.000658053 -1.113321E-26
0.0001181225 -0.0006651343 -8.044314E-27
2.906319E-05 -0.0006692754 -4.138094E-27
-5.783481E-05 -0.0006705456 -3.240081E-28
-0.0001412659 -0.0006690241 2.706846E-27
-0.0002200175 -0.0006647994 4.562342E-27
-0.0002929863 -0.0006579682 5.156345E-27
-0.0003591927 -0.0006486352 4.657091E-27
-0.0004177924 -0.0006369124 3.399538E-27
-0.0004680858 -0.0006229182 1.786005E-27
-0.0005095248 -0.000606777 1.962232E-28
-0.0005417167 -0.0005886181 -1.078504E-27
-0.0005644264 -0.0005685755 -1.870078E-27
-0.0005775748 -0.0005467868 -2.137713E-27
-0.000581236 -0.000523393 -1.947378E-27
-0.0005756314 -0.0004985373 -1.435881E-27
-0.0005611216 -0.0004723649 -7.69678E-28
-0.0005381973 -0.0004450219 -1.072628E-28
-0.0005074672 -0.0004166551 4.286355E-28
-0.0004696449 -0.0003874112 7.660358E-28
-0.0004255351 -0.000357436 8.859072E-28
-0.0003760176 -0.0003268741 8.14006E-28
-0.0003220316 -0.0002958685 6.061647E-28
-0.0002645593 -0.0002645593 3.312239E-28
-0.0002046088 -0.0002330844 5.531318E-29
-0.0001431975 -0.0002015776 -1.698844E-28
-8.133591E-05 -0.0001701695 -3.135782E-28
-2.001212E-05 -0.0001389861 -3.669922E-28
3.982347E-05 -0.0001081489 -3.401324E-28
9.727185E-05 -7.777433E-05 -2.557656E-28
0.000151498 -4.797364E-05 -1.423503E-28
0.0002017424 -1.885233E-05 -2.746826E-29
0.0002473303 9.489968E-06 6.712585E-29
0.0002876805 3.695975E-05 1.282742E-28
0.0003223112 6.346985E-05 1.519683E-28
0.0003508449 8.893959E-05 1.420731E-28
0.0003730114 0.0001132949 1.078644E-28
0.0003886486 0.0001364687 6.110167E-29
0.0003977023 0.0001584003 1.328489E-29
0.0004002233 0.0001790363 -2.643302E-29
0.0003963641 0.00019833 -5.243454E-29
0.0003863731 0.0002162416 -6.290341E-29
0.000370588 0.0002327383 -5.932258E-29
0.0003494281 0.0002477937 -4.54678E-29
0.0003233847 0.0002613886 -2.619612E-29
0.0002930119 0.00027351 -6.300699E-30
0.0002589154 0.0002841515 1.03692E-29
0.0002217422 0.0002933128 2.141746E-29
0.0001821684 0.0003009999 2.602664E-29
0.000140888 0.0003072246 2.476127E-29
9.860186E-05 0.0003120042 1.915683E-29
5.600569E-05 0.0003153617 1.121858E-29
1.37798E-05 0.0003173252 2.943543E-30
-2.742136E-05 0.0003179274 -4.050147E-30
-6.697874E-05 0.000317206 -8.741324E-30
-0.0001043174 0.0003152029 -1.076421E-29
-0.0001389143 0.000311964 -1.033168E-29
-0.0001703049 0.000307539 -8.067555E-30
-0.0001980889 0.0003019808 -4.799331E-30
-0.0002219347 0.0002953457 -1.358769E-30
-0.0002415822 0.0002876926 1.574208E-30
-0.0002568454 0.0002790829 3.564761E-30
-0.0002676128 0.0002695801 4.450034E-30
-0.0002738469 0.0002592494 4.309377E-30
-0.0002755828 0.0002481576 3.395962E-30
-0.0002729255 0.0002363727 2.051111E-30
-0.0002660459 0.0002239635 6.211261E-31
-0.0002551768 0.0002109993 -6.084121E-31
-0.0002406066 0.0001975497 -1.452484E-30
-0.0002226739 0.0001836842 -1.838902E-30
-0.00020176 0.000169472 -1.796816E-30
-0.0001782821 0.0001549816 -1.428861E-30
-0.0001526856 0.0001402808 -8.757581E-31
-0.0001254362 0.0001254362 -2.816371E-31
-9.701166E-05 0.0001105128 2.336013E-31
-6.789455E-05 9.557448E-05 5.912934E-31
-3.856399E-05 8.068286E-05 7.595645E-31
-9.488396E-06 6.58978E-05 7.48925E-31
1.88816E-05 5.127688E-05 6.009346E-31
4.611973E-05 3.687533E-05 3.735812E-31
7.183012E-05 2.274586E-05 1.268304E-31
9.56526E-05 8.938503E-06 -8.899824E-32
0.0001172673 -4.499501E-06 -2.40484E-31
0.0001363986 -1.752382E-05 -3.136014E-31
0.0001528182 -3.009311E-05 -3.120461E-31
0.0001663469 -4.216914E-05 -2.526258E-31
0.0001768568 -5.371681E-05 -1.592244E-31
0.0001842709 -6.470422E-05 -5.678158E-32
0.0001885635 -7.510271E-05 3.359297E-32
0.0001897588 -8.488691E-05 9.771032E-32
0.0001879291 -9.403467E-05 1.294181E-31
0.000183192 -0.0001025272 1.299705E-31
0.0001757078 -0.0001103487 1.06156E-31
0.0001656752 -0.000117487 6.780692E-32
0.0001533272 -0.0001239328 2.529194E-32
0.0001389264 -0.00012968 -1.253672E-32
0.0001227602 -0.0001347254 -3.965911E-32
0.0001051352 -0.0001390691 -5.338404E-32
8.637193E-05 -0.0001427138 -5.411477E-32
6.679958E-05 -0.0001456651 -4.45893E-32
4.675034E-05 -0.0001479313 -2.885317E-32
2.655411E-05 -0.0001495232 -1.121559E-32
6.533451E-06 -0.0001504541 4.612725E-33
-1.300135E-05 -0.0001507397 1.607937E-32
-3.175679E-05 -0.0001503977 2.201016E-32
-4.946026E-05 -0.0001494479 2.252329E-32
-6.586377E-05 -0.0001479123 1.872142E-32
-8.074708E-05 -0.0001458142 1.226823E-32
-9.392038E-05 -0.0001431789 4.953967E-33
-0.0001052264 -0.000140033 -1.666501E-33
-0.000114542 -0.0001364044 -6.511658E-33
-0.0001217788 -0.0001323223 -9.070385E-33
-0.0001268839 -0.0001278166 -9.371135E-33
-0.0001298397 -0.0001229185 -7.857268E-33
-0.0001306628 -0.0001176596 -5.212574E-33
-0.0001294028 -0.000112072 -2.18053E-33
-0.000126141 -0.0001061884 5.875837E-34
-0.0001209876 -0.0001000416 2.633785E-33
-0.0001140794 -9.366472E-05 3.736062E-33
-0.0001055769 -8.709063E-05 3.897592E-33
-9.566094E-05 -8.035215E-05 3.296334E-33
-8.452933E-05 -7.348181E-05 2.213177E-33
-7.239321E-05 -6.651168E-05 9.567671E-34
-5.947335E-05 -5.947335E-05 -2.002012E-34
-4.599637E-05 -5.239772E-05 -1.063903E-33
-3.219101E-05 -4.531496E-05 -1.538095E-33
-1.828444E-05 -3.825436E-05 -1.62048E-33
-4.498756E-06 -3.124428E-05 -1.382357E-33
8.952377E-06 -2.431203E-05 -9.390415E-34
2.186686E-05 -1.748379E-05 -4.186187E-34
3.405699E-05 -1.078455E-05 6.477614E-35
4.5352E-05 -4.238034E-06 4.291611E-34
5.560023E-05 2.133359E-06 6.328887E-34
6.467102E-05 8.30861E-06 6.734929E-34
7.245605E-05 1.426812E-05 5.794821E-34
7.887046E-05 1.999376E-05 3.981699E-34
8.385353E-05 2.546888E-05 1.826893E-34
8.73688E-05 3.067837E-05 -1.920609E-35
8.940408E-05 3.560863E-05 -1.728596E-34
8.997081E-05 4.024763E-05 -2.602799E-34
8.910325E-05 4.458489E-05 -2.798103E-34
8.685726E-05 4.861145E-05 -2.428248E-34
8.330876E-05 5.231992E-05 -1.687239E-34
7.855197E-05 5.570441E-05 -7.954036E-35
7.269738E-05 5.876056E-05 4.753327E-36
6.586951E-05 6.148547E-05 6.951463E-35
5.820459E-05 6.387769E-05 1.069835E-34
4.984799E-05 6.593717E-05 1.162076E-34
4.095173E-05 6.766525E-05 1.01714E-34
3.167185E-05 6.906456E-05 7.145264E-35
2.216585E-05 7.013903E-05 3.455629E-35
1.259016E-05 7.089381E-05 -6.247412E-37
3.097721E-06 7.133518E-05 -2.790722E-35
-6.164363E-06 7.147057E-05 -4.394902E-35
-1.505692E-05 7.13084E-05 -4.824415E-35
-2.345072E-05 7.08581E-05 -4.258973E-35
-3.122815E-05 7.012999E-05 -3.024138E-35
-3.82848E-05 6.913523E-05 -1.498325E-35
-4.45307E-05 6.788575E-05 -3.052351E-37
-4.989126E-05 6.639418E-05 1.118296E-35
-5.430805E-05 6.467375E-05 1.80439E-35
-5.773925E-05 6.273827E-05 2.00213E-35
-6.015978E-05 6.060201E-05 1.782653E-35
-6.156122E-05 5.827965E-05 1.279188E-35
-6.195145E-05 5.578621E-05 6.484696E-36
-6.135407E-05 5.313695E-05 3.630004E-37
-5.980754E-05 5.034734E-05 -4.472295E-36
-5.736414E-05 4.743297E-05 -7.403765E-36
-5.408874E-05 4.440948E-05 -8.305698E-36
-5.005743E-05 4.129249E-05 -7.45878E-36
-4.535595E-05 3.809756E-05 -5.407839E-36
-4.00781E-05 3.484011E-05 -2.801787E-36
-3.432397E-05 3.153535E-05 -2.495465E-37
-2.819824E-05 2.819824E-05 1.784691E-36
-2.180837E-05 2.484346E-05 3.036041E-36
-1.52628E-05 2.148529E-05 3.44425E-36
-8.669244E-06 1.813763E-05 3.119673E-36
-2.133006E-06 1.481393E-05 2.284949E-36
4.244612E-06 1.152712E-05 1.208631E-36
1.036779E-05 8.289631E-06 1.449359E-37
1.614752E-05 5.113304E-06 -7.105072E-37
2.150285E-05 2.009389E-06 -1.244189E-36
2.636187E-05 -1.011495E-06 -1.42773E-36
3.066262E-05 -3.939381E-06 -1.304343E-36
3.435376E-05 -6.764978E-06 -9.649372E-37
3.739504E-05 -9.479688E-06 -5.206083E-37
3.975767E-05 -1.207562E-05 -7.745043E-38
4.142438E-05 -1.454561E-05 2.821289E-37
4.238937E-05 -1.68832E-05 5.095412E-37
4.265808E-05 -1.908271E-05 5.916004E-37
4.224674E-05 -2.113914E-05 5.45151E-37
4.118184E-05 -2.304826E-05 4.072837E-37
3.949938E-05 -2.480657E-05 2.239379E-37
3.724403E-05 -2.641127E-05 3.937472E-38
3.446818E-05 -2.786029E-05 -1.117082E-37
3.123087E-05 -2.915226E-05 -2.085337E-37
2.759668E-05 -3.028648E-05 -2.450416E-37
2.363455E-05 -3.126295E-05 -2.277639E-37
1.941654E-05 -3.208229E-05 -1.71821E-37
1.501665E-05 -3.274575E-05 -9.620111E-38
1.050955E-05 -3.325519E-05 -1.936296E-38
5.969405E-06 -3.361305E-05 4.409063E-38
1.46873E-06 -3.382232E-05 8.528367E-38
-2.922724E-06 -3.388651E-05 1.01456E-37
-7.138976E-06 -3.380963E-05 9.512548E-38
-1.111874E-05 -3.359612E-05 7.245053E-38
-1.480628E-05 -3.32509E-05 4.127636E-38
-1.815207E-05 -3.277925E-05 9.298193E-39
-2.111345E-05 -3.218684E-05 -1.734091E-38
-2.365506E-05 -3.147963E-05 -3.485269E-38
-2.574921E-05 -3.066392E-05 -4.198946E-38
-2.737605E-05 -2.974625E-05 -3.971488E-38
-2.85237E-05 -2.873338E-05 -3.053501E-38
-2.918817E-05 -2.763227E-05 -1.768973E-38
-2.937319E-05 -2.645005E-05 -4.385973E-39
-2.908995E-05 -2.519395E-05 6.793163E-39
-2.835669E-05 -2.387131E-05 1.423229E-38
-2.71982E-05 -2.248951E-05 1.737099E-38
-2.564523E-05 -2.105597E-05 1.657503E-38
-2.373385E-05 -1.957811E-05 1.286324E-38
-2.150473E-05 -1.806329E-05 7.572977E-39
-1.900232E-05 -1.651882E-05 2.040257E-39
-1.627411E-05 -1.495193E-05 -2.649219E-39
-1.33697E-05 -1.33697E-05 -5.807202E-39
-1.034006E-05 -1.177909E-05 -7.183366E-39
-7.236588E-06 -1.018687E-05 -6.915139E-39
-4.110369E-06 -8.599639E-06 -5.416295E-39
-1.011327E-06 -7.023762E-06 -3.238638E-39
2.012508E-06 -5.465381E-06 -9.385421E-40
4.915704E-06 -3.930383E-06 1.02785E-39
7.656064E-06 -2.424383E-06 2.367543E-39
1.01952E-05 -9.527165E-07 2.969255E-39
1.249902E-05 4.795825E-07 2.883984E-39
1.453814E-05 1.867788E-06 2.279597E-39
1.628823E-05 3.207495E-06 1.383665E-39
1.77302E-05 4.494627E-06 4.278024E-40
1.88504E-05 5.725443E-06 -3.964259E-40
1.964064E-05 6.896544E-06 -9.643862E-40
2.009818E-05 8.004875E-06 -1.226817E-39
2.022558E-05 9.04773E-06 -1.202349E-39
2.003055E-05 1.002275E-05 -9.590066E-40
1.952565E-05 1.092793E-05 -5.905983E-40
1.872794E-05 1.17616E-05 -1.935109E-40
1.76586E-05 1.252244E-05 1.518377E-40
1.634248E-05 1.320947E-05 3.924715E-40
1.480757E-05 1.382203E-05 5.066661E-40
1.308448E-05 1.43598E-05 5.010875E-40
1.120591E-05 1.482278E-05 4.032699E-40
9.206012E-06 1.521125E-05 2.518638E-40
7.11988E-06 1.552582E-05 8.696598E-41
4.982917E-06 1.576736E-05 -5.768025E-41
2.830288E-06 1.593704E-05 -1.595701E-40
6.963724E-07 1.603626E-05 -2.091564E-40
-1.385758E-06 1.606669E-05 -2.087584E-40
-3.38482E-06 1.603024E-05 -1.695067E-40
-5.271757E-06 1.592901E-05 -1.07317E-40
-7.020136E-06 1.576533E-05 -3.886501E-41
-8.606483E-06 1.554171E-05 2.16949E-41
-1.001057E-05 1.526082E-05 6.481286E-41
-1.121563E-05 1.492551E-05 8.630177E-41
-1.220853E-05 1.453876E-05 8.693936E-41
-1.297987E-05 1.410366E-05 7.121819E-41
-1.352401E-05 1.362342E-05 4.568934E-41
-1.383906E-05 1.310136E-05 1.728502E-41
-1.392678E-05 1.254083E-05 -8.06167E-42
-1.379249E-05 1.194527E-05 -2.629677E-41
-1.344483E-05 1.131816E-05 -3.559298E-41
-1.289555E-05 1.066301E-05 -3.619414E-41
-1.215923E-05 9.983319E-06 -2.991072E-41
-1.125299E-05 9.282616E-06 -1.943741E-41
-1.019609E-05 8.564391E-06 -7.653892E-42
-9.009617E-06 7.83211E-06 2.949733E-42
-7.71608E-06 7.089194E-06 1.065828E-41
-6.339008E-06 6.339008E-06 1.4673E-41
-4.902555E-06 5.584848E-06 1.506256E-41
-3.431101E-06 4.829926E-06 1.255704E-41
-1.948859E-06 4.077368E-06 8.262056E-42
-4.795031E-07 3.330194E-06 3.377129E-42
9.541953E-07 2.591315E-06 -1.05798E-42
2.330695E-06 1.863522E-06 -4.314598E-42
3.629988E-06 1.149479E-06 -6.045202E-42
4.833874E-06 4.517138E-07 -6.266607E-42
5.92619E-06 -2.273856E-07 -5.268882E-42
6.893005E-06 -8.855789E-07 -3.510253E-42
7.722778E-06 -1.520777E-06 -1.485376E-42
8.406463E-06 -2.131048E-06 3.699428E-43
8.937586E-06 -2.714618E-06 1.744617E-42
9.312265E-06 -3.269875E-06 2.490107E-42
9.529196E-06 -3.795371E-06 2.606415E-42
9.589601E-06 -4.289822E-06 2.209848E-42
9.497132E-06 -4.752111E-06 1.48958E-42
9.257741E-06 -5.181285E-06 6.502025E-43
8.879522E-06 -5.576554E-06 -1.233143E-43
8.372516E-06 -5.937294E-06 -7.048531E-43
7.748501E-06 -6.263036E-06 -1.024349E-42
7.020748E-06 -6.553472E-06 -1.083204E-42
6.203777E-06 -6.808448E-06 -9.262583E-43
5.313083E-06 -7.027959E-06 -6.319856E-43
4.364868E-06 -7.212147E-06 -2.844636E-43
3.375766E-06 -7.361294E-06 3.923636E-44
2.362563E-06 -7.475818E-06 2.844636E-43
1.341931E-06 -7.556266E-06 4.217908E-43
3.301727E-07 -7.60331E-06 4.498168E-43
-6.570329E-07 -7.61774E-06 3.881597E-43
-1.604853E-06 -7.600456E-06 2.67648E-43
-2.499511E-06 -7.55246E-06 1.247156E-43
-3.328474E-06 -7.474854E-06 -1.121039E-44
-4.080613E-06 -7.368827E-06 -1.149065E-43
-4.746335E-06 -7.23565E-06 -1.73761E-43
-5.317694E-06 -7.07667E-06 -1.863727E-43
-5.788462E-06 -6.893296E-06 -1.625506E-43
-6.154178E-06 -6.687002E-06 -1.135052E-43
-6.412172E-06 -6.459307E-06 -5.465064E-44
-6.561545E-06 -6.211777E-06 2.802597E-45
-6.603138E-06 -5.946012E-06 4.624285E-44
-6.539466E-06 -5.663639E-06 7.146622E-44
-6.374628E-06 -5.366306E-06 7.707142E-44
-6.114197E-06 -5.055676E-06 6.866362E-44
-5.765086E-06 -4.733415E-06 4.764415E-44
-5.335406E-06 -4.401189E-06 2.382207E-44
-4.834296E-06 -4.060655E-06 0
-4.271752E-06 -3.713457E-06 -1.821688E-44
-3.658444E-06 -3.361217E-06 -2.942727E-44
-3.005529E-06 -3.005529E-06 -3.222986E-44
-2.32446E-06 -2.647957E-06 -2.802597E-44
-1.626796E-06 -2.290024E-06 -2.101948E-44
-9.240174E-07 -1.933212E-06 -9.809089E-45
-2.273479E-07 -1.578953E-06 0
4.52415E-07 -1.228626E-06 7.006492E-45
1.105058E-06 -8.835561E-07 1.261169E-44
1.721095E-06 -5.450051E-07 1.401298E-44
2.291896E-06 -2.141721E-07 1.261169E-44
2.809799E-06 1.078109E-07 8.407791E-45
3.268197E-06 4.198817E-07 4.203895E-45
3.661619E-06 7.210499E-07 0
3.985777E-06 1.010399E-06 -2.802597E-45
4.2376E-06 1.287088E-06 -5.605194E-45
4.415247E-06 1.550354E-06 -5.605194E-45
4.5181E-06 1.799508E-06 -5.605194E-45
4.546741E-06 2.033944E-06 -4.203895E-45
4.502898E-06 2.25313E-06 -1.401298E-45
4.389395E-06 2.456615E-06 0
4.210069E-06 2.644025E-06 1.401298E-45
3.969682E-06 2.815063E-06 1.401298E-45
3.673815E-06 2.969508E-06 2.802597E-45
3.328764E-06 3.107213E-06 1.401298E-45
2.941412E-06 3.228106E-06 1.401298E-45
2.519105E-06 3.332183E-06 1.401298E-45
2.069526E-06 3.419513E-06 0
1.60056E-06 3.490228E-06 0
1.120167E-06 3.544527E-06 -1.401298E-45
6.362532E-07 3.58267E-06 -1.401298E-45
1.565456E-07 3.604976E-06 -1.401298E-45
-3.115206E-07 3.611817E-06 0
-7.609127E-07 3.603622E-06 0
-1.185099E-06 3.580866E-06 0
-1.578137E-06 3.544071E-06 0
-1.934751E-06 3.4938E-06 0
-2.250391E-06 3.430656E-06 0
-2.521291E-06 3.355278E-06 0
-2.744497E-06 3.268335E-06 0
-2.917895E-06 3.170524E-06 0
-3.040218E-06 3.062567E-06 0
-3.111041E-06 2.945205E-06 0
-3.130762E-06 2.819197E-06 0
-3.100573E-06 2.685314E-06 0
-3.022418E-06 2.54434E-06 0
-2.898939E-06 2.39706E-06 0
-2.733414E-06 2.244265E-06 0
-2.529689E-06 2.086746E-06 0
-2.292096E-06 1.925288E-06 0
-2.025376E-06 1.76067E-06 0
-1.734587E-06 1.593662E-06 0
-1.425019E-06 1.425019E-06 0
-1.102102E-06 1.255482E-06 0
-7.713168E-07 1.085775E-06 0
-4.381066E-07 9.165985E-07 0
-1.07793E-07 7.486326E-07 0
2.145046E-07 5.825315E-07 0
5.239437E-07 4.189226E-07 0
8.160269E-07 2.584046E-07 0
1.086662E-06 1.01546E-07 0
1.332217E-06 -5.111663E-08 0
1.549558E-06 -1.990795E-07 0
1.736092E-06 -3.418731E-07 0
1.889786E-06 -4.79063E-07 0
2.009183E-06 -6.102504E-07 0
2.093411E-06 -7.350729E-07 0
2.142178E-06 -8.532052E-07 0
2.155757E-06 -9.643586E-07 0
2.13497E-06 -1.068282E-06 0
2.081154E-06 -1.164761E-06 0
1.99613E-06 -1.253618E-06 0
1.882155E-06 -1.334713E-06 0
1.741875E-06 -1.40794E-06 0
1.578275E-06 -1.473231E-06 0
1.394619E-06 -1.53055E-06 0
1.194389E-06 -1.579896E-06 0
9.812292E-07 -1.621302E-06 0
7.588774E-07 -1.65483E-06 0
5.311077E-07 -1.680575E-06 0
3.016683E-07 -1.69866E-06 0
7.422334E-08 -1.709236E-06 0
-1.47702E-07 -1.71248E-06 0
-3.607734E-07 -1.708594E-06 0
-5.618938E-07 -1.697805E-06 0
-7.482461E-07 -1.680359E-06 0
-9.17328E-07 -1.656524E-06 0
-1.066983E-06 -1.626585E-06 0
-1.195426E-06 -1.590846E-06 0
-1.301255E-06 -1.549624E-06 0
-1.383469E-06 -1.503248E-06 0
-1.441466E-06 -1.452062E-06 0
-1.475045E-06 -1.396417E-06 0
-1.484396E-06 -1.336673E-06 0
-1.470082E-06 -1.273195E-06 0
-1.433026E-06 -1.206354E-06 0
-1.374481E-06 -1.136524E-06 0
-1.296E-06 -1.064079E-06 0
-1.199408E-06 -9.89394E-07 0
-1.086757E-06 -9.128415E-07 0
-9.602963E-07 -8.347909E-07 0
-8.224238E-07 -7.556067E-07 0
-6.756476E-07 -6.756476E-07 0
-5.225423E-07 -5.952649E-07 0
-3.657063E-07 -5.148011E-07 0
-2.077205E-07 -4.345891E-07 0
-5.110816E-08 -3.54951E-07 0
1.017036E-07 -2.761971E-07 0
2.484187E-07 -1.986248E-07 0
3.869048E-07 -1.22518E-07 0
5.152218E-07 -4.814623E-08 0
6.31647E-07 2.423605E-08 0
7.346957E-07 9.439005E-08 0
8.231376E-07 1.620931E-07 0
8.960088E-07 2.271393E-07 0
9.526188E-07 2.893395E-07 0
9.925542E-07 3.485219E-07 0
1.015676E-06 4.045322E-07 0
1.022114E-06 4.572337E-07 0
1.012258E-06 5.065071E-07 0
9.867427E-07 5.522509E-07 0
9.4643E-07 5.943809E-07 0
8.923905E-07 6.328306E-07 0
8.258793E-07 6.6755E-07 0
7.483113E-07 6.985064E-07 0
6.612339E-07 7.256832E-07 0
5.662986E-07 7.4908E-07 0
4.652325E-07 7.687117E-07 0
3.598084E-07 7.846086E-07 0
2.518154E-07 7.968152E-07 0
1.430307E-07 8.053898E-07 0
3.519169E-08 8.104041E-07 0
-7.003031E-08 8.119421E-07 0
-1.710543E-07 8.100998E-07 0
-2.664121E-07 8.049842E-07 0
-3.547677E-07 7.967125E-07 0
-4.349349E-07 7.854115E-07 0
-5.058915E-07 7.712168E-07 0
-5.667901E-07 7.542718E-07 0
-6.169672E-07 7.347268E-07 0
-6.559474E-07 7.127388E-07 0
-6.834458E-07 6.884698E-07 0
-6.993668E-07 6.620866E-07 0
-7.038E-07 6.337598E-07 0
-6.970135E-07 6.036628E-07 0
-6.794442E-07 5.719715E-07 0
-6.516859E-07 5.388628E-07 0
-6.144758E-07 5.045143E-07 0
-5.68678E-07 4.691038E-07 0
-5.152668E-07 4.328078E-07 0
-4.553076E-07 3.958014E-07 0
-3.899378E-07 3.582576E-07 0
-3.203464E-07 3.203464E-07 0
-2.477542E-07 2.822344E-07 0
-1.733932E-07 2.440839E-07 0
-9.848704E-08 2.060528E-07 0
-2.423204E-08 1.682938E-07 0
4.822096E-08 1.30954E-07 0
1.177834E-07 9.417444E-08 0
1.834441E-07 5.808975E-08 0
2.442834E-07 2.282769E-08 0
2.994843E-07 -1.14911E-08 0
3.483431E-07 -4.475338E-08 0
3.902762E-07 -7.68536E-08 0
4.248268E-07 -1.076941E-07 0
4.516675E-07 -1.371852E-07 0
4.706021E-07 -1.652455E-07 0
4.815649E-07 -1.918018E-07 0
4.846175E-07 -2.167893E-07 0
4.799445E-07 -2.401514E-07 0
4.678467E-07 -2.6184E-07 0
4.487331E-07 -2.818153E-07 0
4.231113E-07 -3.000455E-07 0
3.915762E-07 -3.165071E-07 0
3.547987E-07 -3.311845E-07 0
3.135124E-07 -3.440699E-07 0
2.685005E-07 -3.551631E-07 0
2.205818E-07 -3.644711E-07 0
1.705968E-07 -3.720084E-07 0
1.193938E-07 -3.777959E-07 0
6.781548E-08 -3.818614E-07 0
1.668552E-08 -3.842389E-07 0
-3.320364E-08 -3.849681E-07 0
-8.110241E-08 -3.840946E-07 0
-1.263146E-07 -3.816691E-07 0
-1.682069E-07 -3.777472E-07 0
-2.062167E-07 -3.723891E-07 0
-2.398595E-07 -3.656589E-07 0
-2.687336E-07 -3.576247E-07 0
-2.925241E-07 -3.483578E-07 0
-3.110059E-07 -3.379325E-07 0
-3.240438E-07 -3.264258E-07 0
-3.315925E-07 -3.139167E-07 0
-3.336944E-07 -3.004861E-07 0
-3.304767E-07 -2.862161E-07 0
-3.221465E-07 -2.711902E-07 0
-3.089854E-07 -2.554923E-07 0
-2.913429E-07 -2.392066E-07 0
-2.696287E-07 -2.224173E-07 0
-2.443047E-07 -2.052082E-07 0
-2.158761E-07 -1.876623E-07 0
-1.848821E-07 -1.698616E-07 0
