# channels number
3
# samples number
1000
# sampling rate
0.9
# start date
01-01-0001
# start time
00:00:00.000
# channels names
Model_4_1;Model_4_2;Model_4_3
0.999 0.999 0.999
0.9983914 0.9838229 0.9387529
0.9965665 0.9387529 0.7652784
0.9935274 0.8651594 0.4995
0.9892778 0.7652784 0.1734745
0.9838229 0.6421448 -0.1734745
0.9771695 0.4995 -0.4995
0.9693254 0.3416781 -0.7652784
0.9603004 0.1734745 -0.9387529
0.9501055 1.223382E-16 -0.999
0.9387529 -0.1734745 -0.9387529
0.9262567 -0.3416781 -0.7652784
0.9126319 -0.4995 -0.4995
0.8978953 -0.6421448 -0.1734745
0.8820646 -0.7652784 0.1734745
0.8651594 -0.8651594 0.4995
0.8472 -0.9387529 0.7652784
0.8282085 -0.9838229 0.9387529
0.808208 -0.999 0.999
0.7872227 -0.9838229 0.9387529
0.7652784 -0.9387529 0.7652784
0.7424017 -0.8651594 0.4995
0.7186205 -0.7652784 0.1734745
0.6939637 -0.6421448 -0.1734745
0.6684615 -0.4995 -0.4995
0.6421448 -0.3416781 -0.7652784
0.6150458 -0.1734745 -0.9387529
0.5871975 -2.446763E-16 -0.999
0.5586337 0.1734745 -0.9387529
0.5293893 0.3416781 -0.7652784
0.4995 0.4995 -0.4995
0.4690021 0.6421448 -0.1734745
0.4379328 0.7652784 0.1734745
0.4063299 0.8651594 0.4995
0.374232 0.9387529 0.7652784
0.3416781 0.9838229 0.9387529
0.308708 0.999 0.999
0.2753617 0.9838229 0.9387529
0.24168 0.9387529 0.7652784
0.2077038 0.8651594 0.4995
0.1734745 0.7652784 0.1734745
0.1390339 0.6421448 -0.1734745
0.1044239 0.4995 -0.4995
0.06968672 0.3416781 -0.7652784
0.0348646 0.1734745 -0.9387529
1.223382E-16 3.670145E-16 -0.999
-0.0348646 -0.1734745 -0.9387529
-0.06968672 -0.3416781 -0.7652784
-0.1044239 -0.4995 -0.4995
-0.1390339 -0.6421448 -0.1734745
-0.1734745 -0.7652784 0.1734745
-0.2077038 -0.8651594 0.4995
-0.24168 -0.9387529 0.7652784
-0.2753617 -0.9838229 0.9387529
-0.308708 -0.999 0.999
-0.3416781 -0.9838229 0.9387529
-0.374232 -0.9387529 0.7652784
-0.4063299 -0.8651594 0.4995
-0.4379328 -0.7652784 0.1734745
-0.4690021 -0.6421448 -0.1734745
-0.4995 -0.4995 -0.4995
-0.5293893 -0.3416781 -0.7652784
-0.5586337 -0.1734745 -0.9387529
-0.5871975 -4.893527E-16 -0.999
-0.6150458 0.1734745 -0.9387529
-0.6421448 0.3416781 -0.7652784
-0.6684615 0.4995 -0.4995
-0.6939637 0.6421448 -0.1734745
-0.7186205 0.7652784 0.1734745
-0.7424017 0.8651594 0.4995
-0.7652784 0.9387529 0.7652784
-0.7872227 0.9838229 0.9387529
-0.808208 0.999 0.999
-0.8282085 0.9838229 0.9387529
-0.8472 0.9387529 0.7652784
-0.8651594 0.8651594 0.4995
-0.8820646 0.7652784 0.1734745
-0.8978953 0.6421448 -0.1734745
-0.9126319 0.4995 -0.4995
-0.9262567 0.3416781 -0.7652784
-0.9387529 0.1734745 -0.9387529
-0.9501055 6.116909E-16 -0.999
-0.9603004 -0.1734745 -0.9387529
-0.9693254 -0.3416781 -0.7652784
-0.9771695 -0.4995 -0.4995
-0.9838229 -0.6421448 -0.1734745
-0.9892778 -0.7652784 0.1734745
-0.9935274 -0.8651594 0.4995
-0.9965665 -0.9387529 0.7652784
-0.9983914 -0.9838229 0.9387529
-0.999 -0.999 0.999
-0.9983914 -0.9838229 0.9387529
-0.9965665 -0.9387529 0.7652784
-0.9935274 -0.8651594 0.4995
-0.9892778 -0.7652784 0.1734745
-0.9838229 -0.6421448 -0.1734745
-0.9771695 -0.4995 -0.4995
-0.9693254 -0.3416781 -0.7652784
-0.9603004 -0.1734745 -0.9387529
-0.9501055 -7.340291E-16 -0.999
-0.9387529 0.1734745 -0.9387529
-0.9262567 0.3416781 -0.7652784
-0.9126319 0.4995 -0.4995
-0.8978953 0.6421448 -0.1734745
-0.8820646 0.7652784 0.1734745
-0.8651594 0.8651594 0.4995
-0.8472 0.9387529 0.7652784
-0.8282085 0.9838229 0.9387529
-0.808208 0.999 0.999
-0.7872227 0.9838229 0.9387529
-0.7652784 0.9387529 0.7652784
-0.7424017 0.8651594 0.4995
-0.7186205 0.7652784 0.1734745
-0.6939637 0.6421448 -0.1734745
-0.6684615 0.4995 -0.4995
-0.6421448 0.3416781 -0.7652784
-0.6150458 0.1734745 -0.9387529
-0.5871975 4.405528E-15 -0.999
-0.5586337 -0.1734745 -0.9387529
-0.5293893 -0.3416781 -0.7652784
-0.4995 -0.4995 -0.4995
-0.4690021 -0.6421448 -0.1734745
-0.4379328 -0.7652784 0.1734745
-0.4063299 -0.8651594 0.4995
-0.374232 -0.9387529 0.7652784
-0.3416781 -0.9838229 0.9387529
-0.308708 -0.999 0.999
-0.2753617 -0.9838229 0.9387529
-0.24168 -0.9387529 0.7652784
-0.2077038 -0.8651594 0.4995
-0.1734745 -0.7652784 0.1734745
-0.1390339 -0.6421448 -0.1734745
-0.1044239 -0.4995 -0.4995
-0.06968672 -0.3416781 -0.7652784
-0.0348646 -0.1734745 -0.9387529
-2.446763E-16 -9.787054E-16 -0.999
0.0348646 0.1734745 -0.9387529
0.06968672 0.3416781 -0.7652784
0.1044239 0.4995 -0.4995
0.1390339 0.6421448 -0.1734745
0.1734745 0.7652784 0.1734745
0.2077038 0.8651594 0.4995
0.24168 0.9387529 0.7652784
0.2753617 0.9838229 0.9387529
0.308708 0.999 0.999
0.3416781 0.9838229 0.9387529
0.374232 0.9387529 0.7652784
0.4063299 0.8651594 0.4995
0.4379328 0.7652784 0.1734745
0.4690021 0.6421448 -0.1734745
0.4995 0.4995 -0.4995
0.5293893 0.3416781 -0.7652784
0.5586337 0.1734745 -0.9387529
0.5871975 4.650205E-15 -0.999
0.6150458 -0.1734745 -0.9387529
0.6421448 -0.3416781 -0.7652784
0.6684615 -0.4995 -0.4995
0.6939637 -0.6421448 -0.1734745
0.7186205 -0.7652784 0.1734745
0.7424017 -0.8651594 0.4995
0.7652784 -0.9387529 0.7652784
0.7872227 -0.9838229 0.9387529
0.808208 -0.999 0.999
0.8282085 -0.9838229 0.9387529
0.8472 -0.9387529 0.7652784
0.8651594 -0.8651594 0.4995
0.8820646 -0.7652784 0.1734745
0.8978953 -0.6421448 -0.1734745
0.9126319 -0.4995 -0.4995
0.9262567 -0.3416781 -0.7652784
0.9387529 -0.1734745 -0.9387529
0.9501055 -1.223382E-15 -0.999
0.9603004 0.1734745 -0.9387529
0.9693254 0.3416781 -0.7652784
0.9771695 0.4995 -0.4995
0.9838229 0.6421448 -0.1734745
0.9892778 0.7652784 0.1734745
0.9935274 0.8651594 0.4995
0.9965665 0.9387529 0.7652784
0.9983914 0.9838229 0.9387529
0.999 0.999 0.999
0.9983914 0.9838229 0.9387529
0.9965665 0.9387529 0.7652784
0.9935274 0.8651594 0.4995
0.9892778 0.7652784 0.1734745
0.9838229 0.6421448 -0.1734745
0.9771695 0.4995 -0.4995
0.9693254 0.3416781 -0.7652784
0.9603004 0.1734745 -0.9387529
0.9501055 -2.203441E-15 -0.999
0.9387529 -0.1734745 -0.9387529
0.9262567 -0.3416781 -0.7652784
0.9126319 -0.4995 -0.4995
0.8978953 -0.6421448 -0.1734745
0.8820646 -0.7652784 0.1734745
0.8651594 -0.8651594 0.4995
0.8472 -0.9387529 0.7652784
0.8282085 -0.9838229 0.9387529
0.808208 -0.999 0.999
0.7872227 -0.9838229 0.9387529
0.7652784 -0.9387529 0.7652784
0.7424017 -0.8651594 0.4995
0.7186205 -0.7652784 0.1734745
0.6939637 -0.6421448 -0.1734745
0.6684615 -0.4995 -0.4995
0.6421448 -0.3416781 -0.7652784
0.6150458 -0.1734745 -0.9387529
0.5871975 -1.468058E-15 -0.999
0.5586337 0.1734745 -0.9387529
0.5293893 0.3416781 -0.7652784
0.4995 0.4995 -0.4995
0.4690021 0.6421448 -0.1734745
0.4379328 0.7652784 0.1734745
0.4063299 0.8651594 0.4995
0.374232 0.9387529 0.7652784
0.3416781 0.9838229 0.9387529
0.308708 0.999 0.999
0.2753617 0.9838229 0.9387529
0.24168 0.9387529 0.7652784
0.2077038 0.8651594 0.4995
0.1734745 0.7652784 0.1734745
0.1390339 0.6421448 -0.1734745
0.1044239 0.4995 -0.4995
0.06968672 0.3416781 -0.7652784
0.0348646 0.1734745 -0.9387529
3.670145E-16 -1.958765E-15 -0.999
-0.0348646 -0.1734745 -0.9387529
-0.06968672 -0.3416781 -0.7652784
-0.1044239 -0.4995 -0.4995
-0.1390339 -0.6421448 -0.1734745
-0.1734745 -0.7652784 0.1734745
-0.2077038 -0.8651594 0.4995
-0.24168 -0.9387529 0.7652784
-0.2753617 -0.9838229 0.9387529
-0.308708 -0.999 0.999
-0.3416781 -0.9838229 0.9387529
-0.374232 -0.9387529 0.7652784
-0.4063299 -0.8651594 0.4995
-0.4379328 -0.7652784 0.1734745
-0.4690021 -0.6421448 -0.1734745
-0.4995 -0.4995 -0.4995
-0.5293893 -0.3416781 -0.7652784
-0.5586337 -0.1734745 -0.9387529
-0.5871975 -1.712734E-15 -0.999
-0.6150458 0.1734745 -0.9387529
-0.6421448 0.3416781 -0.7652784
-0.6684615 0.4995 -0.4995
-0.6939637 0.6421448 -0.1734745
-0.7186205 0.7652784 0.1734745
-0.7424017 0.8651594 0.4995
-0.7652784 0.9387529 0.7652784
-0.7872227 0.9838229 0.9387529
-0.808208 0.999 0.999
-0.8282085 0.9838229 0.9387529
-0.8472 0.9387529 0.7652784
-0.8651594 0.8651594 0.4995
-0.8820646 0.7652784 0.1734745
-0.8978953 0.6421448 -0.1734745
-0.9126319 0.4995 -0.4995
-0.9262567 0.3416781 -0.7652784
-0.9387529 0.1734745 -0.9387529
-0.9501055 -1.714088E-15 -0.999
-0.9603004 -0.1734745 -0.9387529
-0.9693254 -0.3416781 -0.7652784
-0.9771695 -0.4995 -0.4995
-0.9838229 -0.6421448 -0.1734745
-0.9892778 -0.7652784 0.1734745
-0.9935274 -0.8651594 0.4995
-0.9965665 -0.9387529 0.7652784
-0.9983914 -0.9838229 0.9387529
-0.999 -0.999 0.999
-0.9983914 -0.9838229 0.9387529
-0.9965665 -0.9387529 0.7652784
-0.9935274 -0.8651594 0.4995
-0.9892778 -0.7652784 0.1734745
-0.9838229 -0.6421448 -0.1734745
-0.9771695 -0.4995 -0.4995
-0.9693254 -0.3416781 -0.7652784
-0.9603004 -0.1734745 -0.9387529
-0.9501055 -1.957411E-15 -0.999
-0.9387529 0.1734745 -0.9387529
-0.9262567 0.3416781 -0.7652784
-0.9126319 0.4995 -0.4995
-0.8978953 0.6421448 -0.1734745
-0.8820646 0.7652784 0.1734745
-0.8651594 0.8651594 0.4995
-0.8472 0.9387529 0.7652784
-0.8282085 0.9838229 0.9387529
-0.808208 0.999 0.999
-0.7872227 0.9838229 0.9387529
-0.7652784 0.9387529 0.7652784
-0.7424017 0.8651594 0.4995
-0.7186205 0.7652784 0.1734745
-0.6939637 0.6421448 -0.1734745
-0.6684615 0.4995 -0.4995
-0.6421448 0.3416781 -0.7652784
-0.6150458 0.1734745 -0.9387529
-0.5871975 -1.469412E-15 -0.999
-0.5586337 -0.1734745 -0.9387529
-0.5293893 -0.3416781 -0.7652784
-0.4995 -0.4995 -0.4995
-0.4690021 -0.6421448 -0.1734745
-0.4379328 -0.7652784 0.1734745
-0.4063299 -0.8651594 0.4995
-0.374232 -0.9387529 0.7652784
-0.3416781 -0.9838229 0.9387529
-0.308708 -0.999 0.999
-0.2753617 -0.9838229 0.9387529
-0.24168 -0.9387529 0.7652784
-0.2077038 -0.8651594 0.4995
-0.1734745 -0.7652784 0.1734745
-0.1390339 -0.6421448 -0.1734745
-0.1044239 -0.4995 -0.4995
-0.06968672 -0.3416781 -0.7652784
-0.0348646 -0.1734745 -0.9387529
-4.893527E-16 -2.202087E-15 -0.999
0.0348646 0.1734745 -0.9387529
0.06968672 0.3416781 -0.7652784
0.1044239 0.4995 -0.4995
0.1390339 0.6421448 -0.1734745
0.1734745 0.7652784 0.1734745
0.2077038 0.8651594 0.4995
0.24168 0.9387529 0.7652784
0.2753617 0.9838229 0.9387529
0.308708 0.999 0.999
0.3416781 0.9838229 0.9387529
0.374232 0.9387529 0.7652784
0.4063299 0.8651594 0.4995
0.4379328 0.7652784 0.1734745
0.4690021 0.6421448 -0.1734745
0.4995 0.4995 -0.4995
0.5293893 0.3416781 -0.7652784
0.5586337 0.1734745 -0.9387529
0.5871975 -1.224736E-15 -0.999
0.6150458 -0.1734745 -0.9387529
0.6421448 -0.3416781 -0.7652784
0.6684615 -0.4995 -0.4995
0.6939637 -0.6421448 -0.1734745
0.7186205 -0.7652784 0.1734745
0.7424017 -0.8651594 0.4995
0.7652784 -0.9387529 0.7652784
0.7872227 -0.9838229 0.9387529
0.808208 -0.999 0.999
0.8282085 -0.9838229 0.9387529
0.8472 -0.9387529 0.7652784
0.8651594 -0.8651594 0.4995
0.8820646 -0.7652784 0.1734745
0.8978953 -0.6421448 -0.1734745
0.9126319 -0.4995 -0.4995
0.9262567 -0.3416781 -0.7652784
0.9387529 -0.1734745 -0.9387529
0.9501055 -2.446764E-15 -0.999
0.9603004 0.1734745 -0.9387529
0.9693254 0.3416781 -0.7652784
0.9771695 0.4995 -0.4995
0.9838229 0.6421448 -0.1734745
0.9892778 0.7652784 0.1734745
0.9935274 0.8651594 0.4995
0.9965665 0.9387529 0.7652784
0.9983914 0.9838229 0.9387529
0.999 0.999 0.999
0.9983914 0.9838229 0.9387529
0.9965665 0.9387529 0.7652784
0.9935274 0.8651594 0.4995
0.9892778 0.7652784 0.1734745
0.9838229 0.6421448 -0.1734745
0.9771695 0.4995 -0.4995
0.9693254 0.3416781 -0.7652784
0.9603004 0.1734745 -0.9387529
0.9501055 1.321658E-14 -0.999
0.9387529 -0.1734745 -0.9387529
0.9262567 -0.3416781 -0.7652784
0.9126319 -0.4995 -0.4995
0.8978953 -0.6421448 -0.1734745
0.8820646 -0.7652784 0.1734745
0.8651594 -0.8651594 0.4995
0.8472 -0.9387529 0.7652784
0.8282085 -0.9838229 0.9387529
0.808208 -0.999 0.999
0.7872227 -0.9838229 0.9387529
0.7652784 -0.9387529 0.7652784
0.7424017 -0.8651594 0.4995
0.7186205 -0.7652784 0.1734745
0.6939637 -0.6421448 -0.1734745
0.6684615 -0.4995 -0.4995
0.6421448 -0.3416781 -0.7652784
0.6150458 -0.1734745 -0.9387529
0.5871975 -9.789762E-15 -0.999
0.5586337 0.1734745 -0.9387529
0.5293893 0.3416781 -0.7652784
0.4995 0.4995 -0.4995
0.4690021 0.6421448 -0.1734745
0.4379328 0.7652784 0.1734745
0.4063299 0.8651594 0.4995
0.374232 0.9387529 0.7652784
0.3416781 0.9838229 0.9387529
0.308708 0.999 0.999
0.2753617 0.9838229 0.9387529
0.24168 0.9387529 0.7652784
0.2077038 0.8651594 0.4995
0.1734745 0.7652784 0.1734745
0.1390339 0.6421448 -0.1734745
0.1044239 0.4995 -0.4995
0.06968672 0.3416781 -0.7652784
0.0348646 0.1734745 -0.9387529
6.116909E-16 6.362939E-15 -0.999
-0.0348646 -0.1734745 -0.9387529
-0.06968672 -0.3416781 -0.7652784
-0.1044239 -0.4995 -0.4995
-0.1390339 -0.6421448 -0.1734745
-0.1734745 -0.7652784 0.1734745
-0.2077038 -0.8651594 0.4995
-0.24168 -0.9387529 0.7652784
-0.2753617 -0.9838229 0.9387529
-0.308708 -0.999 0.999
-0.3416781 -0.9838229 0.9387529
-0.374232 -0.9387529 0.7652784
-0.4063299 -0.8651594 0.4995
-0.4379328 -0.7652784 0.1734745
-0.4690021 -0.6421448 -0.1734745
-0.4995 -0.4995 -0.4995
-0.5293893 -0.3416781 -0.7652784
-0.5586337 -0.1734745 -0.9387529
-0.5871975 -2.936116E-15 -0.999
-0.6150458 0.1734745 -0.9387529
-0.6421448 0.3416781 -0.7652784
-0.6684615 0.4995 -0.4995
-0.6939637 0.6421448 -0.1734745
-0.7186205 0.7652784 0.1734745
-0.7424017 0.8651594 0.4995
-0.7652784 0.9387529 0.7652784
-0.7872227 0.9838229 0.9387529
-0.808208 0.999 0.999
-0.8282085 0.9838229 0.9387529
-0.8472 0.9387529 0.7652784
-0.8651594 0.8651594 0.4995
-0.8820646 0.7652784 0.1734745
-0.8978953 0.6421448 -0.1734745
-0.9126319 0.4995 -0.4995
-0.9262567 0.3416781 -0.7652784
-0.9387529 0.1734745 -0.9387529
-0.9501055 1.370594E-14 -0.999
-0.9603004 -0.1734745 -0.9387529
-0.9693254 -0.3416781 -0.7652784
-0.9771695 -0.4995 -0.4995
-0.9838229 -0.6421448 -0.1734745
-0.9892778 -0.7652784 0.1734745
-0.9935274 -0.8651594 0.4995
-0.9965665 -0.9387529 0.7652784
-0.9983914 -0.9838229 0.9387529
-0.999 -0.999 0.999
-0.9983914 -0.9838229 0.9387529
-0.9965665 -0.9387529 0.7652784
-0.9935274 -0.8651594 0.4995
-0.9892778 -0.7652784 0.1734745
-0.9838229 -0.6421448 -0.1734745
-0.9771695 -0.4995 -0.4995
-0.9693254 -0.3416781 -0.7652784
-0.9603004 -0.1734745 -0.9387529
-0.9501055 -1.027911E-14 -0.999
-0.9387529 0.1734745 -0.9387529
-0.9262567 0.3416781 -0.7652784
-0.9126319 0.4995 -0.4995
-0.8978953 0.6421448 -0.1734745
-0.8820646 0.7652784 0.1734745
-0.8651594 0.8651594 0.4995
-0.8472 0.9387529 0.7652784
-0.8282085 0.9838229 0.9387529
-0.808208 0.999 0.999
-0.7872227 0.9838229 0.9387529
-0.7652784 0.9387529 0.7652784
-0.7424017 0.8651594 0.4995
-0.7186205 0.7652784 0.1734745
-0.6939637 0.6421448 -0.1734745
-0.6684615 0.4995 -0.4995
-0.6421448 0.3416781 -0.7652784
-0.6150458 0.1734745 -0.9387529
-0.5871975 6.852292E-15 -0.999
-0.5586337 -0.1734745 -0.9387529
-0.5293893 -0.3416781 -0.7652784
-0.4995 -0.4995 -0.4995
-0.4690021 -0.6421448 -0.1734745
-0.4379328 -0.7652784 0.1734745
-0.4063299 -0.8651594 0.4995
-0.374232 -0.9387529 0.7652784
-0.3416781 -0.9838229 0.9387529
-0.308708 -0.999 0.999
-0.2753617 -0.9838229 0.9387529
-0.24168 -0.9387529 0.7652784
-0.2077038 -0.8651594 0.4995
-0.1734745 -0.7652784 0.1734745
-0.1390339 -0.6421448 -0.1734745
-0.1044239 -0.4995 -0.4995
-0.06968672 -0.3416781 -0.7652784
-0.0348646 -0.1734745 -0.9387529
-7.340291E-16 -3.425469E-15 -0.999
0.0348646 0.1734745 -0.9387529
0.06968672 0.3416781 -0.7652784
0.1044239 0.4995 -0.4995
0.1390339 0.6421448 -0.1734745
0.1734745 0.7652784 0.1734745
0.2077038 0.8651594 0.4995
0.24168 0.9387529 0.7652784
0.2753617 0.9838229 0.9387529
0.308708 0.999 0.999
0.3416781 0.9838229 0.9387529
0.374232 0.9387529 0.7652784
0.4063299 0.8651594 0.4995
0.4379328 0.7652784 0.1734745
0.4690021 0.6421448 -0.1734745
0.4995 0.4995 -0.4995
0.5293893 0.3416781 -0.7652784
0.5586337 0.1734745 -0.9387529
0.5871975 1.419529E-14 -0.999
0.6150458 -0.1734745 -0.9387529
0.6421448 -0.3416781 -0.7652784
0.6684615 -0.4995 -0.4995
0.6939637 -0.6421448 -0.1734745
0.7186205 -0.7652784 0.1734745
0.7424017 -0.8651594 0.4995
0.7652784 -0.9387529 0.7652784
0.7872227 -0.9838229 0.9387529
0.808208 -0.999 0.999
0.8282085 -0.9838229 0.9387529
0.8472 -0.9387529 0.7652784
0.8651594 -0.8651594 0.4995
0.8820646 -0.7652784 0.1734745
0.8978953 -0.6421448 -0.1734745
0.9126319 -0.4995 -0.4995
0.9262567 -0.3416781 -0.7652784
0.9387529 -0.1734745 -0.9387529
0.9501055 -1.076847E-14 -0.999
0.9603004 0.1734745 -0.9387529
0.9693254 0.3416781 -0.7652784
0.9771695 0.4995 -0.4995
0.9838229 0.6421448 -0.1734745
0.9892778 0.7652784 0.1734745
0.9935274 0.8651594 0.4995
0.9965665 0.9387529 0.7652784
0.9983914 0.9838229 0.9387529
0.999 0.999 0.999
0.9983914 0.9838229 0.9387529
0.9965665 0.9387529 0.7652784
0.9935274 0.8651594 0.4995
0.9892778 0.7652784 0.1734745
0.9838229 0.6421448 -0.1734745
0.9771695 0.4995 -0.4995
0.9693254 0.3416781 -0.7652784
0.9603004 0.1734745 -0.9387529
0.9501055 7.341645E-15 -0.999
0.9387529 -0.1734745 -0.9387529
0.9262567 -0.3416781 -0.7652784
0.9126319 -0.4995 -0.4995
0.8978953 -0.6421448 -0.1734745
0.8820646 -0.7652784 0.1734745
0.8651594 -0.8651594 0.4995
0.8472 -0.9387529 0.7652784
0.8282085 -0.9838229 0.9387529
0.808208 -0.999 0.999
0.7872227 -0.9838229 0.9387529
0.7652784 -0.9387529 0.7652784
0.7424017 -0.8651594 0.4995
0.7186205 -0.7652784 0.1734745
0.6939637 -0.6421448 -0.1734745
0.6684615 -0.4995 -0.4995
0.6421448 -0.3416781 -0.7652784
0.6150458 -0.1734745 -0.9387529
0.5871975 -3.914822E-15 -0.999
0.5586337 0.1734745 -0.9387529
0.5293893 0.3416781 -0.7652784
0.4995 0.4995 -0.4995
0.4690021 0.6421448 -0.1734745
0.4379328 0.7652784 0.1734745
0.4063299 0.8651594 0.4995
0.374232 0.9387529 0.7652784
0.3416781 0.9838229 0.9387529
0.308708 0.999 0.999
0.2753617 0.9838229 0.9387529
0.24168 0.9387529 0.7652784
0.2077038 0.8651594 0.4995
0.1734745 0.7652784 0.1734745
0.1390339 0.6421448 -0.1734745
0.1044239 0.4995 -0.4995
0.06968672 0.3416781 -0.7652784
0.0348646 0.1734745 -0.9387529
-2.692794E-15 1.468464E-14 -0.999
-0.0348646 -0.1734745 -0.9387529
-0.06968672 -0.3416781 -0.7652784
-0.1044239 -0.4995 -0.4995
-0.1390339 -0.6421448 -0.1734745
-0.1734745 -0.7652784 0.1734745
-0.2077038 -0.8651594 0.4995
-0.24168 -0.9387529 0.7652784
-0.2753617 -0.9838229 0.9387529
-0.308708 -0.999 0.999
-0.3416781 -0.9838229 0.9387529
-0.374232 -0.9387529 0.7652784
-0.4063299 -0.8651594 0.4995
-0.4379328 -0.7652784 0.1734745
-0.4690021 -0.6421448 -0.1734745
-0.4995 -0.4995 -0.4995
-0.5293893 -0.3416781 -0.7652784
-0.5586337 -0.1734745 -0.9387529
-0.5871975 -1.125782E-14 -0.999
-0.6150458 0.1734745 -0.9387529
-0.6421448 0.3416781 -0.7652784
-0.6684615 0.4995 -0.4995
-0.6939637 0.6421448 -0.1734745
-0.7186205 0.7652784 0.1734745
-0.7424017 0.8651594 0.4995
-0.7652784 0.9387529 0.7652784
-0.7872227 0.9838229 0.9387529
-0.808208 0.999 0.999
-0.8282085 0.9838229 0.9387529
-0.8472 0.9387529 0.7652784
-0.8651594 0.8651594 0.4995
-0.8820646 0.7652784 0.1734745
-0.8978953 0.6421448 -0.1734745
-0.9126319 0.4995 -0.4995
-0.9262567 0.3416781 -0.7652784
-0.9387529 0.1734745 -0.9387529
-0.9501055 7.830997E-15 -0.999
-0.9603004 -0.1734745 -0.9387529
-0.9693254 -0.3416781 -0.7652784
-0.9771695 -0.4995 -0.4995
-0.9838229 -0.6421448 -0.1734745
-0.9892778 -0.7652784 0.1734745
-0.9935274 -0.8651594 0.4995
-0.9965665 -0.9387529 0.7652784
-0.9983914 -0.9838229 0.9387529
-0.999 -0.999 0.999
-0.9983914 -0.9838229 0.9387529
-0.9965665 -0.9387529 0.7652784
-0.9935274 -0.8651594 0.4995
-0.9892778 -0.7652784 0.1734745
-0.9838229 -0.6421448 -0.1734745
-0.9771695 -0.4995 -0.4995
-0.9693254 -0.3416781 -0.7652784
-0.9603004 -0.1734745 -0.9387529
-0.9501055 -1.860082E-14 -0.999
-0.9387529 0.1734745 -0.9387529
-0.9262567 0.3416781 -0.7652784
-0.9126319 0.4995 -0.4995
-0.8978953 0.6421448 -0.1734745
-0.8820646 0.7652784 0.1734745
-0.8651594 0.8651594 0.4995
-0.8472 0.9387529 0.7652784
-0.8282085 0.9838229 0.9387529
-0.808208 0.999 0.999
-0.7872227 0.9838229 0.9387529
-0.7652784 0.9387529 0.7652784
-0.7424017 0.8651594 0.4995
-0.7186205 0.7652784 0.1734745
-0.6939637 0.6421448 -0.1734745
-0.6684615 0.4995 -0.4995
-0.6421448 0.3416781 -0.7652784
-0.6150458 0.1734745 -0.9387529
-0.5871975 1.5174E-14 -0.999
-0.5586337 -0.1734745 -0.9387529
-0.5293893 -0.3416781 -0.7652784
-0.4995 -0.4995 -0.4995
-0.4690021 -0.6421448 -0.1734745
-0.4379328 -0.7652784 0.1734745
-0.4063299 -0.8651594 0.4995
-0.374232 -0.9387529 0.7652784
-0.3416781 -0.9838229 0.9387529
-0.308708 -0.999 0.999
-0.2753617 -0.9838229 0.9387529
-0.24168 -0.9387529 0.7652784
-0.2077038 -0.8651594 0.4995
-0.1734745 -0.7652784 0.1734745
-0.1390339 -0.6421448 -0.1734745
-0.1044239 -0.4995 -0.4995
-0.06968672 -0.3416781 -0.7652784
-0.0348646 -0.1734745 -0.9387529
-9.787054E-16 -1.174717E-14 -0.999
0.0348646 0.1734745 -0.9387529
0.06968672 0.3416781 -0.7652784
0.1044239 0.4995 -0.4995
0.1390339 0.6421448 -0.1734745
0.1734745 0.7652784 0.1734745
0.2077038 0.8651594 0.4995
0.24168 0.9387529 0.7652784
0.2753617 0.9838229 0.9387529
0.308708 0.999 0.999
0.3416781 0.9838229 0.9387529
0.374232 0.9387529 0.7652784
0.4063299 0.8651594 0.4995
0.4379328 0.7652784 0.1734745
0.4690021 0.6421448 -0.1734745
0.4995 0.4995 -0.4995
0.5293893 0.3416781 -0.7652784
0.5586337 0.1734745 -0.9387529
0.5871975 8.32035E-15 -0.999
0.6150458 -0.1734745 -0.9387529
0.6421448 -0.3416781 -0.7652784
0.6684615 -0.4995 -0.4995
0.6939637 -0.6421448 -0.1734745
0.7186205 -0.7652784 0.1734745
0.7424017 -0.8651594 0.4995
0.7652784 -0.9387529 0.7652784
0.7872227 -0.9838229 0.9387529
0.808208 -0.999 0.999
0.8282085 -0.9838229 0.9387529
0.8472 -0.9387529 0.7652784
0.8651594 -0.8651594 0.4995
0.8820646 -0.7652784 0.1734745
0.8978953 -0.6421448 -0.1734745
0.9126319 -0.4995 -0.4995
0.9262567 -0.3416781 -0.7652784
0.9387529 -0.1734745 -0.9387529
0.9501055 -1.909017E-14 -0.999
0.9603004 0.1734745 -0.9387529
0.9693254 0.3416781 -0.7652784
0.9771695 0.4995 -0.4995
0.9838229 0.6421448 -0.1734745
0.9892778 0.7652784 0.1734745
0.9935274 0.8651594 0.4995
0.9965665 0.9387529 0.7652784
0.9983914 0.9838229 0.9387529
0.999 0.999 0.999
0.9983914 0.9838229 0.9387529
0.9965665 0.9387529 0.7652784
0.9935274 0.8651594 0.4995
0.9892778 0.7652784 0.1734745
0.9838229 0.6421448 -0.1734745
0.9771695 0.4995 -0.4995
0.9693254 0.3416781 -0.7652784
0.9603004 0.1734745 -0.9387529
0.9501055 1.566335E-14 -0.999
0.9387529 -0.1734745 -0.9387529
0.9262567 -0.3416781 -0.7652784
0.9126319 -0.4995 -0.4995
0.8978953 -0.6421448 -0.1734745
0.8820646 -0.7652784 0.1734745
0.8651594 -0.8651594 0.4995
0.8472 -0.9387529 0.7652784
0.8282085 -0.9838229 0.9387529
0.808208 -0.999 0.999
0.7872227 -0.9838229 0.9387529
0.7652784 -0.9387529 0.7652784
0.7424017 -0.8651594 0.4995
0.7186205 -0.7652784 0.1734745
0.6939637 -0.6421448 -0.1734745
0.6684615 -0.4995 -0.4995
0.6421448 -0.3416781 -0.7652784
0.6150458 -0.1734745 -0.9387529
0.5871975 -2.643317E-14 -0.999
0.5586337 0.1734745 -0.9387529
0.5293893 0.3416781 -0.7652784
0.4995 0.4995 -0.4995
0.4690021 0.6421448 -0.1734745
0.4379328 0.7652784 0.1734745
0.4063299 0.8651594 0.4995
0.374232 0.9387529 0.7652784
0.3416781 0.9838229 0.9387529
0.308708 0.999 0.999
0.2753617 0.9838229 0.9387529
0.24168 0.9387529 0.7652784
0.2077038 0.8651594 0.4995
0.1734745 0.7652784 0.1734745
0.1390339 0.6421448 -0.1734745
0.1044239 0.4995 -0.4995
0.06968672 0.3416781 -0.7652784
0.0348646 0.1734745 -0.9387529
-2.448117E-15 8.809703E-15 -0.999
-0.0348646 -0.1734745 -0.9387529
-0.06968672 -0.3416781 -0.7652784
-0.1044239 -0.4995 -0.4995
-0.1390339 -0.6421448 -0.1734745
-0.1734745 -0.7652784 0.1734745
-0.2077038 -0.8651594 0.4995
-0.24168 -0.9387529 0.7652784
-0.2753617 -0.9838229 0.9387529
-0.308708 -0.999 0.999
-0.3416781 -0.9838229 0.9387529
-0.374232 -0.9387529 0.7652784
-0.4063299 -0.8651594 0.4995
-0.4379328 -0.7652784 0.1734745
-0.4690021 -0.6421448 -0.1734745
-0.4995 -0.4995 -0.4995
-0.5293893 -0.3416781 -0.7652784
-0.5586337 -0.1734745 -0.9387529
-0.5871975 -1.957952E-14 -0.999
-0.6150458 0.1734745 -0.9387529
-0.6421448 0.3416781 -0.7652784
-0.6684615 0.4995 -0.4995
-0.6939637 0.6421448 -0.1734745
-0.7186205 0.7652784 0.1734745
-0.7424017 0.8651594 0.4995
-0.7652784 0.9387529 0.7652784
-0.7872227 0.9838229 0.9387529
-0.808208 0.999 0.999
-0.8282085 0.9838229 0.9387529
-0.8472 0.9387529 0.7652784
-0.8651594 0.8651594 0.4995
-0.8820646 0.7652784 0.1734745
-0.8978953 0.6421448 -0.1734745
-0.9126319 0.4995 -0.4995
-0.9262567 0.3416781 -0.7652784
-0.9387529 0.1734745 -0.9387529
-0.9501055 1.956057E-15 -0.999
-0.9603004 -0.1734745 -0.9387529
-0.9693254 -0.3416781 -0.7652784
-0.9771695 -0.4995 -0.4995
-0.9838229 -0.6421448 -0.1734745
-0.9892778 -0.7652784 0.1734745
-0.9935274 -0.8651594 0.4995
-0.9965665 -0.9387529 0.7652784
-0.9983914 -0.9838229 0.9387529
-0.999 -0.999 0.999
-0.9983914 -0.9838229 0.9387529
-0.9965665 -0.9387529 0.7652784
-0.9935274 -0.8651594 0.4995
-0.9892778 -0.7652784 0.1734745
-0.9838229 -0.6421448 -0.1734745
-0.9771695 -0.4995 -0.4995
-0.9693254 -0.3416781 -0.7652784
-0.9603004 -0.1734745 -0.9387529
-0.9501055 -1.272588E-14 -0.999
-0.9387529 0.1734745 -0.9387529
-0.9262567 0.3416781 -0.7652784
-0.9126319 0.4995 -0.4995
-0.8978953 0.6421448 -0.1734745
-0.8820646 0.7652784 0.1734745
-0.8651594 0.8651594 0.4995
-0.8472 0.9387529 0.7652784
-0.8282085 0.9838229 0.9387529
-0.808208 0.999 0.999
-0.7872227 0.9838229 0.9387529
-0.7652784 0.9387529 0.7652784
-0.7424017 0.8651594 0.4995
-0.7186205 0.7652784 0.1734745
-0.6939637 0.6421448 -0.1734745
-0.6684615 0.4995 -0.4995
-0.6421448 0.3416781 -0.7652784
-0.6150458 0.1734745 -0.9387529
-0.5871975 2.34957E-14 -0.999
-0.5586337 -0.1734745 -0.9387529
-0.5293893 -0.3416781 -0.7652784
-0.4995 -0.4995 -0.4995
-0.4690021 -0.6421448 -0.1734745
-0.4379328 -0.7652784 0.1734745
-0.4063299 -0.8651594 0.4995
-0.374232 -0.9387529 0.7652784
-0.3416781 -0.9838229 0.9387529
-0.308708 -0.999 0.999
-0.2753617 -0.9838229 0.9387529
-0.24168 -0.9387529 0.7652784
-0.2077038 -0.8651594 0.4995
-0.1734745 -0.7652784 0.1734745
-0.1390339 -0.6421448 -0.1734745
-0.1044239 -0.4995 -0.4995
-0.06968672 -0.3416781 -0.7652784
-0.0348646 -0.1734745 -0.9387529
-1.223382E-15 -5.872233E-15 -0.999
0.0348646 0.1734745 -0.9387529
0.06968672 0.3416781 -0.7652784
0.1044239 0.4995 -0.4995
0.1390339 0.6421448 -0.1734745
0.1734745 0.7652784 0.1734745
0.2077038 0.8651594 0.4995
0.24168 0.9387529 0.7652784
0.2753617 0.9838229 0.9387529
0.308708 0.999 0.999
0.3416781 0.9838229 0.9387529
0.374232 0.9387529 0.7652784
0.4063299 0.8651594 0.4995
0.4379328 0.7652784 0.1734745
0.4690021 0.6421448 -0.1734745
0.4995 0.4995 -0.4995
0.5293893 0.3416781 -0.7652784
0.5586337 0.1734745 -0.9387529
0.5871975 1.664205E-14 -0.999
0.6150458 -0.1734745 -0.9387529
0.6421448 -0.3416781 -0.7652784
0.6684615 -0.4995 -0.4995
0.6939637 -0.6421448 -0.1734745
0.7186205 -0.7652784 0.1734745
0.7424017 -0.8651594 0.4995
0.7652784 -0.9387529 0.7652784
0.7872227 -0.9838229 0.9387529
0.808208 -0.999 0.999
0.8282085 -0.9838229 0.9387529
0.8472 -0.9387529 0.7652784
0.8651594 -0.8651594 0.4995
0.8820646 -0.7652784 0.1734745
0.8978953 -0.6421448 -0.1734745
0.9126319 -0.4995 -0.4995
0.9262567 -0.3416781 -0.7652784
0.9387529 -0.1734745 -0.9387529
0.9501055 -2.741188E-14 -0.999
0.9603004 0.1734745 -0.9387529
0.9693254 0.3416781 -0.7652784
0.9771695 0.4995 -0.4995
0.9838229 0.6421448 -0.1734745
0.9892778 0.7652784 0.1734745
0.9935274 0.8651594 0.4995
0.9965665 0.9387529 0.7652784
0.9983914 0.9838229 0.9387529
0.999 0.999 0.999
0.9983914 0.9838229 0.9387529
0.9965665 0.9387529 0.7652784
0.9935274 0.8651594 0.4995
0.9892778 0.7652784 0.1734745
0.9838229 0.6421448 -0.1734745
0.9771695 0.4995 -0.4995
0.9693254 0.3416781 -0.7652784
0.9603004 0.1734745 -0.9387529
0.9501055 9.788408E-15 -0.999
0.9387529 -0.1734745 -0.9387529
0.9262567 -0.3416781 -0.7652784
0.9126319 -0.4995 -0.4995
0.8978953 -0.6421448 -0.1734745
0.8820646 -0.7652784 0.1734745
0.8651594 -0.8651594 0.4995
0.8472 -0.9387529 0.7652784
0.8282085 -0.9838229 0.9387529
0.808208 -0.999 0.999
0.7872227 -0.9838229 0.9387529
0.7652784 -0.9387529 0.7652784
0.7424017 -0.8651594 0.4995
0.7186205 -0.7652784 0.1734745
0.6939637 -0.6421448 -0.1734745
0.6684615 -0.4995 -0.4995
0.6421448 -0.3416781 -0.7652784
0.6150458 -0.1734745 -0.9387529
0.5871975 -2.055823E-14 -0.999
0.5586337 0.1734745 -0.9387529
0.5293893 0.3416781 -0.7652784
0.4995 0.4995 -0.4995
0.4690021 0.6421448 -0.1734745
0.4379328 0.7652784 0.1734745
0.4063299 0.8651594 0.4995
0.374232 0.9387529 0.7652784
0.3416781 0.9838229 0.9387529
0.308708 0.999 0.999
0.2753617 0.9838229 0.9387529
0.24168 0.9387529 0.7652784
0.2077038 0.8651594 0.4995
0.1734745 0.7652784 0.1734745
0.1390339 0.6421448 -0.1734745
0.1044239 0.4995 -0.4995
0.06968672 0.3416781 -0.7652784
0.0348646 0.1734745 -0.9387529
-2.203441E-15 2.934762E-15 -0.999
-0.0348646 -0.1734745 -0.9387529
-0.06968672 -0.3416781 -0.7652784
-0.1044239 -0.4995 -0.4995
-0.1390339 -0.6421448 -0.1734745
-0.1734745 -0.7652784 0.1734745
-0.2077038 -0.8651594 0.4995
-0.24168 -0.9387529 0.7652784
-0.2753617 -0.9838229 0.9387529
-0.308708 -0.999 0.999
-0.3416781 -0.9838229 0.9387529
-0.374232 -0.9387529 0.7652784
-0.4063299 -0.8651594 0.4995
-0.4379328 -0.7652784 0.1734745
-0.4690021 -0.6421448 -0.1734745
-0.4995 -0.4995 -0.4995
-0.5293893 -0.3416781 -0.7652784
-0.5586337 -0.1734745 -0.9387529
-0.5871975 -1.370458E-14 -0.999
-0.6150458 0.1734745 -0.9387529
-0.6421448 0.3416781 -0.7652784
-0.6684615 0.4995 -0.4995
-0.6939637 0.6421448 -0.1734745
-0.7186205 0.7652784 0.1734745
-0.7424017 0.8651594 0.4995
-0.7652784 0.9387529 0.7652784
-0.7872227 0.9838229 0.9387529
-0.808208 0.999 0.999
-0.8282085 0.9838229 0.9387529
-0.8472 0.9387529 0.7652784
-0.8651594 0.8651594 0.4995
-0.8820646 0.7652784 0.1734745
-0.8978953 0.6421448 -0.1734745
-0.9126319 0.4995 -0.4995
-0.9262567 0.3416781 -0.7652784
-0.9387529 0.1734745 -0.9387529
-0.9501055 2.44744E-14 -0.999
-0.9603004 -0.1734745 -0.9387529
-0.9693254 -0.3416781 -0.7652784
-0.9771695 -0.4995 -0.4995
-0.9838229 -0.6421448 -0.1734745
-0.9892778 -0.7652784 0.1734745
-0.9935274 -0.8651594 0.4995
-0.9965665 -0.9387529 0.7652784
-0.9983914 -0.9838229 0.9387529
-0.999 -0.999 0.999
-0.9983914 -0.9838229 0.9387529
-0.9965665 -0.9387529 0.7652784
-0.9935274 -0.8651594 0.4995
-0.9892778 -0.7652784 0.1734745
-0.9838229 -0.6421448 -0.1734745
-0.9771695 -0.4995 -0.4995
-0.9693254 -0.3416781 -0.7652784
-0.9603004 -0.1734745 -0.9387529
-0.9501055 -6.850938E-15 -0.999
