# channels number
4
# samples number
1000
# sampling rate
0.99
# start date
01-01-0001
# start time
00:00:00.000
# channels names
Model_4_1;Model_4_2;Model_4_3;Model_14_1
0.8207472 0.8207472 0.8207472 1.65863
0.9492316 0.9701254 0.9836361 2.717414
0.9898492 0.9718109 0.9242446 2.667221
0.9388404 0.825547 0.6559938 1.525298
0.8009268 0.553601 0.2395027 0.3185821
0.5888746 0.1973743 -0.2311109 -0.08058517
0.3223125 -0.1889009 -0.6494985 0.1186344
0.02591518 -0.5464176 -0.9211134 0.0391303
-0.272881 -0.8207472 -0.9845767 -0.661536
-0.5464176 -0.9701254 -0.825547 -1.312851
-0.7693745 -0.9718109 -0.4799615 -1.076582
-0.9211134 -0.825547 -0.02591518 -0.05911944
-0.9875884 -0.553601 0.4339874 0.7118217
-0.9626462 -0.1973743 0.7958183 0.4536203
-0.8485956 0.1889009 0.9778115 -0.470231
-0.6559938 0.5464176 0.9388404 -1.009572
-0.4026693 0.8207472 0.6877118 -0.681845
-0.1120712 0.9701254 0.2811752 -0.09171073
0.1889009 0.9718109 -0.1889009 -0.104033
0.4723872 0.825547 -0.6162895 -0.7210177
0.7121464 0.553601 -0.90441 -1.069677
0.885985 0.1973743 -0.9881535 -0.5183972
0.9778115 -0.1889009 -0.8485956 0.4702309
0.9791257 -0.5464176 -0.5172736 0.830242
0.8898061 -0.8207472 -0.06905891 0.1513024
0.7181206 -0.9701254 0.3947616 -0.8250521
0.4799615 -0.9718109 0.7693745 -1.076582
0.1973743 -0.825547 0.9701254 -0.4742218
-0.1034832 -0.553601 0.9516491 0.1635554
-0.3947616 -0.1973743 0.7181206 0.1678588
-0.6494985 0.1889009 0.3223125 -0.1186344
-0.8441138 0.5464176 -0.1463313 0.202481
-0.9605927 0.8207472 -0.5819074 1.376334
-0.9881535 0.9701254 -0.885985 2.548003
-0.9242446 0.9718109 -0.9898492 2.667221
-0.7747821 0.825547 -0.8700289 1.669461
-0.553601 0.553601 -0.553601 0.5089931
-0.2811752 0.1973743 -0.1120712 0.01865876
0.01727788 -0.1889009 0.3547843 -0.003473843
0.3141316 -0.5464176 0.7414662 -0.3818114
0.5819074 -0.8207472 0.9605927 -1.376334
0.7958183 -0.9701254 0.9626462 -2.229614
0.9360634 -0.9718109 0.7471625 -2.039029
0.9896607 -0.825547 0.3628362 -0.8893239
0.9516491 -0.553601 -0.1034832 0.1635554
0.825547 -0.1973743 -0.5464176 0.2671027
0.6230272 0.1889009 -0.8658735 -0.305715
0.3628362 0.5464176 -0.9896607 -0.5886306
0.06905891 0.8207472 -0.8898061 -0.1513024
-0.2311109 0.9701254 -0.5888746 0.3960886
-0.5098877 0.9718109 -0.1548701 0.2302211
-0.7414662 0.825547 0.3141316 -0.5768542
-0.90441 0.553601 0.7121464 -1.069677
-0.9836361 0.1973743 0.9492316 -0.5528643
-0.9718109 -0.1889009 0.9718109 0.5352033
-0.8700289 -0.5464176 0.7747821 1.104992
-0.6877118 -0.8207472 0.4026693 0.681845
-0.4417358 -0.9701254 -0.06043806 -0.07770022
-0.1548701 -0.9718109 -0.5098877 -0.2302211
0.1463313 -0.825547 -0.8441138 0.3059154
0.4339874 -0.553601 -0.9875884 0.7118217
0.681471 -0.1973743 -0.9078895 0.3663467
0.8658735 0.1889009 -0.6230272 -0.305715
0.9701254 0.5464176 -0.1973743 -0.3138805
0.9845767 0.8207472 0.272881 0.661536
0.9078895 0.9701254 0.681471 1.800651
0.7471625 0.9718109 0.9360634 2.039029
0.5172736 0.825547 0.9791257 1.254359
0.2395027 0.553601 0.8009268 0.3185821
-0.06043806 0.1973743 0.4417358 -0.01580829
-0.3547843 -0.1889009 -0.01727788 -0.003473843
-0.6162895 -0.5464176 -0.4723872 -0.4772312
-0.8207472 -0.8207472 -0.8207472 -1.65863
-0.9492316 -0.9701254 -0.9836361 -2.717414
-0.9898492 -0.9718109 -0.9242446 -2.667221
-0.9388404 -0.825547 -0.6559938 -1.525298
-0.8009268 -0.553601 -0.2395027 -0.3185821
-0.5888746 -0.1973743 0.2311109 0.08058517
-0.3223125 0.1889009 0.6494985 -0.1186344
-0.02591518 0.5464176 0.9211134 -0.0391303
0.272881 0.8207472 0.9845767 0.661536
0.5464176 0.9701254 0.825547 1.312851
0.7693745 0.9718109 0.4799615 1.076582
0.9211134 0.825547 0.02591518 0.05911944
0.9875884 0.553601 -0.4339874 -0.7118217
0.9626462 0.1973743 -0.7958183 -0.4536203
0.8485956 -0.1889009 -0.9778115 0.470231
0.6559938 -0.5464176 -0.9388404 1.009572
0.4026693 -0.8207472 -0.6877118 0.681845
0.1120712 -0.9701254 -0.2811752 0.09171073
-0.1889009 -0.9718109 0.1889009 0.104033
-0.4723872 -0.825547 0.6162895 0.7210177
-0.7121464 -0.553601 0.90441 1.069677
-0.885985 -0.1973743 0.9881535 0.5183972
-0.9778115 0.1889009 0.8485956 -0.4702309
-0.9791257 0.5464176 0.5172736 -0.830242
-0.8898061 0.8207472 0.06905891 -0.1513024
-0.7181206 0.9701254 -0.3947616 0.8250521
-0.4799615 0.9718109 -0.7693745 1.076582
-0.1973743 0.825547 -0.9701254 0.4742218
0.1034832 0.553601 -0.9516491 -0.1635554
0.3947616 0.1973743 -0.7181206 -0.1678588
0.6494985 -0.1889009 -0.3223125 0.1186344
0.8441138 -0.5464176 0.1463313 -0.202481
0.9605927 -0.8207472 0.5819074 -1.376334
0.9881535 -0.9701254 0.885985 -2.548003
0.9242446 -0.9718109 0.9898492 -2.667221
0.7747821 -0.825547 0.8700289 -1.669461
0.553601 -0.553601 0.553601 -0.5089931
0.2811752 -0.1973743 0.1120712 -0.01865876
-0.01727788 0.1889009 -0.3547843 0.003473843
-0.3141316 0.5464176 -0.7414662 0.3818114
-0.5819074 0.8207472 -0.9605927 1.376334
-0.7958183 0.9701254 -0.9626462 2.229614
-0.9360634 0.9718109 -0.7471625 2.039029
-0.9896607 0.825547 -0.3628362 0.8893239
-0.9516491 0.553601 0.1034832 -0.1635554
-0.825547 0.1973743 0.5464176 -0.2671027
-0.6230272 -0.1889009 0.8658735 0.305715
-0.3628362 -0.5464176 0.9896607 0.5886306
-0.06905891 -0.8207472 0.8898061 0.1513024
0.2311109 -0.9701254 0.5888746 -0.3960886
0.5098877 -0.9718109 0.1548701 -0.2302211
0.7414662 -0.825547 -0.3141316 0.5768542
0.90441 -0.553601 -0.7121464 1.069677
0.9836361 -0.1973743 -0.9492316 0.5528643
0.9718109 0.1889009 -0.9718109 -0.5352033
0.8700289 0.5464176 -0.7747821 -1.104992
0.6877118 0.8207472 -0.4026693 -0.681845
0.4417358 0.9701254 0.06043806 0.07770022
0.1548701 0.9718109 0.5098877 0.2302211
-0.1463313 0.825547 0.8441138 -0.3059154
-0.4339874 0.553601 0.9875884 -0.7118217
-0.681471 0.1973743 0.9078895 -0.3663467
-0.8658735 -0.1889009 0.6230272 0.305715
-0.9701254 -0.5464176 0.1973743 0.3138805
-0.9845767 -0.8207472 -0.272881 -0.661536
-0.9078895 -0.9701254 -0.681471 -1.800651
-0.7471625 -0.9718109 -0.9360634 -2.039029
-0.5172736 -0.825547 -0.9791257 -1.254359
-0.2395027 -0.553601 -0.8009268 -0.3185821
0.06043806 -0.1973743 -0.4417358 0.01580829
0.3547843 0.1889009 0.01727788 0.003473843
0.6162895 0.5464176 0.4723872 0.4772312
0.8207472 0.8207472 0.8207472 1.65863
0.9492316 0.9701254 0.9836361 2.717414
0.9898492 0.9718109 0.9242446 2.667221
0.9388404 0.825547 0.6559938 1.525298
0.8009268 0.553601 0.2395027 0.3185821
0.5888746 0.1973743 -0.2311109 -0.08058517
0.3223125 -0.1889009 -0.6494985 0.1186344
0.02591518 -0.5464176 -0.9211134 0.0391303
-0.272881 -0.8207472 -0.9845767 -0.661536
-0.5464176 -0.9701254 -0.825547 -1.312851
-0.7693745 -0.9718109 -0.4799615 -1.076582
-0.9211134 -0.825547 -0.02591518 -0.05911944
-0.9875884 -0.553601 0.4339874 0.7118217
-0.9626462 -0.1973743 0.7958183 0.4536203
-0.8485956 0.1889009 0.9778115 -0.470231
-0.6559938 0.5464176 0.9388404 -1.009572
-0.4026693 0.8207472 0.6877118 -0.681845
-0.1120712 0.9701254 0.2811752 -0.09171073
0.1889009 0.9718109 -0.1889009 -0.104033
0.4723872 0.825547 -0.6162895 -0.7210177
0.7121464 0.553601 -0.90441 -1.069677
0.885985 0.1973743 -0.9881535 -0.5183972
0.9778115 -0.1889009 -0.8485956 0.4702309
0.9791257 -0.5464176 -0.5172736 0.830242
0.8898061 -0.8207472 -0.06905891 0.1513024
0.7181206 -0.9701254 0.3947616 -0.8250521
0.4799615 -0.9718109 0.7693745 -1.076582
0.1973743 -0.825547 0.9701254 -0.4742218
-0.1034832 -0.553601 0.9516491 0.1635554
-0.3947616 -0.1973743 0.7181206 0.1678588
-0.6494985 0.1889009 0.3223125 -0.1186344
-0.8441138 0.5464176 -0.1463313 0.202481
-0.9605927 0.8207472 -0.5819074 1.376334
-0.9881535 0.9701254 -0.885985 2.548003
-0.9242446 0.9718109 -0.9898492 2.667221
-0.7747821 0.825547 -0.8700289 1.669461
-0.553601 0.553601 -0.553601 0.5089931
-0.2811752 0.1973743 -0.1120712 0.01865876
0.01727788 -0.1889009 0.3547843 -0.003473843
0.3141316 -0.5464176 0.7414662 -0.3818114
0.5819074 -0.8207472 0.9605927 -1.376334
0.7958183 -0.9701254 0.9626462 -2.229614
0.9360634 -0.9718109 0.7471625 -2.039029
0.9896607 -0.825547 0.3628362 -0.8893239
0.9516491 -0.553601 -0.1034832 0.1635554
0.825547 -0.1973743 -0.5464176 0.2671027
0.6230272 0.1889009 -0.8658735 -0.305715
0.3628362 0.5464176 -0.9896607 -0.5886306
0.06905891 0.8207472 -0.8898061 -0.1513024
-0.2311109 0.9701254 -0.5888746 0.3960886
-0.5098877 0.9718109 -0.1548701 0.2302211
-0.7414662 0.825547 0.3141316 -0.5768542
-0.90441 0.553601 0.7121464 -1.069677
-0.9836361 0.1973743 0.9492316 -0.5528643
-0.9718109 -0.1889009 0.9718109 0.5352033
-0.8700289 -0.5464176 0.7747821 1.104992
-0.6877118 -0.8207472 0.4026693 0.681845
-0.4417358 -0.9701254 -0.06043806 -0.07770022
-0.1548701 -0.9718109 -0.5098877 -0.2302211
0.1463313 -0.825547 -0.8441138 0.3059154
0.4339874 -0.553601 -0.9875884 0.7118217
0.681471 -0.1973743 -0.9078895 0.3663467
0.8658735 0.1889009 -0.6230272 -0.305715
0.9701254 0.5464176 -0.1973743 -0.3138805
0.9845767 0.8207472 0.272881 0.661536
0.9078895 0.9701254 0.681471 1.800651
0.7471625 0.9718109 0.9360634 2.039029
0.5172736 0.825547 0.9791257 1.254359
0.2395027 0.553601 0.8009268 0.3185821
-0.06043806 0.1973743 0.4417358 -0.01580829
-0.3547843 -0.1889009 -0.01727788 -0.003473843
-0.6162895 -0.5464176 -0.4723872 -0.4772312
-0.8207472 -0.8207472 -0.8207472 -1.65863
-0.9492316 -0.9701254 -0.9836361 -2.717414
-0.9898492 -0.9718109 -0.9242446 -2.667221
-0.9388404 -0.825547 -0.6559938 -1.525298
-0.8009268 -0.553601 -0.2395027 -0.3185821
-0.5888746 -0.1973743 0.2311109 0.08058517
-0.3223125 0.1889009 0.6494985 -0.1186344
-0.02591518 0.5464176 0.9211134 -0.0391303
0.272881 0.8207472 0.9845767 0.661536
0.5464176 0.9701254 0.825547 1.312851
0.7693745 0.9718109 0.4799615 1.076582
0.9211134 0.825547 0.02591518 0.05911944
0.9875884 0.553601 -0.4339874 -0.7118217
0.9626462 0.1973743 -0.7958183 -0.4536203
0.8485956 -0.1889009 -0.9778115 0.470231
0.6559938 -0.5464176 -0.9388404 1.009572
0.4026693 -0.8207472 -0.6877118 0.681845
0.1120712 -0.9701254 -0.2811752 0.09171073
-0.1889009 -0.9718109 0.1889009 0.104033
-0.4723872 -0.825547 0.6162895 0.7210177
-0.7121464 -0.553601 0.90441 1.069677
-0.885985 -0.1973743 0.9881535 0.5183972
-0.9778115 0.1889009 0.8485956 -0.4702309
-0.9791257 0.5464176 0.5172736 -0.830242
-0.8898061 0.8207472 0.06905891 -0.1513024
-0.7181206 0.9701254 -0.3947616 0.8250521
-0.4799615 0.9718109 -0.7693745 1.076582
-0.1973743 0.825547 -0.9701254 0.4742218
0.1034832 0.553601 -0.9516491 -0.1635554
0.3947616 0.1973743 -0.7181206 -0.1678588
0.6494985 -0.1889009 -0.3223125 0.1186344
0.8441138 -0.5464176 0.1463313 -0.202481
0.9605927 -0.8207472 0.5819074 -1.376334
0.9881535 -0.9701254 0.885985 -2.548003
0.9242446 -0.9718109 0.9898492 -2.667221
0.7747821 -0.825547 0.8700289 -1.669461
0.553601 -0.553601 0.553601 -0.5089931
0.2811752 -0.1973743 0.1120712 -0.01865876
-0.01727788 0.1889009 -0.3547843 0.003473843
-0.3141316 0.5464176 -0.7414662 0.3818114
-0.5819074 0.8207472 -0.9605927 1.376334
-0.7958183 0.9701254 -0.9626462 2.229614
-0.9360634 0.9718109 -0.7471625 2.039029
-0.9896607 0.825547 -0.3628362 0.8893239
-0.9516491 0.553601 0.1034832 -0.1635554
-0.825547 0.1973743 0.5464176 -0.2671027
-0.6230272 -0.1889009 0.8658735 0.305715
-0.3628362 -0.5464176 0.9896607 0.5886306
-0.06905891 -0.8207472 0.8898061 0.1513024
0.2311109 -0.9701254 0.5888746 -0.3960886
0.5098877 -0.9718109 0.1548701 -0.2302211
0.7414662 -0.825547 -0.3141316 0.5768542
0.90441 -0.553601 -0.7121464 1.069677
0.9836361 -0.1973743 -0.9492316 0.5528643
0.9718109 0.1889009 -0.9718109 -0.5352033
0.8700289 0.5464176 -0.7747821 -1.104992
0.6877118 0.8207472 -0.4026693 -0.681845
0.4417358 0.9701254 0.06043806 0.07770022
0.1548701 0.9718109 0.5098877 0.2302211
-0.1463313 0.825547 0.8441138 -0.3059154
-0.4339874 0.553601 0.9875884 -0.7118217
-0.681471 0.1973743 0.9078895 -0.3663467
-0.8658735 -0.1889009 0.6230272 0.305715
-0.9701254 -0.5464176 0.1973743 0.3138805
-0.9845767 -0.8207472 -0.272881 -0.661536
-0.9078895 -0.9701254 -0.681471 -1.800651
-0.7471625 -0.9718109 -0.9360634 -2.039029
-0.5172736 -0.825547 -0.9791257 -1.254359
-0.2395027 -0.553601 -0.8009268 -0.3185821
0.06043806 -0.1973743 -0.4417358 0.01580829
0.3547843 0.1889009 0.01727788 0.003473843
0.6162895 0.5464176 0.4723872 0.4772312
0.8207472 0.8207472 0.8207472 1.65863
0.9492316 0.9701254 0.9836361 2.717414
0.9898492 0.9718109 0.9242446 2.667221
0.9388404 0.825547 0.6559938 1.525298
0.8009268 0.553601 0.2395027 0.3185821
0.5888746 0.1973743 -0.2311109 -0.08058517
0.3223125 -0.1889009 -0.6494985 0.1186344
0.02591518 -0.5464176 -0.9211134 0.0391303
-0.272881 -0.8207472 -0.9845767 -0.661536
-0.5464176 -0.9701254 -0.825547 -1.312851
-0.7693745 -0.9718109 -0.4799615 -1.076582
-0.9211134 -0.825547 -0.02591518 -0.05911944
-0.9875884 -0.553601 0.4339874 0.7118217
-0.9626462 -0.1973743 0.7958183 0.4536203
-0.8485956 0.1889009 0.9778115 -0.470231
-0.6559938 0.5464176 0.9388404 -1.009572
-0.4026693 0.8207472 0.6877118 -0.681845
-0.1120712 0.9701254 0.2811752 -0.09171073
0.1889009 0.9718109 -0.1889009 -0.104033
0.4723872 0.825547 -0.6162895 -0.7210177
0.7121464 0.553601 -0.90441 -1.069677
0.885985 0.1973743 -0.9881535 -0.5183972
0.9778115 -0.1889009 -0.8485956 0.4702309
0.9791257 -0.5464176 -0.5172736 0.830242
0.8898061 -0.8207472 -0.06905891 0.1513024
0.7181206 -0.9701254 0.3947616 -0.8250521
0.4799615 -0.9718109 0.7693745 -1.076582
0.1973743 -0.825547 0.9701254 -0.4742218
-0.1034832 -0.553601 0.9516491 0.1635554
-0.3947616 -0.1973743 0.7181206 0.1678588
-0.6494985 0.1889009 0.3223125 -0.1186344
-0.8441138 0.5464176 -0.1463313 0.202481
-0.9605927 0.8207472 -0.5819074 1.376334
-0.9881535 0.9701254 -0.885985 2.548003
-0.9242446 0.9718109 -0.9898492 2.667221
-0.7747821 0.825547 -0.8700289 1.669461
-0.553601 0.553601 -0.553601 0.5089931
-0.2811752 0.1973743 -0.1120712 0.01865876
0.01727788 -0.1889009 0.3547843 -0.003473843
0.3141316 -0.5464176 0.7414662 -0.3818114
0.5819074 -0.8207472 0.9605927 -1.376334
0.7958183 -0.9701254 0.9626462 -2.229614
0.9360634 -0.9718109 0.7471625 -2.039029
0.9896607 -0.825547 0.3628362 -0.8893239
0.9516491 -0.553601 -0.1034832 0.1635554
0.825547 -0.1973743 -0.5464176 0.2671027
0.6230272 0.1889009 -0.8658735 -0.305715
0.3628362 0.5464176 -0.9896607 -0.5886306
0.06905891 0.8207472 -0.8898061 -0.1513024
-0.2311109 0.9701254 -0.5888746 0.3960886
-0.5098877 0.9718109 -0.1548701 0.2302211
-0.7414662 0.825547 0.3141316 -0.5768542
-0.90441 0.553601 0.7121464 -1.069677
-0.9836361 0.1973743 0.9492316 -0.5528643
-0.9718109 -0.1889009 0.9718109 0.5352033
-0.8700289 -0.5464176 0.7747821 1.104992
-0.6877118 -0.8207472 0.4026693 0.681845
-0.4417358 -0.9701254 -0.06043806 -0.07770022
-0.1548701 -0.9718109 -0.5098877 -0.2302211
0.1463313 -0.825547 -0.8441138 0.3059154
0.4339874 -0.553601 -0.9875884 0.7118217
0.681471 -0.1973743 -0.9078895 0.3663467
0.8658735 0.1889009 -0.6230272 -0.305715
0.9701254 0.5464176 -0.1973743 -0.3138805
0.9845767 0.8207472 0.272881 0.661536
0.9078895 0.9701254 0.681471 1.800651
0.7471625 0.9718109 0.9360634 2.039029
0.5172736 0.825547 0.9791257 1.254359
0.2395027 0.553601 0.8009268 0.3185821
-0.06043806 0.1973743 0.4417358 -0.01580829
-0.3547843 -0.1889009 -0.01727788 -0.003473843
-0.6162895 -0.5464176 -0.4723872 -0.4772312
-0.8207472 -0.8207472 -0.8207472 -1.65863
-0.9492316 -0.9701254 -0.9836361 -2.717414
-0.9898492 -0.9718109 -0.9242446 -2.667221
-0.9388404 -0.825547 -0.6559938 -1.525298
-0.8009268 -0.553601 -0.2395027 -0.3185821
-0.5888746 -0.1973743 0.2311109 0.08058517
-0.3223125 0.1889009 0.6494985 -0.1186344
-0.02591518 0.5464176 0.9211134 -0.0391303
0.272881 0.8207472 0.9845767 0.661536
0.5464176 0.9701254 0.825547 1.312851
0.7693745 0.9718109 0.4799615 1.076582
0.9211134 0.825547 0.02591518 0.05911944
0.9875884 0.553601 -0.4339874 -0.7118217
0.9626462 0.1973743 -0.7958183 -0.4536203
0.8485956 -0.1889009 -0.9778115 0.470231
0.6559938 -0.5464176 -0.9388404 1.009572
0.4026693 -0.8207472 -0.6877118 0.681845
0.1120712 -0.9701254 -0.2811752 0.09171073
-0.1889009 -0.9718109 0.1889009 0.104033
-0.4723872 -0.825547 0.6162895 0.7210177
-0.7121464 -0.553601 0.90441 1.069677
-0.885985 -0.1973743 0.9881535 0.5183972
-0.9778115 0.1889009 0.8485956 -0.4702309
-0.9791257 0.5464176 0.5172736 -0.830242
-0.8898061 0.8207472 0.06905891 -0.1513024
-0.7181206 0.9701254 -0.3947616 0.8250521
-0.4799615 0.9718109 -0.7693745 1.076582
-0.1973743 0.825547 -0.9701254 0.4742218
0.1034832 0.553601 -0.9516491 -0.1635554
0.3947616 0.1973743 -0.7181206 -0.1678588
0.6494985 -0.1889009 -0.3223125 0.1186344
0.8441138 -0.5464176 0.1463313 -0.202481
0.9605927 -0.8207472 0.5819074 -1.376334
0.9881535 -0.9701254 0.885985 -2.548003
0.9242446 -0.9718109 0.9898492 -2.667221
0.7747821 -0.825547 0.8700289 -1.669461
0.553601 -0.553601 0.553601 -0.5089931
0.2811752 -0.1973743 0.1120712 -0.01865876
-0.01727788 0.1889009 -0.3547843 0.003473843
-0.3141316 0.5464176 -0.7414662 0.3818114
-0.5819074 0.8207472 -0.9605927 1.376334
-0.7958183 0.9701254 -0.9626462 2.229614
-0.9360634 0.9718109 -0.7471625 2.039029
-0.9896607 0.825547 -0.3628362 0.8893239
-0.9516491 0.553601 0.1034832 -0.1635554
-0.825547 0.1973743 0.5464176 -0.2671027
-0.6230272 -0.1889009 0.8658735 0.305715
-0.3628362 -0.5464176 0.9896607 0.5886306
-0.06905891 -0.8207472 0.8898061 0.1513024
0.2311109 -0.9701254 0.5888746 -0.3960886
0.5098877 -0.9718109 0.1548701 -0.2302211
0.7414662 -0.825547 -0.3141316 0.5768542
0.90441 -0.553601 -0.7121464 1.069677
0.9836361 -0.1973743 -0.9492316 0.5528643
0.9718109 0.1889009 -0.9718109 -0.5352033
0.8700289 0.5464176 -0.7747821 -1.104992
0.6877118 0.8207472 -0.4026693 -0.681845
0.4417358 0.9701254 0.06043806 0.07770022
0.1548701 0.9718109 0.5098877 0.2302211
-0.1463313 0.825547 0.8441138 -0.3059154
-0.4339874 0.553601 0.9875884 -0.7118217
-0.681471 0.1973743 0.9078895 -0.3663467
-0.8658735 -0.1889009 0.6230272 0.305715
-0.9701254 -0.5464176 0.1973743 0.3138805
-0.9845767 -0.8207472 -0.272881 -0.661536
-0.9078895 -0.9701254 -0.681471 -1.800651
-0.7471625 -0.9718109 -0.9360634 -2.039029
-0.5172736 -0.825547 -0.9791257 -1.254359
-0.2395027 -0.553601 -0.8009268 -0.3185821
0.06043806 -0.1973743 -0.4417358 0.01580829
0.3547843 0.1889009 0.01727788 0.003473843
0.6162895 0.5464176 0.4723872 0.4772312
0.8207472 0.8207472 0.8207472 1.65863
0.9492316 0.9701254 0.9836361 2.717414
0.9898492 0.9718109 0.9242446 2.667221
0.9388404 0.825547 0.6559938 1.525298
0.8009268 0.553601 0.2395027 0.3185821
0.5888746 0.1973743 -0.2311109 -0.08058517
0.3223125 -0.1889009 -0.6494985 0.1186344
0.02591518 -0.5464176 -0.9211134 0.0391303
-0.272881 -0.8207472 -0.9845767 -0.661536
-0.5464176 -0.9701254 -0.825547 -1.312851
-0.7693745 -0.9718109 -0.4799615 -1.076582
-0.9211134 -0.825547 -0.02591518 -0.05911944
-0.9875884 -0.553601 0.4339874 0.7118217
-0.9626462 -0.1973743 0.7958183 0.4536203
-0.8485956 0.1889009 0.9778115 -0.470231
-0.6559938 0.5464176 0.9388404 -1.009572
-0.4026693 0.8207472 0.6877118 -0.681845
-0.1120712 0.9701254 0.2811752 -0.09171073
0.1889009 0.9718109 -0.1889009 -0.104033
0.4723872 0.825547 -0.6162895 -0.7210177
0.7121464 0.553601 -0.90441 -1.069677
0.885985 0.1973743 -0.9881535 -0.5183972
0.9778115 -0.1889009 -0.8485956 0.4702309
0.9791257 -0.5464176 -0.5172736 0.830242
0.8898061 -0.8207472 -0.06905891 0.1513024
0.7181206 -0.9701254 0.3947616 -0.8250521
0.4799615 -0.9718109 0.7693745 -1.076582
0.1973743 -0.825547 0.9701254 -0.4742218
-0.1034832 -0.553601 0.9516491 0.1635554
-0.3947616 -0.1973743 0.7181206 0.1678588
-0.6494985 0.1889009 0.3223125 -0.1186344
-0.8441138 0.5464176 -0.1463313 0.202481
-0.9605927 0.8207472 -0.5819074 1.376334
-0.9881535 0.9701254 -0.885985 2.548003
-0.9242446 0.9718109 -0.9898492 2.667221
-0.7747821 0.825547 -0.8700289 1.669461
-0.553601 0.553601 -0.553601 0.5089931
-0.2811752 0.1973743 -0.1120712 0.01865876
0.01727788 -0.1889009 0.3547843 -0.003473843
0.3141316 -0.5464176 0.7414662 -0.3818114
0.5819074 -0.8207472 0.9605927 -1.376334
0.7958183 -0.9701254 0.9626462 -2.229614
0.9360634 -0.9718109 0.7471625 -2.039029
0.9896607 -0.825547 0.3628362 -0.8893239
0.9516491 -0.553601 -0.1034832 0.1635554
0.825547 -0.1973743 -0.5464176 0.2671027
0.6230272 0.1889009 -0.8658735 -0.305715
0.3628362 0.5464176 -0.9896607 -0.5886306
0.06905891 0.8207472 -0.8898061 -0.1513024
-0.2311109 0.9701254 -0.5888746 0.3960886
-0.5098877 0.9718109 -0.1548701 0.2302211
-0.7414662 0.825547 0.3141316 -0.5768542
-0.90441 0.553601 0.7121464 -1.069677
-0.9836361 0.1973743 0.9492316 -0.5528643
-0.9718109 -0.1889009 0.9718109 0.5352033
-0.8700289 -0.5464176 0.7747821 1.104992
-0.6877118 -0.8207472 0.4026693 0.681845
-0.4417358 -0.9701254 -0.06043806 -0.07770022
-0.1548701 -0.9718109 -0.5098877 -0.2302211
0.1463313 -0.825547 -0.8441138 0.3059154
0.4339874 -0.553601 -0.9875884 0.7118217
0.681471 -0.1973743 -0.9078895 0.3663467
0.8658735 0.1889009 -0.6230272 -0.305715
0.9701254 0.5464176 -0.1973743 -0.3138805
0.9845767 0.8207472 0.272881 0.661536
0.9078895 0.9701254 0.681471 1.800651
0.7471625 0.9718109 0.9360634 2.039029
0.5172736 0.825547 0.9791257 1.254359
0.2395027 0.553601 0.8009268 0.3185821
-0.06043806 0.1973743 0.4417358 -0.01580829
-0.3547843 -0.1889009 -0.01727788 -0.003473843
-0.6162895 -0.5464176 -0.4723872 -0.4772312
-0.8207472 -0.8207472 -0.8207472 -1.65863
-0.9492316 -0.9701254 -0.9836361 -2.717414
-0.9898492 -0.9718109 -0.9242446 -2.667221
-0.9388404 -0.825547 -0.6559938 -1.525298
-0.8009268 -0.553601 -0.2395027 -0.3185821
-0.5888746 -0.1973743 0.2311109 0.08058517
-0.3223125 0.1889009 0.6494985 -0.1186344
-0.02591518 0.5464176 0.9211134 -0.0391303
0.272881 0.8207472 0.9845767 0.661536
0.5464176 0.9701254 0.825547 1.312851
0.7693745 0.9718109 0.4799615 1.076582
0.9211134 0.825547 0.02591518 0.05911944
0.9875884 0.553601 -0.4339874 -0.7118217
0.9626462 0.1973743 -0.7958183 -0.4536203
0.8485956 -0.1889009 -0.9778115 0.470231
0.6559938 -0.5464176 -0.9388404 1.009572
0.4026693 -0.8207472 -0.6877118 0.681845
0.1120712 -0.9701254 -0.2811752 0.09171073
-0.1889009 -0.9718109 0.1889009 0.104033
-0.4723872 -0.825547 0.6162895 0.7210177
-0.7121464 -0.553601 0.90441 1.069677
-0.885985 -0.1973743 0.9881535 0.5183972
-0.9778115 0.1889009 0.8485956 -0.4702309
-0.9791257 0.5464176 0.5172736 -0.830242
-0.8898061 0.8207472 0.06905891 -0.1513024
-0.7181206 0.9701254 -0.3947616 0.8250521
-0.4799615 0.9718109 -0.7693745 1.076582
-0.1973743 0.825547 -0.9701254 0.4742218
0.1034832 0.553601 -0.9516491 -0.1635554
0.3947616 0.1973743 -0.7181206 -0.1678588
0.6494985 -0.1889009 -0.3223125 0.1186344
0.8441138 -0.5464176 0.1463313 -0.202481
0.9605927 -0.8207472 0.5819074 -1.376334
0.9881535 -0.9701254 0.885985 -2.548003
0.9242446 -0.9718109 0.9898492 -2.667221
0.7747821 -0.825547 0.8700289 -1.669461
0.553601 -0.553601 0.553601 -0.5089931
0.2811752 -0.1973743 0.1120712 -0.01865876
-0.01727788 0.1889009 -0.3547843 0.003473843
-0.3141316 0.5464176 -0.7414662 0.3818114
-0.5819074 0.8207472 -0.9605927 1.376334
-0.7958183 0.9701254 -0.9626462 2.229614
-0.9360634 0.9718109 -0.7471625 2.039029
-0.9896607 0.825547 -0.3628362 0.8893239
-0.9516491 0.553601 0.1034832 -0.1635554
-0.825547 0.1973743 0.5464176 -0.2671027
-0.6230272 -0.1889009 0.8658735 0.305715
-0.3628362 -0.5464176 0.9896607 0.5886306
-0.06905891 -0.8207472 0.8898061 0.1513024
0.2311109 -0.9701254 0.5888746 -0.3960886
0.5098877 -0.9718109 0.1548701 -0.2302211
0.7414662 -0.825547 -0.3141316 0.5768542
0.90441 -0.553601 -0.7121464 1.069677
0.9836361 -0.1973743 -0.9492316 0.5528643
0.9718109 0.1889009 -0.9718109 -0.5352033
0.8700289 0.5464176 -0.7747821 -1.104992
0.6877118 0.8207472 -0.4026693 -0.681845
0.4417358 0.9701254 0.06043806 0.07770022
0.1548701 0.9718109 0.5098877 0.2302211
-0.1463313 0.825547 0.8441138 -0.3059154
-0.4339874 0.553601 0.9875884 -0.7118217
-0.681471 0.1973743 0.9078895 -0.3663467
-0.8658735 -0.1889009 0.6230272 0.305715
-0.9701254 -0.5464176 0.1973743 0.3138805
-0.9845767 -0.8207472 -0.272881 -0.661536
-0.9078895 -0.9701254 -0.681471 -1.800651
-0.7471625 -0.9718109 -0.9360634 -2.039029
-0.5172736 -0.825547 -0.9791257 -1.254359
-0.2395027 -0.553601 -0.8009268 -0.3185821
0.06043806 -0.1973743 -0.4417358 0.01580829
0.3547843 0.1889009 0.01727788 0.003473843
0.6162895 0.5464176 0.4723872 0.4772312
0.8207472 0.8207472 0.8207472 1.65863
0.9492316 0.9701254 0.9836361 2.717414
0.9898492 0.9718109 0.9242446 2.667221
0.9388404 0.825547 0.6559938 1.525298
0.8009268 0.553601 0.2395027 0.3185821
0.5888746 0.1973743 -0.2311109 -0.08058517
0.3223125 -0.1889009 -0.6494985 0.1186344
0.02591518 -0.5464176 -0.9211134 0.0391303
-0.272881 -0.8207472 -0.9845767 -0.661536
-0.5464176 -0.9701254 -0.825547 -1.312851
-0.7693745 -0.9718109 -0.4799615 -1.076582
-0.9211134 -0.825547 -0.02591518 -0.05911944
-0.9875884 -0.553601 0.4339874 0.7118217
-0.9626462 -0.1973743 0.7958183 0.4536203
-0.8485956 0.1889009 0.9778115 -0.470231
-0.6559938 0.5464176 0.9388404 -1.009572
-0.4026693 0.8207472 0.6877118 -0.681845
-0.1120712 0.9701254 0.2811752 -0.09171073
0.1889009 0.9718109 -0.1889009 -0.104033
0.4723872 0.825547 -0.6162895 -0.7210177
0.7121464 0.553601 -0.90441 -1.069677
0.885985 0.1973743 -0.9881535 -0.5183972
0.9778115 -0.1889009 -0.8485956 0.4702309
0.9791257 -0.5464176 -0.5172736 0.830242
0.8898061 -0.8207472 -0.06905891 0.1513024
0.7181206 -0.9701254 0.3947616 -0.8250521
0.4799615 -0.9718109 0.7693745 -1.076582
0.1973743 -0.825547 0.9701254 -0.4742218
-0.1034832 -0.553601 0.9516491 0.1635554
-0.3947616 -0.1973743 0.7181206 0.1678588
-0.6494985 0.1889009 0.3223125 -0.1186344
-0.8441138 0.5464176 -0.1463313 0.202481
-0.9605927 0.8207472 -0.5819074 1.376334
-0.9881535 0.9701254 -0.885985 2.548003
-0.9242446 0.9718109 -0.9898492 2.667221
-0.7747821 0.825547 -0.8700289 1.669461
-0.553601 0.553601 -0.553601 0.5089931
-0.2811752 0.1973743 -0.1120712 0.01865876
0.01727788 -0.1889009 0.3547843 -0.003473843
0.3141316 -0.5464176 0.7414662 -0.3818114
0.5819074 -0.8207472 0.9605927 -1.376334
0.7958183 -0.9701254 0.9626462 -2.229614
0.9360634 -0.9718109 0.7471625 -2.039029
0.9896607 -0.825547 0.3628362 -0.8893239
0.9516491 -0.553601 -0.1034832 0.1635554
0.825547 -0.1973743 -0.5464176 0.2671027
0.6230272 0.1889009 -0.8658735 -0.305715
0.3628362 0.5464176 -0.9896607 -0.5886306
0.06905891 0.8207472 -0.8898061 -0.1513024
-0.2311109 0.9701254 -0.5888746 0.3960886
-0.5098877 0.9718109 -0.1548701 0.2302211
-0.7414662 0.825547 0.3141316 -0.5768542
-0.90441 0.553601 0.7121464 -1.069677
-0.9836361 0.1973743 0.9492316 -0.5528643
-0.9718109 -0.1889009 0.9718109 0.5352033
-0.8700289 -0.5464176 0.7747821 1.104992
-0.6877118 -0.8207472 0.4026693 0.681845
-0.4417358 -0.9701254 -0.06043806 -0.07770022
-0.1548701 -0.9718109 -0.5098877 -0.2302211
0.1463313 -0.825547 -0.8441138 0.3059154
0.4339874 -0.553601 -0.9875884 0.7118217
0.681471 -0.1973743 -0.9078895 0.3663467
0.8658735 0.1889009 -0.6230272 -0.305715
0.9701254 0.5464176 -0.1973743 -0.3138805
0.9845767 0.8207472 0.272881 0.661536
0.9078895 0.9701254 0.681471 1.800651
0.7471625 0.9718109 0.9360634 2.039029
0.5172736 0.825547 0.9791257 1.254359
0.2395027 0.553601 0.8009268 0.3185821
-0.06043806 0.1973743 0.4417358 -0.01580829
-0.3547843 -0.1889009 -0.01727788 -0.003473843
-0.6162895 -0.5464176 -0.4723872 -0.4772312
-0.8207472 -0.8207472 -0.8207472 -1.65863
-0.9492316 -0.9701254 -0.9836361 -2.717414
-0.9898492 -0.9718109 -0.9242446 -2.667221
-0.9388404 -0.825547 -0.6559938 -1.525298
-0.8009268 -0.553601 -0.2395027 -0.3185821
-0.5888746 -0.1973743 0.2311109 0.08058517
-0.3223125 0.1889009 0.6494985 -0.1186344
-0.02591518 0.5464176 0.9211134 -0.0391303
0.272881 0.8207472 0.9845767 0.661536
0.5464176 0.9701254 0.825547 1.312851
0.7693745 0.9718109 0.4799615 1.076582
0.9211134 0.825547 0.02591518 0.05911944
0.9875884 0.553601 -0.4339874 -0.7118217
0.9626462 0.1973743 -0.7958183 -0.4536203
0.8485956 -0.1889009 -0.9778115 0.470231
0.6559938 -0.5464176 -0.9388404 1.009572
0.4026693 -0.8207472 -0.6877118 0.681845
0.1120712 -0.9701254 -0.2811752 0.09171073
-0.1889009 -0.9718109 0.1889009 0.104033
-0.4723872 -0.825547 0.6162895 0.7210177
-0.7121464 -0.553601 0.90441 1.069677
-0.885985 -0.1973743 0.9881535 0.5183972
-0.9778115 0.1889009 0.8485956 -0.4702309
-0.9791257 0.5464176 0.5172736 -0.830242
-0.8898061 0.8207472 0.06905891 -0.1513024
-0.7181206 0.9701254 -0.3947616 0.8250521
-0.4799615 0.9718109 -0.7693745 1.076582
-0.1973743 0.825547 -0.9701254 0.4742218
0.1034832 0.553601 -0.9516491 -0.1635554
0.3947616 0.1973743 -0.7181206 -0.1678588
0.6494985 -0.1889009 -0.3223125 0.1186344
0.8441138 -0.5464176 0.1463313 -0.202481
0.9605927 -0.8207472 0.5819074 -1.376334
0.9881535 -0.9701254 0.885985 -2.548003
0.9242446 -0.9718109 0.9898492 -2.667221
0.7747821 -0.825547 0.8700289 -1.669461
0.553601 -0.553601 0.553601 -0.5089931
0.2811752 -0.1973743 0.1120712 -0.01865876
-0.01727788 0.1889009 -0.3547843 0.003473843
-0.3141316 0.5464176 -0.7414662 0.3818114
-0.5819074 0.8207472 -0.9605927 1.376334
-0.7958183 0.9701254 -0.9626462 2.229614
-0.9360634 0.9718109 -0.7471625 2.039029
-0.9896607 0.825547 -0.3628362 0.8893239
-0.9516491 0.553601 0.1034832 -0.1635554
-0.825547 0.1973743 0.5464176 -0.2671027
-0.6230272 -0.1889009 0.8658735 0.305715
-0.3628362 -0.5464176 0.9896607 0.5886306
-0.06905891 -0.8207472 0.8898061 0.1513024
0.2311109 -0.9701254 0.5888746 -0.3960886
0.5098877 -0.9718109 0.1548701 -0.2302211
0.7414662 -0.825547 -0.3141316 0.5768542
0.90441 -0.553601 -0.7121464 1.069677
0.9836361 -0.1973743 -0.9492316 0.5528643
0.9718109 0.1889009 -0.9718109 -0.5352033
0.8700289 0.5464176 -0.7747821 -1.104992
0.6877118 0.8207472 -0.4026693 -0.681845
0.4417358 0.9701254 0.06043806 0.07770022
0.1548701 0.9718109 0.5098877 0.2302211
-0.1463313 0.825547 0.8441138 -0.3059154
-0.4339874 0.553601 0.9875884 -0.7118217
-0.681471 0.1973743 0.9078895 -0.3663467
-0.8658735 -0.1889009 0.6230272 0.305715
-0.9701254 -0.5464176 0.1973743 0.3138805
-0.9845767 -0.8207472 -0.272881 -0.661536
-0.9078895 -0.9701254 -0.681471 -1.800651
-0.7471625 -0.9718109 -0.9360634 -2.039029
-0.5172736 -0.825547 -0.9791257 -1.254359
-0.2395027 -0.553601 -0.8009268 -0.3185821
0.06043806 -0.1973743 -0.4417358 0.01580829
0.3547843 0.1889009 0.01727788 0.003473843
0.6162895 0.5464176 0.4723872 0.4772312
0.8207472 0.8207472 0.8207472 1.65863
0.9492316 0.9701254 0.9836361 2.717414
0.9898492 0.9718109 0.9242446 2.667221
0.9388404 0.825547 0.6559938 1.525298
0.8009268 0.553601 0.2395027 0.3185821
0.5888746 0.1973743 -0.2311109 -0.08058517
0.3223125 -0.1889009 -0.6494985 0.1186344
0.02591518 -0.5464176 -0.9211134 0.0391303
-0.272881 -0.8207472 -0.9845767 -0.661536
-0.5464176 -0.9701254 -0.825547 -1.312851
-0.7693745 -0.9718109 -0.4799615 -1.076582
-0.9211134 -0.825547 -0.02591518 -0.05911944
-0.9875884 -0.553601 0.4339874 0.7118217
-0.9626462 -0.1973743 0.7958183 0.4536203
-0.8485956 0.1889009 0.9778115 -0.470231
-0.6559938 0.5464176 0.9388404 -1.009572
-0.4026693 0.8207472 0.6877118 -0.681845
-0.1120712 0.9701254 0.2811752 -0.09171073
0.1889009 0.9718109 -0.1889009 -0.104033
0.4723872 0.825547 -0.6162895 -0.7210177
0.7121464 0.553601 -0.90441 -1.069677
0.885985 0.1973743 -0.9881535 -0.5183972
0.9778115 -0.1889009 -0.8485956 0.4702309
0.9791257 -0.5464176 -0.5172736 0.830242
0.8898061 -0.8207472 -0.06905891 0.1513024
0.7181206 -0.9701254 0.3947616 -0.8250521
0.4799615 -0.9718109 0.7693745 -1.076582
0.1973743 -0.825547 0.9701254 -0.4742218
-0.1034832 -0.553601 0.9516491 0.1635554
-0.3947616 -0.1973743 0.7181206 0.1678588
-0.6494985 0.1889009 0.3223125 -0.1186344
-0.8441138 0.5464176 -0.1463313 0.202481
-0.9605927 0.8207472 -0.5819074 1.376334
-0.9881535 0.9701254 -0.885985 2.548003
-0.9242446 0.9718109 -0.9898492 2.667221
-0.7747821 0.825547 -0.8700289 1.669461
-0.553601 0.553601 -0.553601 0.5089931
-0.2811752 0.1973743 -0.1120712 0.01865876
0.01727788 -0.1889009 0.3547843 -0.003473843
0.3141316 -0.5464176 0.7414662 -0.3818114
0.5819074 -0.8207472 0.9605927 -1.376334
0.7958183 -0.9701254 0.9626462 -2.229614
0.9360634 -0.9718109 0.7471625 -2.039029
0.9896607 -0.825547 0.3628362 -0.8893239
0.9516491 -0.553601 -0.1034832 0.1635554
0.825547 -0.1973743 -0.5464176 0.2671027
0.6230272 0.1889009 -0.8658735 -0.305715
0.3628362 0.5464176 -0.9896607 -0.5886306
0.06905891 0.8207472 -0.8898061 -0.1513024
-0.2311109 0.9701254 -0.5888746 0.3960886
-0.5098877 0.9718109 -0.1548701 0.2302211
-0.7414662 0.825547 0.3141316 -0.5768542
-0.90441 0.553601 0.7121464 -1.069677
-0.9836361 0.1973743 0.9492316 -0.5528643
-0.9718109 -0.1889009 0.9718109 0.5352033
-0.8700289 -0.5464176 0.7747821 1.104992
-0.6877118 -0.8207472 0.4026693 0.681845
-0.4417358 -0.9701254 -0.06043806 -0.07770022
-0.1548701 -0.9718109 -0.5098877 -0.2302211
0.1463313 -0.825547 -0.8441138 0.3059154
0.4339874 -0.553601 -0.9875884 0.7118217
0.681471 -0.1973743 -0.9078895 0.3663467
0.8658735 0.1889009 -0.6230272 -0.305715
0.9701254 0.5464176 -0.1973743 -0.3138805
0.9845767 0.8207472 0.272881 0.661536
0.9078895 0.9701254 0.681471 1.800651
0.7471625 0.9718109 0.9360634 2.039029
0.5172736 0.825547 0.9791257 1.254359
0.2395027 0.553601 0.8009268 0.3185821
-0.06043806 0.1973743 0.4417358 -0.01580829
-0.3547843 -0.1889009 -0.01727788 -0.003473843
-0.6162895 -0.5464176 -0.4723872 -0.4772312
-0.8207472 -0.8207472 -0.8207472 -1.65863
-0.9492316 -0.9701254 -0.9836361 -2.717414
-0.9898492 -0.9718109 -0.9242446 -2.667221
-0.9388404 -0.825547 -0.6559938 -1.525298
-0.8009268 -0.553601 -0.2395027 -0.3185821
-0.5888746 -0.1973743 0.2311109 0.08058517
-0.3223125 0.1889009 0.6494985 -0.1186344
-0.02591518 0.5464176 0.9211134 -0.0391303
0.272881 0.8207472 0.9845767 0.661536
0.5464176 0.9701254 0.825547 1.312851
0.7693745 0.9718109 0.4799615 1.076582
0.9211134 0.825547 0.02591518 0.05911944
0.9875884 0.553601 -0.4339874 -0.7118217
0.9626462 0.1973743 -0.7958183 -0.4536203
0.8485956 -0.1889009 -0.9778115 0.470231
0.6559938 -0.5464176 -0.9388404 1.009572
0.4026693 -0.8207472 -0.6877118 0.681845
0.1120712 -0.9701254 -0.2811752 0.09171073
-0.1889009 -0.9718109 0.1889009 0.104033
-0.4723872 -0.825547 0.6162895 0.7210177
-0.7121464 -0.553601 0.90441 1.069677
-0.885985 -0.1973743 0.9881535 0.5183972
-0.9778115 0.1889009 0.8485956 -0.4702309
-0.9791257 0.5464176 0.5172736 -0.830242
-0.8898061 0.8207472 0.06905891 -0.1513024
-0.7181206 0.9701254 -0.3947616 0.8250521
-0.4799615 0.9718109 -0.7693745 1.076582
-0.1973743 0.825547 -0.9701254 0.4742218
0.1034832 0.553601 -0.9516491 -0.1635554
0.3947616 0.1973743 -0.7181206 -0.1678588
0.6494985 -0.1889009 -0.3223125 0.1186344
0.8441138 -0.5464176 0.1463313 -0.202481
0.9605927 -0.8207472 0.5819074 -1.376334
0.9881535 -0.9701254 0.885985 -2.548003
0.9242446 -0.9718109 0.9898492 -2.667221
0.7747821 -0.825547 0.8700289 -1.669461
0.553601 -0.553601 0.553601 -0.5089931
0.2811752 -0.1973743 0.1120712 -0.01865876
-0.01727788 0.1889009 -0.3547843 0.003473843
-0.3141316 0.5464176 -0.7414662 0.3818114
-0.5819074 0.8207472 -0.9605927 1.376334
-0.7958183 0.9701254 -0.9626462 2.229614
-0.9360634 0.9718109 -0.7471625 2.039029
-0.9896607 0.825547 -0.3628362 0.8893239
-0.9516491 0.553601 0.1034832 -0.1635554
-0.825547 0.1973743 0.5464176 -0.2671027
-0.6230272 -0.1889009 0.8658735 0.305715
-0.3628362 -0.5464176 0.9896607 0.5886306
-0.06905891 -0.8207472 0.8898061 0.1513024
0.2311109 -0.9701254 0.5888746 -0.3960886
0.5098877 -0.9718109 0.1548701 -0.2302211
0.7414662 -0.825547 -0.3141316 0.5768542
0.90441 -0.553601 -0.7121464 1.069677
0.9836361 -0.1973743 -0.9492316 0.5528643
0.9718109 0.1889009 -0.9718109 -0.5352033
0.8700289 0.5464176 -0.7747821 -1.104992
0.6877118 0.8207472 -0.4026693 -0.681845
0.4417358 0.9701254 0.06043806 0.07770022
0.1548701 0.9718109 0.5098877 0.2302211
-0.1463313 0.825547 0.8441138 -0.3059154
-0.4339874 0.553601 0.9875884 -0.7118217
-0.681471 0.1973743 0.9078895 -0.3663467
-0.8658735 -0.1889009 0.6230272 0.305715
-0.9701254 -0.5464176 0.1973743 0.3138805
-0.9845767 -0.8207472 -0.272881 -0.661536
-0.9078895 -0.9701254 -0.681471 -1.800651
-0.7471625 -0.9718109 -0.9360634 -2.039029
-0.5172736 -0.825547 -0.9791257 -1.254359
-0.2395027 -0.553601 -0.8009268 -0.3185821
0.06043806 -0.1973743 -0.4417358 0.01580829
0.3547843 0.1889009 0.01727788 0.003473843
0.6162895 0.5464176 0.4723872 0.4772312
0.8207472 0.8207472 0.8207472 1.65863
0.9492316 0.9701254 0.9836361 2.717414
0.9898492 0.9718109 0.9242446 2.667221
0.9388404 0.825547 0.6559938 1.525298
0.8009268 0.553601 0.2395027 0.3185821
0.5888746 0.1973743 -0.2311109 -0.08058517
0.3223125 -0.1889009 -0.6494985 0.1186344
0.02591518 -0.5464176 -0.9211134 0.0391303
-0.272881 -0.8207472 -0.9845767 -0.661536
-0.5464176 -0.9701254 -0.825547 -1.312851
-0.7693745 -0.9718109 -0.4799615 -1.076582
-0.9211134 -0.825547 -0.02591518 -0.05911944
-0.9875884 -0.553601 0.4339874 0.7118217
-0.9626462 -0.1973743 0.7958183 0.4536203
-0.8485956 0.1889009 0.9778115 -0.470231
-0.6559938 0.5464176 0.9388404 -1.009572
-0.4026693 0.8207472 0.6877118 -0.681845
-0.1120712 0.9701254 0.2811752 -0.09171073
0.1889009 0.9718109 -0.1889009 -0.104033
0.4723872 0.825547 -0.6162895 -0.7210177
0.7121464 0.553601 -0.90441 -1.069677
0.885985 0.1973743 -0.9881535 -0.5183972
0.9778115 -0.1889009 -0.8485956 0.4702309
0.9791257 -0.5464176 -0.5172736 0.830242
0.8898061 -0.8207472 -0.06905891 0.1513024
0.7181206 -0.9701254 0.3947616 -0.8250521
0.4799615 -0.9718109 0.7693745 -1.076582
0.1973743 -0.825547 0.9701254 -0.4742218
-0.1034832 -0.553601 0.9516491 0.1635554
-0.3947616 -0.1973743 0.7181206 0.1678588
-0.6494985 0.1889009 0.3223125 -0.1186344
-0.8441138 0.5464176 -0.1463313 0.202481
-0.9605927 0.8207472 -0.5819074 1.376334
-0.9881535 0.9701254 -0.885985 2.548003
-0.9242446 0.9718109 -0.9898492 2.667221
-0.7747821 0.825547 -0.8700289 1.669461
-0.553601 0.553601 -0.553601 0.5089931
-0.2811752 0.1973743 -0.1120712 0.01865876
0.01727788 -0.1889009 0.3547843 -0.003473843
0.3141316 -0.5464176 0.7414662 -0.3818114
0.5819074 -0.8207472 0.9605927 -1.376334
0.7958183 -0.9701254 0.9626462 -2.229614
0.9360634 -0.9718109 0.7471625 -2.039029
0.9896607 -0.825547 0.3628362 -0.8893239
0.9516491 -0.553601 -0.1034832 0.1635554
0.825547 -0.1973743 -0.5464176 0.2671027
0.6230272 0.1889009 -0.8658735 -0.305715
0.3628362 0.5464176 -0.9896607 -0.5886306
0.06905891 0.8207472 -0.8898061 -0.1513024
-0.2311109 0.9701254 -0.5888746 0.3960886
-0.5098877 0.9718109 -0.1548701 0.2302211
-0.7414662 0.825547 0.3141316 -0.5768542
-0.90441 0.553601 0.7121464 -1.069677
-0.9836361 0.1973743 0.9492316 -0.5528643
-0.9718109 -0.1889009 0.9718109 0.5352033
-0.8700289 -0.5464176 0.7747821 1.104992
-0.6877118 -0.8207472 0.4026693 0.681845
-0.4417358 -0.9701254 -0.06043806 -0.07770022
-0.1548701 -0.9718109 -0.5098877 -0.2302211
0.1463313 -0.825547 -0.8441138 0.3059154
0.4339874 -0.553601 -0.9875884 0.7118217
0.681471 -0.1973743 -0.9078895 0.3663467
0.8658735 0.1889009 -0.6230272 -0.305715
0.9701254 0.5464176 -0.1973743 -0.3138805
0.9845767 0.8207472 0.272881 0.661536
0.9078895 0.9701254 0.681471 1.800651
0.7471625 0.9718109 0.9360634 2.039029
0.5172736 0.825547 0.9791257 1.254359
0.2395027 0.553601 0.8009268 0.3185821
-0.06043806 0.1973743 0.4417358 -0.01580829
-0.3547843 -0.1889009 -0.01727788 -0.003473843
-0.6162895 -0.5464176 -0.4723872 -0.4772312
-0.8207472 -0.8207472 -0.8207472 -1.65863
-0.9492316 -0.9701254 -0.9836361 -2.717414
-0.9898492 -0.9718109 -0.9242446 -2.667221
-0.9388404 -0.825547 -0.6559938 -1.525298
-0.8009268 -0.553601 -0.2395027 -0.3185821
-0.5888746 -0.1973743 0.2311109 0.08058517
-0.3223125 0.1889009 0.6494985 -0.1186344
-0.02591518 0.5464176 0.9211134 -0.0391303
0.272881 0.8207472 0.9845767 0.661536
0.5464176 0.9701254 0.825547 1.312851
0.7693745 0.9718109 0.4799615 1.076582
0.9211134 0.825547 0.02591518 0.05911944
0.9875884 0.553601 -0.4339874 -0.7118217
0.9626462 0.1973743 -0.7958183 -0.4536203
0.8485956 -0.1889009 -0.9778115 0.470231
0.6559938 -0.5464176 -0.9388404 1.009572
0.4026693 -0.8207472 -0.6877118 0.681845
0.1120712 -0.9701254 -0.2811752 0.09171073
-0.1889009 -0.9718109 0.1889009 0.104033
-0.4723872 -0.825547 0.6162895 0.7210177
-0.7121464 -0.553601 0.90441 1.069677
-0.885985 -0.1973743 0.9881535 0.5183972
-0.9778115 0.1889009 0.8485956 -0.4702309
-0.9791257 0.5464176 0.5172736 -0.830242
-0.8898061 0.8207472 0.06905891 -0.1513024
-0.7181206 0.9701254 -0.3947616 0.8250521
-0.4799615 0.9718109 -0.7693745 1.076582
-0.1973743 0.825547 -0.9701254 0.4742218
0.1034832 0.553601 -0.9516491 -0.1635554
0.3947616 0.1973743 -0.7181206 -0.1678588
0.6494985 -0.1889009 -0.3223125 0.1186344
0.8441138 -0.5464176 0.1463313 -0.202481
0.9605927 -0.8207472 0.5819074 -1.376334
0.9881535 -0.9701254 0.885985 -2.548003
0.9242446 -0.9718109 0.9898492 -2.667221
0.7747821 -0.825547 0.8700289 -1.669461
0.553601 -0.553601 0.553601 -0.5089931
0.2811752 -0.1973743 0.1120712 -0.01865876
-0.01727788 0.1889009 -0.3547843 0.003473843
-0.3141316 0.5464176 -0.7414662 0.3818114
-0.5819074 0.8207472 -0.9605927 1.376334
-0.7958183 0.9701254 -0.9626462 2.229614
-0.9360634 0.9718109 -0.7471625 2.039029
-0.9896607 0.825547 -0.3628362 0.8893239
-0.9516491 0.553601 0.1034832 -0.1635554
-0.825547 0.1973743 0.5464176 -0.2671027
-0.6230272 -0.1889009 0.8658735 0.305715
-0.3628362 -0.5464176 0.9896607 0.5886306
-0.06905891 -0.8207472 0.8898061 0.1513024
0.2311109 -0.9701254 0.5888746 -0.3960886
0.5098877 -0.9718109 0.1548701 -0.2302211
0.7414662 -0.825547 -0.3141316 0.5768542
0.90441 -0.553601 -0.7121464 1.069677
0.9836361 -0.1973743 -0.9492316 0.5528643
0.9718109 0.1889009 -0.9718109 -0.5352033
0.8700289 0.5464176 -0.7747821 -1.104992
0.6877118 0.8207472 -0.4026693 -0.681845
0.4417358 0.9701254 0.06043806 0.07770022
0.1548701 0.9718109 0.5098877 0.2302211
-0.1463313 0.825547 0.8441138 -0.3059154
-0.4339874 0.553601 0.9875884 -0.7118217
-0.681471 0.1973743 0.9078895 -0.3663467
-0.8658735 -0.1889009 0.6230272 0.305715
-0.9701254 -0.5464176 0.1973743 0.3138805
