# channels number
5
# samples number
1000
# sampling rate
0.9
# start date
01-01-0001
# start time
00:00:00.000
# channels names
Model_4_1;Model_4_2;Model_4_3;Model_13_1;Model_13_1
0.999 0.999 0.999 26.98 47.96
0.9983914 0.9838229 0.9387529 26.52395 46.00082
0.9965665 0.9387529 0.7652784 25.19675 40.34588
0.9935274 0.8651594 0.4995 23.11673 31.63659
0.9892778 0.7652784 0.1734745 20.46655 20.85702
0.9838229 0.6421448 -0.1734745 17.47319 9.217213
0.9771695 0.4995 -0.4995 14.38335 -1.99
0.9693254 0.3416781 -0.7652784 11.43702 -11.54157
0.9603004 0.1734745 -0.9387529 8.842483 -18.42784
0.9501055 1.223382E-16 -0.999 6.755527 -21.97
0.9387529 -0.1734745 -0.9387529 5.265255 -21.89733
0.9262567 -0.3416781 -0.7652784 4.388109 -18.37513
0.9126319 -0.4995 -0.4995 4.07066 -11.98
0.8978953 -0.6421448 -0.1734745 4.200656 -3.625683
0.8820646 -0.7652784 0.1734745 4.624912 5.551451
0.8651594 -0.8651594 0.4995 5.171703 14.33341
0.8472 -0.9387529 0.7652784 5.674862 21.57082
0.8282085 -0.9838229 0.9387529 5.996578 26.32436
0.808208 -0.999 0.999 6.046041 27.98
0.7872227 -0.9838229 0.9387529 5.791649 26.32436
0.7652784 -0.9387529 0.7652784 5.265254 21.57082
0.7424017 -0.8651594 0.4995 4.557915 14.33341
0.7186205 -0.7652784 0.1734745 3.807691 5.551451
0.6939637 -0.6421448 -0.1734745 3.180998 -3.625683
0.6684615 -0.4995 -0.4995 2.849807 -11.98
0.6421448 -0.3416781 -0.7652784 2.967551 -18.37513
0.6150458 -0.1734745 -0.9387529 3.646719 -21.89733
0.5871975 -2.446763E-16 -0.999 4.940988 -21.97
0.5586337 0.1734745 -0.9387529 6.834148 -18.42784
0.5293893 0.3416781 -0.7652784 9.237336 -11.54157
0.4995 0.4995 -0.4995 11.995 -1.99
0.4690021 0.6421448 -0.1734745 14.89909 9.217213
0.4379328 0.7652784 0.1734745 17.70982 20.85702
0.4063299 0.8651594 0.4995 20.18074 31.63659
0.374232 0.9387529 0.7652784 22.08508 40.34588
0.3416781 0.9838229 0.9387529 23.24039 46.00082
0.308708 0.999 0.999 23.52854 47.96
0.2753617 0.9838229 0.9387529 22.9088 46.00082
0.24168 0.9387529 0.7652784 21.42232 40.34588
0.2077038 0.8651594 0.4995 19.18761 31.63659
0.1734745 0.7652784 0.1734745 16.38753 20.85702
0.1390339 0.6421448 -0.1734745 13.24924 9.217213
0.1044239 0.4995 -0.4995 10.01962 -1.99
0.06968672 0.3416781 -0.7652784 6.938823 -11.54157
0.0348646 0.1734745 -0.9387529 4.215303 -18.42784
1.223382E-16 3.670145E-16 -0.999 2.005 -21.97
-0.0348646 -0.1734745 -0.9387529 0.3971667 -21.89733
-0.06968672 -0.3416781 -0.7652784 -0.5916067 -18.37513
-0.1044239 -0.4995 -0.4995 -1.01462 -11.98
-0.1390339 -0.6421448 -0.1734745 -0.9839901 -3.625683
-0.1734745 -0.7652784 0.1734745 -0.6527838 5.551451
-0.2077038 -0.8651594 0.4995 -0.1926128 14.33341
-0.24168 -0.9387529 0.7652784 0.2304628 21.57082
-0.2753617 -0.9838229 0.9387529 0.4787264 26.32436
-0.308708 -0.999 0.999 0.4614598 27.98
-0.3416781 -0.9838229 0.9387529 0.1471444 26.32436
-0.374232 -0.9387529 0.7652784 -0.4322974 21.57082
-0.4063299 -0.8651594 0.4995 -1.185743 14.33341
-0.4379328 -0.7652784 0.1734745 -1.975075 5.551451
-0.4690021 -0.6421448 -0.1734745 -2.633831 -3.625683
-0.4995 -0.4995 -0.4995 -2.99 -11.98
-0.5293893 -0.3416781 -0.7652784 -2.89012 -18.37513
-0.5586337 -0.1734745 -0.9387529 -2.221678 -21.89733
-0.5871975 -4.893527E-16 -0.999 -0.9309875 -21.97
-0.6150458 0.1734745 -0.9387529 0.9657516 -18.42784
-0.6421448 0.3416781 -0.7652784 3.379665 -11.54157
-0.6684615 0.4995 -0.4995 6.155193 -1.99
-0.6939637 0.6421448 -0.1734745 9.084257 9.217213
-0.7186205 0.7652784 0.1734745 11.92705 20.85702
-0.7424017 0.8651594 0.4995 14.43709 31.63659
-0.7652784 0.9387529 0.7652784 16.38753 40.34588
-0.7872227 0.9838229 0.9387529 17.59588 46.00082
-0.808208 0.999 0.999 17.94396 47.96
-0.8282085 0.9838229 0.9387529 17.39095 46.00082
-0.8472 0.9387529 0.7652784 15.97792 40.34588
-0.8651594 0.8651594 0.4995 13.8233 31.63659
-0.8820646 0.7652784 0.1734745 11.10983 20.85702
-0.8978953 0.6421448 -0.1734745 8.064599 9.217213
-0.9126319 0.4995 -0.4995 4.93434 -1.99
-0.9262567 0.3416781 -0.7652784 1.959106 -11.54157
-0.9387529 0.1734745 -0.9387529 -0.6527839 -18.42784
-0.9501055 6.116909E-16 -0.999 -2.745528 -21.97
-0.9603004 -0.1734745 -0.9387529 -4.230012 -21.89733
-0.9693254 -0.3416781 -0.7652784 -5.0898 -18.37513
-0.9771695 -0.4995 -0.4995 -5.378347 -11.98
-0.9838229 -0.6421448 -0.1734745 -5.207935 -3.625683
-0.9892778 -0.7652784 0.1734745 -4.731801 5.551451
-0.9935274 -0.8651594 0.4995 -4.121731 14.33341
-0.9965665 -0.9387529 0.7652784 -3.54397 21.57082
-0.9983914 -0.9838229 0.9387529 -3.136422 26.32436
-0.999 -0.999 0.999 -2.99 27.98
-0.9983914 -0.9838229 0.9387529 -3.136422 26.32436
-0.9965665 -0.9387529 0.7652784 -3.54397 21.57082
-0.9935274 -0.8651594 0.4995 -4.121731 14.33341
-0.9892778 -0.7652784 0.1734745 -4.731801 5.551451
-0.9838229 -0.6421448 -0.1734745 -5.207935 -3.625683
-0.9771695 -0.4995 -0.4995 -5.378347 -11.98
-0.9693254 -0.3416781 -0.7652784 -5.0898 -18.37513
-0.9603004 -0.1734745 -0.9387529 -4.230012 -21.89733
-0.9501055 -7.340291E-16 -0.999 -2.745528 -21.97
-0.9387529 0.1734745 -0.9387529 -0.6527839 -18.42784
-0.9262567 0.3416781 -0.7652784 1.959106 -11.54157
-0.9126319 0.4995 -0.4995 4.93434 -1.99
-0.8978953 0.6421448 -0.1734745 8.064599 9.217213
-0.8820646 0.7652784 0.1734745 11.10983 20.85702
-0.8651594 0.8651594 0.4995 13.8233 31.63659
-0.8472 0.9387529 0.7652784 15.97792 40.34588
-0.8282085 0.9838229 0.9387529 17.39095 46.00082
-0.808208 0.999 0.999 17.94396 47.96
-0.7872227 0.9838229 0.9387529 17.59588 46.00082
-0.7652784 0.9387529 0.7652784 16.38753 40.34588
-0.7424017 0.8651594 0.4995 14.43709 31.63659
-0.7186205 0.7652784 0.1734745 11.92705 20.85702
-0.6939637 0.6421448 -0.1734745 9.084257 9.217213
-0.6684615 0.4995 -0.4995 6.155193 -1.99
-0.6421448 0.3416781 -0.7652784 3.379665 -11.54157
-0.6150458 0.1734745 -0.9387529 0.9657516 -18.42784
-0.5871975 4.405528E-15 -0.999 -0.9309875 -21.97
-0.5586337 -0.1734745 -0.9387529 -2.221678 -21.89733
-0.5293893 -0.3416781 -0.7652784 -2.89012 -18.37513
-0.4995 -0.4995 -0.4995 -2.99 -11.98
-0.4690021 -0.6421448 -0.1734745 -2.633831 -3.625683
-0.4379328 -0.7652784 0.1734745 -1.975075 5.551451
-0.4063299 -0.8651594 0.4995 -1.185743 14.33341
-0.374232 -0.9387529 0.7652784 -0.4322974 21.57082
-0.3416781 -0.9838229 0.9387529 0.1471444 26.32436
-0.308708 -0.999 0.999 0.4614598 27.98
-0.2753617 -0.9838229 0.9387529 0.4787264 26.32436
-0.24168 -0.9387529 0.7652784 0.2304628 21.57082
-0.2077038 -0.8651594 0.4995 -0.1926128 14.33341
-0.1734745 -0.7652784 0.1734745 -0.6527838 5.551451
-0.1390339 -0.6421448 -0.1734745 -0.9839901 -3.625683
-0.1044239 -0.4995 -0.4995 -1.01462 -11.98
-0.06968672 -0.3416781 -0.7652784 -0.5916067 -18.37513
-0.0348646 -0.1734745 -0.9387529 0.3971667 -21.89733
-2.446763E-16 -9.787054E-16 -0.999 2.005 -21.97
0.0348646 0.1734745 -0.9387529 4.215303 -18.42784
0.06968672 0.3416781 -0.7652784 6.938823 -11.54157
0.1044239 0.4995 -0.4995 10.01962 -1.99
0.1390339 0.6421448 -0.1734745 13.24924 9.217213
0.1734745 0.7652784 0.1734745 16.38753 20.85702
0.2077038 0.8651594 0.4995 19.18761 31.63659
0.24168 0.9387529 0.7652784 21.42232 40.34588
0.2753617 0.9838229 0.9387529 22.9088 46.00082
0.308708 0.999 0.999 23.52854 47.96
0.3416781 0.9838229 0.9387529 23.24039 46.00082
0.374232 0.9387529 0.7652784 22.08508 40.34588
0.4063299 0.8651594 0.4995 20.18074 31.63659
0.4379328 0.7652784 0.1734745 17.70982 20.85702
0.4690021 0.6421448 -0.1734745 14.89909 9.217213
0.4995 0.4995 -0.4995 11.995 -1.99
0.5293893 0.3416781 -0.7652784 9.237336 -11.54157
0.5586337 0.1734745 -0.9387529 6.834148 -18.42784
0.5871975 4.650205E-15 -0.999 4.940988 -21.97
0.6150458 -0.1734745 -0.9387529 3.646719 -21.89733
0.6421448 -0.3416781 -0.7652784 2.967551 -18.37513
0.6684615 -0.4995 -0.4995 2.849807 -11.98
0.6939637 -0.6421448 -0.1734745 3.180998 -3.625683
0.7186205 -0.7652784 0.1734745 3.807691 5.551451
0.7424017 -0.8651594 0.4995 4.557915 14.33341
0.7652784 -0.9387529 0.7652784 5.265254 21.57082
0.7872227 -0.9838229 0.9387529 5.791649 26.32436
0.808208 -0.999 0.999 6.046041 27.98
0.8282085 -0.9838229 0.9387529 5.996578 26.32436
0.8472 -0.9387529 0.7652784 5.674862 21.57082
0.8651594 -0.8651594 0.4995 5.171703 14.33341
0.8820646 -0.7652784 0.1734745 4.624912 5.551451
0.8978953 -0.6421448 -0.1734745 4.200656 -3.625683
0.9126319 -0.4995 -0.4995 4.07066 -11.98
0.9262567 -0.3416781 -0.7652784 4.388109 -18.37513
0.9387529 -0.1734745 -0.9387529 5.265255 -21.89733
0.9501055 -1.223382E-15 -0.999 6.755527 -21.97
0.9603004 0.1734745 -0.9387529 8.842483 -18.42784
0.9693254 0.3416781 -0.7652784 11.43702 -11.54157
0.9771695 0.4995 -0.4995 14.38335 -1.99
0.9838229 0.6421448 -0.1734745 17.47319 9.217213
0.9892778 0.7652784 0.1734745 20.46655 20.85702
0.9935274 0.8651594 0.4995 23.11673 31.63659
0.9965665 0.9387529 0.7652784 25.19675 40.34588
0.9983914 0.9838229 0.9387529 26.52395 46.00082
0.999 0.999 0.999 26.98 47.96
0.9983914 0.9838229 0.9387529 26.52395 46.00082
0.9965665 0.9387529 0.7652784 25.19675 40.34588
0.9935274 0.8651594 0.4995 23.11673 31.63659
0.9892778 0.7652784 0.1734745 20.46655 20.85702
0.9838229 0.6421448 -0.1734745 17.47319 9.217213
0.9771695 0.4995 -0.4995 14.38335 -1.99
0.9693254 0.3416781 -0.7652784 11.43702 -11.54157
0.9603004 0.1734745 -0.9387529 8.842483 -18.42784
0.9501055 -2.203441E-15 -0.999 6.755527 -21.97
0.9387529 -0.1734745 -0.9387529 5.265255 -21.89733
0.9262567 -0.3416781 -0.7652784 4.388109 -18.37513
0.9126319 -0.4995 -0.4995 4.07066 -11.98
0.8978953 -0.6421448 -0.1734745 4.200656 -3.625683
0.8820646 -0.7652784 0.1734745 4.624912 5.551451
0.8651594 -0.8651594 0.4995 5.171703 14.33341
0.8472 -0.9387529 0.7652784 5.674862 21.57082
0.8282085 -0.9838229 0.9387529 5.996578 26.32436
0.808208 -0.999 0.999 6.046041 27.98
0.7872227 -0.9838229 0.9387529 5.791649 26.32436
0.7652784 -0.9387529 0.7652784 5.265254 21.57082
0.7424017 -0.8651594 0.4995 4.557915 14.33341
0.7186205 -0.7652784 0.1734745 3.807691 5.551451
0.6939637 -0.6421448 -0.1734745 3.180998 -3.625683
0.6684615 -0.4995 -0.4995 2.849807 -11.98
0.6421448 -0.3416781 -0.7652784 2.967551 -18.37513
0.6150458 -0.1734745 -0.9387529 3.646719 -21.89733
0.5871975 -1.468058E-15 -0.999 4.940988 -21.97
0.5586337 0.1734745 -0.9387529 6.834148 -18.42784
0.5293893 0.3416781 -0.7652784 9.237336 -11.54157
0.4995 0.4995 -0.4995 11.995 -1.99
0.4690021 0.6421448 -0.1734745 14.89909 9.217213
0.4379328 0.7652784 0.1734745 17.70982 20.85702
0.4063299 0.8651594 0.4995 20.18074 31.63659
0.374232 0.9387529 0.7652784 22.08508 40.34588
0.3416781 0.9838229 0.9387529 23.24039 46.00082
0.308708 0.999 0.999 23.52854 47.96
0.2753617 0.9838229 0.9387529 22.9088 46.00082
0.24168 0.9387529 0.7652784 21.42232 40.34588
0.2077038 0.8651594 0.4995 19.18761 31.63659
0.1734745 0.7652784 0.1734745 16.38753 20.85702
0.1390339 0.6421448 -0.1734745 13.24924 9.217213
0.1044239 0.4995 -0.4995 10.01962 -1.99
0.06968672 0.3416781 -0.7652784 6.938823 -11.54157
0.0348646 0.1734745 -0.9387529 4.215303 -18.42784
3.670145E-16 -1.958765E-15 -0.999 2.005 -21.97
-0.0348646 -0.1734745 -0.9387529 0.3971667 -21.89733
-0.06968672 -0.3416781 -0.7652784 -0.5916067 -18.37513
-0.1044239 -0.4995 -0.4995 -1.01462 -11.98
-0.1390339 -0.6421448 -0.1734745 -0.9839901 -3.625683
-0.1734745 -0.7652784 0.1734745 -0.6527838 5.551451
-0.2077038 -0.8651594 0.4995 -0.1926128 14.33341
-0.24168 -0.9387529 0.7652784 0.2304628 21.57082
-0.2753617 -0.9838229 0.9387529 0.4787264 26.32436
-0.308708 -0.999 0.999 0.4614598 27.98
-0.3416781 -0.9838229 0.9387529 0.1471444 26.32436
-0.374232 -0.9387529 0.7652784 -0.4322974 21.57082
-0.4063299 -0.8651594 0.4995 -1.185743 14.33341
-0.4379328 -0.7652784 0.1734745 -1.975075 5.551451
-0.4690021 -0.6421448 -0.1734745 -2.633831 -3.625683
-0.4995 -0.4995 -0.4995 -2.99 -11.98
-0.5293893 -0.3416781 -0.7652784 -2.89012 -18.37513
-0.5586337 -0.1734745 -0.9387529 -2.221678 -21.89733
-0.5871975 -1.712734E-15 -0.999 -0.9309875 -21.97
-0.6150458 0.1734745 -0.9387529 0.9657516 -18.42784
-0.6421448 0.3416781 -0.7652784 3.379665 -11.54157
-0.6684615 0.4995 -0.4995 6.155193 -1.99
-0.6939637 0.6421448 -0.1734745 9.084257 9.217213
-0.7186205 0.7652784 0.1734745 11.92705 20.85702
-0.7424017 0.8651594 0.4995 14.43709 31.63659
-0.7652784 0.9387529 0.7652784 16.38753 40.34588
-0.7872227 0.9838229 0.9387529 17.59588 46.00082
-0.808208 0.999 0.999 17.94396 47.96
-0.8282085 0.9838229 0.9387529 17.39095 46.00082
-0.8472 0.9387529 0.7652784 15.97792 40.34588
-0.8651594 0.8651594 0.4995 13.8233 31.63659
-0.8820646 0.7652784 0.1734745 11.10983 20.85702
-0.8978953 0.6421448 -0.1734745 8.064599 9.217213
-0.9126319 0.4995 -0.4995 4.93434 -1.99
-0.9262567 0.3416781 -0.7652784 1.959106 -11.54157
-0.9387529 0.1734745 -0.9387529 -0.6527839 -18.42784
-0.9501055 -1.714088E-15 -0.999 -2.745528 -21.97
-0.9603004 -0.1734745 -0.9387529 -4.230012 -21.89733
-0.9693254 -0.3416781 -0.7652784 -5.0898 -18.37513
-0.9771695 -0.4995 -0.4995 -5.378347 -11.98
-0.9838229 -0.6421448 -0.1734745 -5.207935 -3.625683
-0.9892778 -0.7652784 0.1734745 -4.731801 5.551451
-0.9935274 -0.8651594 0.4995 -4.121731 14.33341
-0.9965665 -0.9387529 0.7652784 -3.54397 21.57082
-0.9983914 -0.9838229 0.9387529 -3.136422 26.32436
-0.999 -0.999 0.999 -2.99 27.98
-0.9983914 -0.9838229 0.9387529 -3.136422 26.32436
-0.9965665 -0.9387529 0.7652784 -3.54397 21.57082
-0.9935274 -0.8651594 0.4995 -4.121731 14.33341
-0.9892778 -0.7652784 0.1734745 -4.731801 5.551451
-0.9838229 -0.6421448 -0.1734745 -5.207935 -3.625683
-0.9771695 -0.4995 -0.4995 -5.378347 -11.98
-0.9693254 -0.3416781 -0.7652784 -5.0898 -18.37513
-0.9603004 -0.1734745 -0.9387529 -4.230012 -21.89733
-0.9501055 -1.957411E-15 -0.999 -2.745528 -21.97
-0.9387529 0.1734745 -0.9387529 -0.6527839 -18.42784
-0.9262567 0.3416781 -0.7652784 1.959106 -11.54157
-0.9126319 0.4995 -0.4995 4.93434 -1.99
-0.8978953 0.6421448 -0.1734745 8.064599 9.217213
-0.8820646 0.7652784 0.1734745 11.10983 20.85702
-0.8651594 0.8651594 0.4995 13.8233 31.63659
-0.8472 0.9387529 0.7652784 15.97792 40.34588
-0.8282085 0.9838229 0.9387529 17.39095 46.00082
-0.808208 0.999 0.999 17.94396 47.96
-0.7872227 0.9838229 0.9387529 17.59588 46.00082
-0.7652784 0.9387529 0.7652784 16.38753 40.34588
-0.7424017 0.8651594 0.4995 14.43709 31.63659
-0.7186205 0.7652784 0.1734745 11.92705 20.85702
-0.6939637 0.6421448 -0.1734745 9.084257 9.217213
-0.6684615 0.4995 -0.4995 6.155193 -1.99
-0.6421448 0.3416781 -0.7652784 3.379665 -11.54157
-0.6150458 0.1734745 -0.9387529 0.9657516 -18.42784
-0.5871975 -1.469412E-15 -0.999 -0.9309875 -21.97
-0.5586337 -0.1734745 -0.9387529 -2.221678 -21.89733
-0.5293893 -0.3416781 -0.7652784 -2.89012 -18.37513
-0.4995 -0.4995 -0.4995 -2.99 -11.98
-0.4690021 -0.6421448 -0.1734745 -2.633831 -3.625683
-0.4379328 -0.7652784 0.1734745 -1.975075 5.551451
-0.4063299 -0.8651594 0.4995 -1.185743 14.33341
-0.374232 -0.9387529 0.7652784 -0.4322974 21.57082
-0.3416781 -0.9838229 0.9387529 0.1471444 26.32436
-0.308708 -0.999 0.999 0.4614598 27.98
-0.2753617 -0.9838229 0.9387529 0.4787264 26.32436
-0.24168 -0.9387529 0.7652784 0.2304628 21.57082
-0.2077038 -0.8651594 0.4995 -0.1926128 14.33341
-0.1734745 -0.7652784 0.1734745 -0.6527838 5.551451
-0.1390339 -0.6421448 -0.1734745 -0.9839901 -3.625683
-0.1044239 -0.4995 -0.4995 -1.01462 -11.98
-0.06968672 -0.3416781 -0.7652784 -0.5916067 -18.37513
-0.0348646 -0.1734745 -0.9387529 0.3971667 -21.89733
-4.893527E-16 -2.202087E-15 -0.999 2.005 -21.97
0.0348646 0.1734745 -0.9387529 4.215303 -18.42784
0.06968672 0.3416781 -0.7652784 6.938823 -11.54157
0.1044239 0.4995 -0.4995 10.01962 -1.99
0.1390339 0.6421448 -0.1734745 13.24924 9.217213
0.1734745 0.7652784 0.1734745 16.38753 20.85702
0.2077038 0.8651594 0.4995 19.18761 31.63659
0.24168 0.9387529 0.7652784 21.42232 40.34588
0.2753617 0.9838229 0.9387529 22.9088 46.00082
0.308708 0.999 0.999 23.52854 47.96
0.3416781 0.9838229 0.9387529 23.24039 46.00082
0.374232 0.9387529 0.7652784 22.08508 40.34588
0.4063299 0.8651594 0.4995 20.18074 31.63659
0.4379328 0.7652784 0.1734745 17.70982 20.85702
0.4690021 0.6421448 -0.1734745 14.89909 9.217213
0.4995 0.4995 -0.4995 11.995 -1.99
0.5293893 0.3416781 -0.7652784 9.237336 -11.54157
0.5586337 0.1734745 -0.9387529 6.834148 -18.42784
0.5871975 -1.224736E-15 -0.999 4.940988 -21.97
0.6150458 -0.1734745 -0.9387529 3.646719 -21.89733
0.6421448 -0.3416781 -0.7652784 2.967551 -18.37513
0.6684615 -0.4995 -0.4995 2.849807 -11.98
0.6939637 -0.6421448 -0.1734745 3.180998 -3.625683
0.7186205 -0.7652784 0.1734745 3.807691 5.551451
0.7424017 -0.8651594 0.4995 4.557915 14.33341
0.7652784 -0.9387529 0.7652784 5.265254 21.57082
0.7872227 -0.9838229 0.9387529 5.791649 26.32436
0.808208 -0.999 0.999 6.046041 27.98
0.8282085 -0.9838229 0.9387529 5.996578 26.32436
0.8472 -0.9387529 0.7652784 5.674862 21.57082
0.8651594 -0.8651594 0.4995 5.171703 14.33341
0.8820646 -0.7652784 0.1734745 4.624912 5.551451
0.8978953 -0.6421448 -0.1734745 4.200656 -3.625683
0.9126319 -0.4995 -0.4995 4.07066 -11.98
0.9262567 -0.3416781 -0.7652784 4.388109 -18.37513
0.9387529 -0.1734745 -0.9387529 5.265255 -21.89733
0.9501055 -2.446764E-15 -0.999 6.755527 -21.97
0.9603004 0.1734745 -0.9387529 8.842483 -18.42784
0.9693254 0.3416781 -0.7652784 11.43702 -11.54157
0.9771695 0.4995 -0.4995 14.38335 -1.99
0.9838229 0.6421448 -0.1734745 17.47319 9.217213
0.9892778 0.7652784 0.1734745 20.46655 20.85702
0.9935274 0.8651594 0.4995 23.11673 31.63659
0.9965665 0.9387529 0.7652784 25.19675 40.34588
0.9983914 0.9838229 0.9387529 26.52395 46.00082
0.999 0.999 0.999 26.98 47.96
0.9983914 0.9838229 0.9387529 26.52395 46.00082
0.9965665 0.9387529 0.7652784 25.19675 40.34588
0.9935274 0.8651594 0.4995 23.11673 31.63659
0.9892778 0.7652784 0.1734745 20.46655 20.85702
0.9838229 0.6421448 -0.1734745 17.47319 9.217213
0.9771695 0.4995 -0.4995 14.38335 -1.99
0.9693254 0.3416781 -0.7652784 11.43702 -11.54157
0.9603004 0.1734745 -0.9387529 8.842483 -18.42784
0.9501055 1.321658E-14 -0.999 6.755527 -21.97
0.9387529 -0.1734745 -0.9387529 5.265255 -21.89733
0.9262567 -0.3416781 -0.7652784 4.388109 -18.37513
0.9126319 -0.4995 -0.4995 4.07066 -11.98
0.8978953 -0.6421448 -0.1734745 4.200656 -3.625683
0.8820646 -0.7652784 0.1734745 4.624912 5.551451
0.8651594 -0.8651594 0.4995 5.171703 14.33341
0.8472 -0.9387529 0.7652784 5.674862 21.57082
0.8282085 -0.9838229 0.9387529 5.996578 26.32436
0.808208 -0.999 0.999 6.046041 27.98
0.7872227 -0.9838229 0.9387529 5.791649 26.32436
0.7652784 -0.9387529 0.7652784 5.265254 21.57082
0.7424017 -0.8651594 0.4995 4.557915 14.33341
0.7186205 -0.7652784 0.1734745 3.807691 5.551451
0.6939637 -0.6421448 -0.1734745 3.180998 -3.625683
0.6684615 -0.4995 -0.4995 2.849807 -11.98
0.6421448 -0.3416781 -0.7652784 2.967551 -18.37513
0.6150458 -0.1734745 -0.9387529 3.646719 -21.89733
0.5871975 -9.789762E-15 -0.999 4.940988 -21.97
0.5586337 0.1734745 -0.9387529 6.834148 -18.42784
0.5293893 0.3416781 -0.7652784 9.237336 -11.54157
0.4995 0.4995 -0.4995 11.995 -1.99
0.4690021 0.6421448 -0.1734745 14.89909 9.217213
0.4379328 0.7652784 0.1734745 17.70982 20.85702
0.4063299 0.8651594 0.4995 20.18074 31.63659
0.374232 0.9387529 0.7652784 22.08508 40.34588
0.3416781 0.9838229 0.9387529 23.24039 46.00082
0.308708 0.999 0.999 23.52854 47.96
0.2753617 0.9838229 0.9387529 22.9088 46.00082
0.24168 0.9387529 0.7652784 21.42232 40.34588
0.2077038 0.8651594 0.4995 19.18761 31.63659
0.1734745 0.7652784 0.1734745 16.38753 20.85702
0.1390339 0.6421448 -0.1734745 13.24924 9.217213
0.1044239 0.4995 -0.4995 10.01962 -1.99
0.06968672 0.3416781 -0.7652784 6.938823 -11.54157
0.0348646 0.1734745 -0.9387529 4.215303 -18.42784
6.116909E-16 6.362939E-15 -0.999 2.005 -21.97
-0.0348646 -0.1734745 -0.9387529 0.3971667 -21.89733
-0.06968672 -0.3416781 -0.7652784 -0.5916067 -18.37513
-0.1044239 -0.4995 -0.4995 -1.01462 -11.98
-0.1390339 -0.6421448 -0.1734745 -0.9839901 -3.625683
-0.1734745 -0.7652784 0.1734745 -0.6527838 5.551451
-0.2077038 -0.8651594 0.4995 -0.1926128 14.33341
-0.24168 -0.9387529 0.7652784 0.2304628 21.57082
-0.2753617 -0.9838229 0.9387529 0.4787264 26.32436
-0.308708 -0.999 0.999 0.4614598 27.98
-0.3416781 -0.9838229 0.9387529 0.1471444 26.32436
-0.374232 -0.9387529 0.7652784 -0.4322974 21.57082
-0.4063299 -0.8651594 0.4995 -1.185743 14.33341
-0.4379328 -0.7652784 0.1734745 -1.975075 5.551451
-0.4690021 -0.6421448 -0.1734745 -2.633831 -3.625683
-0.4995 -0.4995 -0.4995 -2.99 -11.98
-0.5293893 -0.3416781 -0.7652784 -2.89012 -18.37513
-0.5586337 -0.1734745 -0.9387529 -2.221678 -21.89733
-0.5871975 -2.936116E-15 -0.999 -0.9309875 -21.97
-0.6150458 0.1734745 -0.9387529 0.9657516 -18.42784
-0.6421448 0.3416781 -0.7652784 3.379665 -11.54157
-0.6684615 0.4995 -0.4995 6.155193 -1.99
-0.6939637 0.6421448 -0.1734745 9.084257 9.217213
-0.7186205 0.7652784 0.1734745 11.92705 20.85702
-0.7424017 0.8651594 0.4995 14.43709 31.63659
-0.7652784 0.9387529 0.7652784 16.38753 40.34588
-0.7872227 0.9838229 0.9387529 17.59588 46.00082
-0.808208 0.999 0.999 17.94396 47.96
-0.8282085 0.9838229 0.9387529 17.39095 46.00082
-0.8472 0.9387529 0.7652784 15.97792 40.34588
-0.8651594 0.8651594 0.4995 13.8233 31.63659
-0.8820646 0.7652784 0.1734745 11.10983 20.85702
-0.8978953 0.6421448 -0.1734745 8.064599 9.217213
-0.9126319 0.4995 -0.4995 4.93434 -1.99
-0.9262567 0.3416781 -0.7652784 1.959106 -11.54157
-0.9387529 0.1734745 -0.9387529 -0.6527839 -18.42784
-0.9501055 1.370594E-14 -0.999 -2.745528 -21.97
-0.9603004 -0.1734745 -0.9387529 -4.230012 -21.89733
-0.9693254 -0.3416781 -0.7652784 -5.0898 -18.37513
-0.9771695 -0.4995 -0.4995 -5.378347 -11.98
-0.9838229 -0.6421448 -0.1734745 -5.207935 -3.625683
-0.9892778 -0.7652784 0.1734745 -4.731801 5.551451
-0.9935274 -0.8651594 0.4995 -4.121731 14.33341
-0.9965665 -0.9387529 0.7652784 -3.54397 21.57082
-0.9983914 -0.9838229 0.9387529 -3.136422 26.32436
-0.999 -0.999 0.999 -2.99 27.98
-0.9983914 -0.9838229 0.9387529 -3.136422 26.32436
-0.9965665 -0.9387529 0.7652784 -3.54397 21.57082
-0.9935274 -0.8651594 0.4995 -4.121731 14.33341
-0.9892778 -0.7652784 0.1734745 -4.731801 5.551451
-0.9838229 -0.6421448 -0.1734745 -5.207935 -3.625683
-0.9771695 -0.4995 -0.4995 -5.378347 -11.98
-0.9693254 -0.3416781 -0.7652784 -5.0898 -18.37513
-0.9603004 -0.1734745 -0.9387529 -4.230012 -21.89733
-0.9501055 -1.027911E-14 -0.999 -2.745528 -21.97
-0.9387529 0.1734745 -0.9387529 -0.6527839 -18.42784
-0.9262567 0.3416781 -0.7652784 1.959106 -11.54157
-0.9126319 0.4995 -0.4995 4.93434 -1.99
-0.8978953 0.6421448 -0.1734745 8.064599 9.217213
-0.8820646 0.7652784 0.1734745 11.10983 20.85702
-0.8651594 0.8651594 0.4995 13.8233 31.63659
-0.8472 0.9387529 0.7652784 15.97792 40.34588
-0.8282085 0.9838229 0.9387529 17.39095 46.00082
-0.808208 0.999 0.999 17.94396 47.96
-0.7872227 0.9838229 0.9387529 17.59588 46.00082
-0.7652784 0.9387529 0.7652784 16.38753 40.34588
-0.7424017 0.8651594 0.4995 14.43709 31.63659
-0.7186205 0.7652784 0.1734745 11.92705 20.85702
-0.6939637 0.6421448 -0.1734745 9.084257 9.217213
-0.6684615 0.4995 -0.4995 6.155193 -1.99
-0.6421448 0.3416781 -0.7652784 3.379665 -11.54157
-0.6150458 0.1734745 -0.9387529 0.9657516 -18.42784
-0.5871975 6.852292E-15 -0.999 -0.9309875 -21.97
-0.5586337 -0.1734745 -0.9387529 -2.221678 -21.89733
-0.5293893 -0.3416781 -0.7652784 -2.89012 -18.37513
-0.4995 -0.4995 -0.4995 -2.99 -11.98
-0.4690021 -0.6421448 -0.1734745 -2.633831 -3.625683
-0.4379328 -0.7652784 0.1734745 -1.975075 5.551451
-0.4063299 -0.8651594 0.4995 -1.185743 14.33341
-0.374232 -0.9387529 0.7652784 -0.4322974 21.57082
-0.3416781 -0.9838229 0.9387529 0.1471444 26.32436
-0.308708 -0.999 0.999 0.4614598 27.98
-0.2753617 -0.9838229 0.9387529 0.4787264 26.32436
-0.24168 -0.9387529 0.7652784 0.2304628 21.57082
-0.2077038 -0.8651594 0.4995 -0.1926128 14.33341
-0.1734745 -0.7652784 0.1734745 -0.6527838 5.551451
-0.1390339 -0.6421448 -0.1734745 -0.9839901 -3.625683
-0.1044239 -0.4995 -0.4995 -1.01462 -11.98
-0.06968672 -0.3416781 -0.7652784 -0.5916067 -18.37513
-0.0348646 -0.1734745 -0.9387529 0.3971667 -21.89733
-7.340291E-16 -3.425469E-15 -0.999 2.005 -21.97
0.0348646 0.1734745 -0.9387529 4.215303 -18.42784
0.06968672 0.3416781 -0.7652784 6.938823 -11.54157
0.1044239 0.4995 -0.4995 10.01962 -1.99
0.1390339 0.6421448 -0.1734745 13.24924 9.217213
0.1734745 0.7652784 0.1734745 16.38753 20.85702
0.2077038 0.8651594 0.4995 19.18761 31.63659
0.24168 0.9387529 0.7652784 21.42232 40.34588
0.2753617 0.9838229 0.9387529 22.9088 46.00082
0.308708 0.999 0.999 23.52854 47.96
0.3416781 0.9838229 0.9387529 23.24039 46.00082
0.374232 0.9387529 0.7652784 22.08508 40.34588
0.4063299 0.8651594 0.4995 20.18074 31.63659
0.4379328 0.7652784 0.1734745 17.70982 20.85702
0.4690021 0.6421448 -0.1734745 14.89909 9.217213
0.4995 0.4995 -0.4995 11.995 -1.99
0.5293893 0.3416781 -0.7652784 9.237336 -11.54157
0.5586337 0.1734745 -0.9387529 6.834148 -18.42784
0.5871975 1.419529E-14 -0.999 4.940988 -21.97
0.6150458 -0.1734745 -0.9387529 3.646719 -21.89733
0.6421448 -0.3416781 -0.7652784 2.967551 -18.37513
0.6684615 -0.4995 -0.4995 2.849807 -11.98
0.6939637 -0.6421448 -0.1734745 3.180998 -3.625683
0.7186205 -0.7652784 0.1734745 3.807691 5.551451
0.7424017 -0.8651594 0.4995 4.557915 14.33341
0.7652784 -0.9387529 0.7652784 5.265254 21.57082
0.7872227 -0.9838229 0.9387529 5.791649 26.32436
0.808208 -0.999 0.999 6.046041 27.98
0.8282085 -0.9838229 0.9387529 5.996578 26.32436
0.8472 -0.9387529 0.7652784 5.674862 21.57082
0.8651594 -0.8651594 0.4995 5.171703 14.33341
0.8820646 -0.7652784 0.1734745 4.624912 5.551451
0.8978953 -0.6421448 -0.1734745 4.200656 -3.625683
0.9126319 -0.4995 -0.4995 4.07066 -11.98
0.9262567 -0.3416781 -0.7652784 4.388109 -18.37513
0.9387529 -0.1734745 -0.9387529 5.265255 -21.89733
0.9501055 -1.076847E-14 -0.999 6.755527 -21.97
0.9603004 0.1734745 -0.9387529 8.842483 -18.42784
0.9693254 0.3416781 -0.7652784 11.43702 -11.54157
0.9771695 0.4995 -0.4995 14.38335 -1.99
0.9838229 0.6421448 -0.1734745 17.47319 9.217213
0.9892778 0.7652784 0.1734745 20.46655 20.85702
0.9935274 0.8651594 0.4995 23.11673 31.63659
0.9965665 0.9387529 0.7652784 25.19675 40.34588
0.9983914 0.9838229 0.9387529 26.52395 46.00082
0.999 0.999 0.999 26.98 47.96
0.9983914 0.9838229 0.9387529 26.52395 46.00082
0.9965665 0.9387529 0.7652784 25.19675 40.34588
0.9935274 0.8651594 0.4995 23.11673 31.63659
0.9892778 0.7652784 0.1734745 20.46655 20.85702
0.9838229 0.6421448 -0.1734745 17.47319 9.217213
0.9771695 0.4995 -0.4995 14.38335 -1.99
0.9693254 0.3416781 -0.7652784 11.43702 -11.54157
0.9603004 0.1734745 -0.9387529 8.842483 -18.42784
0.9501055 7.341645E-15 -0.999 6.755527 -21.97
0.9387529 -0.1734745 -0.9387529 5.265255 -21.89733
0.9262567 -0.3416781 -0.7652784 4.388109 -18.37513
0.9126319 -0.4995 -0.4995 4.07066 -11.98
0.8978953 -0.6421448 -0.1734745 4.200656 -3.625683
0.8820646 -0.7652784 0.1734745 4.624912 5.551451
0.8651594 -0.8651594 0.4995 5.171703 14.33341
0.8472 -0.9387529 0.7652784 5.674862 21.57082
0.8282085 -0.9838229 0.9387529 5.996578 26.32436
0.808208 -0.999 0.999 6.046041 27.98
0.7872227 -0.9838229 0.9387529 5.791649 26.32436
0.7652784 -0.9387529 0.7652784 5.265254 21.57082
0.7424017 -0.8651594 0.4995 4.557915 14.33341
0.7186205 -0.7652784 0.1734745 3.807691 5.551451
0.6939637 -0.6421448 -0.1734745 3.180998 -3.625683
0.6684615 -0.4995 -0.4995 2.849807 -11.98
0.6421448 -0.3416781 -0.7652784 2.967551 -18.37513
0.6150458 -0.1734745 -0.9387529 3.646719 -21.89733
0.5871975 -3.914822E-15 -0.999 4.940988 -21.97
0.5586337 0.1734745 -0.9387529 6.834148 -18.42784
0.5293893 0.3416781 -0.7652784 9.237336 -11.54157
0.4995 0.4995 -0.4995 11.995 -1.99
0.4690021 0.6421448 -0.1734745 14.89909 9.217213
0.4379328 0.7652784 0.1734745 17.70982 20.85702
0.4063299 0.8651594 0.4995 20.18074 31.63659
0.374232 0.9387529 0.7652784 22.08508 40.34588
0.3416781 0.9838229 0.9387529 23.24039 46.00082
0.308708 0.999 0.999 23.52854 47.96
0.2753617 0.9838229 0.9387529 22.9088 46.00082
0.24168 0.9387529 0.7652784 21.42232 40.34588
0.2077038 0.8651594 0.4995 19.18761 31.63659
0.1734745 0.7652784 0.1734745 16.38753 20.85702
0.1390339 0.6421448 -0.1734745 13.24924 9.217213
0.1044239 0.4995 -0.4995 10.01962 -1.99
0.06968672 0.3416781 -0.7652784 6.938823 -11.54157
0.0348646 0.1734745 -0.9387529 4.215303 -18.42784
-2.692794E-15 1.468464E-14 -0.999 2.005 -21.97
-0.0348646 -0.1734745 -0.9387529 0.3971667 -21.89733
-0.06968672 -0.3416781 -0.7652784 -0.5916067 -18.37513
-0.1044239 -0.4995 -0.4995 -1.01462 -11.98
-0.1390339 -0.6421448 -0.1734745 -0.9839901 -3.625683
-0.1734745 -0.7652784 0.1734745 -0.6527838 5.551451
-0.2077038 -0.8651594 0.4995 -0.1926128 14.33341
-0.24168 -0.9387529 0.7652784 0.2304628 21.57082
-0.2753617 -0.9838229 0.9387529 0.4787264 26.32436
-0.308708 -0.999 0.999 0.4614598 27.98
-0.3416781 -0.9838229 0.9387529 0.1471444 26.32436
-0.374232 -0.9387529 0.7652784 -0.4322974 21.57082
-0.4063299 -0.8651594 0.4995 -1.185743 14.33341
-0.4379328 -0.7652784 0.1734745 -1.975075 5.551451
-0.4690021 -0.6421448 -0.1734745 -2.633831 -3.625683
-0.4995 -0.4995 -0.4995 -2.99 -11.98
-0.5293893 -0.3416781 -0.7652784 -2.89012 -18.37513
-0.5586337 -0.1734745 -0.9387529 -2.221678 -21.89733
-0.5871975 -1.125782E-14 -0.999 -0.9309875 -21.97
-0.6150458 0.1734745 -0.9387529 0.9657516 -18.42784
-0.6421448 0.3416781 -0.7652784 3.379665 -11.54157
-0.6684615 0.4995 -0.4995 6.155193 -1.99
-0.6939637 0.6421448 -0.1734745 9.084257 9.217213
-0.7186205 0.7652784 0.1734745 11.92705 20.85702
-0.7424017 0.8651594 0.4995 14.43709 31.63659
-0.7652784 0.9387529 0.7652784 16.38753 40.34588
-0.7872227 0.9838229 0.9387529 17.59588 46.00082
-0.808208 0.999 0.999 17.94396 47.96
-0.8282085 0.9838229 0.9387529 17.39095 46.00082
-0.8472 0.9387529 0.7652784 15.97792 40.34588
-0.8651594 0.8651594 0.4995 13.8233 31.63659
-0.8820646 0.7652784 0.1734745 11.10983 20.85702
-0.8978953 0.6421448 -0.1734745 8.064599 9.217213
-0.9126319 0.4995 -0.4995 4.93434 -1.99
-0.9262567 0.3416781 -0.7652784 1.959106 -11.54157
-0.9387529 0.1734745 -0.9387529 -0.6527839 -18.42784
-0.9501055 7.830997E-15 -0.999 -2.745528 -21.97
-0.9603004 -0.1734745 -0.9387529 -4.230012 -21.89733
-0.9693254 -0.3416781 -0.7652784 -5.0898 -18.37513
-0.9771695 -0.4995 -0.4995 -5.378347 -11.98
-0.9838229 -0.6421448 -0.1734745 -5.207935 -3.625683
-0.9892778 -0.7652784 0.1734745 -4.731801 5.551451
-0.9935274 -0.8651594 0.4995 -4.121731 14.33341
-0.9965665 -0.9387529 0.7652784 -3.54397 21.57082
-0.9983914 -0.9838229 0.9387529 -3.136422 26.32436
-0.999 -0.999 0.999 -2.99 27.98
-0.9983914 -0.9838229 0.9387529 -3.136422 26.32436
-0.9965665 -0.9387529 0.7652784 -3.54397 21.57082
-0.9935274 -0.8651594 0.4995 -4.121731 14.33341
-0.9892778 -0.7652784 0.1734745 -4.731801 5.551451
-0.9838229 -0.6421448 -0.1734745 -5.207935 -3.625683
-0.9771695 -0.4995 -0.4995 -5.378347 -11.98
-0.9693254 -0.3416781 -0.7652784 -5.0898 -18.37513
-0.9603004 -0.1734745 -0.9387529 -4.230012 -21.89733
-0.9501055 -1.860082E-14 -0.999 -2.745528 -21.97
-0.9387529 0.1734745 -0.9387529 -0.6527839 -18.42784
-0.9262567 0.3416781 -0.7652784 1.959106 -11.54157
-0.9126319 0.4995 -0.4995 4.93434 -1.99
-0.8978953 0.6421448 -0.1734745 8.064599 9.217213
-0.8820646 0.7652784 0.1734745 11.10983 20.85702
-0.8651594 0.8651594 0.4995 13.8233 31.63659
-0.8472 0.9387529 0.7652784 15.97792 40.34588
-0.8282085 0.9838229 0.9387529 17.39095 46.00082
-0.808208 0.999 0.999 17.94396 47.96
-0.7872227 0.9838229 0.9387529 17.59588 46.00082
-0.7652784 0.9387529 0.7652784 16.38753 40.34588
-0.7424017 0.8651594 0.4995 14.43709 31.63659
-0.7186205 0.7652784 0.1734745 11.92705 20.85702
-0.6939637 0.6421448 -0.1734745 9.084257 9.217213
-0.6684615 0.4995 -0.4995 6.155193 -1.99
-0.6421448 0.3416781 -0.7652784 3.379665 -11.54157
-0.6150458 0.1734745 -0.9387529 0.9657516 -18.42784
-0.5871975 1.5174E-14 -0.999 -0.9309875 -21.97
-0.5586337 -0.1734745 -0.9387529 -2.221678 -21.89733
-0.5293893 -0.3416781 -0.7652784 -2.89012 -18.37513
-0.4995 -0.4995 -0.4995 -2.99 -11.98
-0.4690021 -0.6421448 -0.1734745 -2.633831 -3.625683
-0.4379328 -0.7652784 0.1734745 -1.975075 5.551451
-0.4063299 -0.8651594 0.4995 -1.185743 14.33341
-0.374232 -0.9387529 0.7652784 -0.4322974 21.57082
-0.3416781 -0.9838229 0.9387529 0.1471444 26.32436
-0.308708 -0.999 0.999 0.4614598 27.98
-0.2753617 -0.9838229 0.9387529 0.4787264 26.32436
-0.24168 -0.9387529 0.7652784 0.2304628 21.57082
-0.2077038 -0.8651594 0.4995 -0.1926128 14.33341
-0.1734745 -0.7652784 0.1734745 -0.6527838 5.551451
-0.1390339 -0.6421448 -0.1734745 -0.9839901 -3.625683
-0.1044239 -0.4995 -0.4995 -1.01462 -11.98
-0.06968672 -0.3416781 -0.7652784 -0.5916067 -18.37513
-0.0348646 -0.1734745 -0.9387529 0.3971667 -21.89733
-9.787054E-16 -1.174717E-14 -0.999 2.005 -21.97
0.0348646 0.1734745 -0.9387529 4.215303 -18.42784
0.06968672 0.3416781 -0.7652784 6.938823 -11.54157
0.1044239 0.4995 -0.4995 10.01962 -1.99
0.1390339 0.6421448 -0.1734745 13.24924 9.217213
0.1734745 0.7652784 0.1734745 16.38753 20.85702
0.2077038 0.8651594 0.4995 19.18761 31.63659
0.24168 0.9387529 0.7652784 21.42232 40.34588
0.2753617 0.9838229 0.9387529 22.9088 46.00082
0.308708 0.999 0.999 23.52854 47.96
0.3416781 0.9838229 0.9387529 23.24039 46.00082
0.374232 0.9387529 0.7652784 22.08508 40.34588
0.4063299 0.8651594 0.4995 20.18074 31.63659
0.4379328 0.7652784 0.1734745 17.70982 20.85702
0.4690021 0.6421448 -0.1734745 14.89909 9.217213
0.4995 0.4995 -0.4995 11.995 -1.99
0.5293893 0.3416781 -0.7652784 9.237336 -11.54157
0.5586337 0.1734745 -0.9387529 6.834148 -18.42784
0.5871975 8.32035E-15 -0.999 4.940988 -21.97
0.6150458 -0.1734745 -0.9387529 3.646719 -21.89733
0.6421448 -0.3416781 -0.7652784 2.967551 -18.37513
0.6684615 -0.4995 -0.4995 2.849807 -11.98
0.6939637 -0.6421448 -0.1734745 3.180998 -3.625683
0.7186205 -0.7652784 0.1734745 3.807691 5.551451
0.7424017 -0.8651594 0.4995 4.557915 14.33341
0.7652784 -0.9387529 0.7652784 5.265254 21.57082
0.7872227 -0.9838229 0.9387529 5.791649 26.32436
0.808208 -0.999 0.999 6.046041 27.98
0.8282085 -0.9838229 0.9387529 5.996578 26.32436
0.8472 -0.9387529 0.7652784 5.674862 21.57082
0.8651594 -0.8651594 0.4995 5.171703 14.33341
0.8820646 -0.7652784 0.1734745 4.624912 5.551451
0.8978953 -0.6421448 -0.1734745 4.200656 -3.625683
0.9126319 -0.4995 -0.4995 4.07066 -11.98
0.9262567 -0.3416781 -0.7652784 4.388109 -18.37513
0.9387529 -0.1734745 -0.9387529 5.265255 -21.89733
0.9501055 -1.909017E-14 -0.999 6.755527 -21.97
0.9603004 0.1734745 -0.9387529 8.842483 -18.42784
0.9693254 0.3416781 -0.7652784 11.43702 -11.54157
0.9771695 0.4995 -0.4995 14.38335 -1.99
0.9838229 0.6421448 -0.1734745 17.47319 9.217213
0.9892778 0.7652784 0.1734745 20.46655 20.85702
0.9935274 0.8651594 0.4995 23.11673 31.63659
0.9965665 0.9387529 0.7652784 25.19675 40.34588
0.9983914 0.9838229 0.9387529 26.52395 46.00082
0.999 0.999 0.999 26.98 47.96
0.9983914 0.9838229 0.9387529 26.52395 46.00082
0.9965665 0.9387529 0.7652784 25.19675 40.34588
0.9935274 0.8651594 0.4995 23.11673 31.63659
0.9892778 0.7652784 0.1734745 20.46655 20.85702
0.9838229 0.6421448 -0.1734745 17.47319 9.217213
0.9771695 0.4995 -0.4995 14.38335 -1.99
0.9693254 0.3416781 -0.7652784 11.43702 -11.54157
0.9603004 0.1734745 -0.9387529 8.842483 -18.42784
0.9501055 1.566335E-14 -0.999 6.755527 -21.97
0.9387529 -0.1734745 -0.9387529 5.265255 -21.89733
0.9262567 -0.3416781 -0.7652784 4.388109 -18.37513
0.9126319 -0.4995 -0.4995 4.07066 -11.98
0.8978953 -0.6421448 -0.1734745 4.200656 -3.625683
0.8820646 -0.7652784 0.1734745 4.624912 5.551451
0.8651594 -0.8651594 0.4995 5.171703 14.33341
0.8472 -0.9387529 0.7652784 5.674862 21.57082
0.8282085 -0.9838229 0.9387529 5.996578 26.32436
0.808208 -0.999 0.999 6.046041 27.98
0.7872227 -0.9838229 0.9387529 5.791649 26.32436
0.7652784 -0.9387529 0.7652784 5.265254 21.57082
0.7424017 -0.8651594 0.4995 4.557915 14.33341
0.7186205 -0.7652784 0.1734745 3.807691 5.551451
0.6939637 -0.6421448 -0.1734745 3.180998 -3.625683
0.6684615 -0.4995 -0.4995 2.849807 -11.98
0.6421448 -0.3416781 -0.7652784 2.967551 -18.37513
0.6150458 -0.1734745 -0.9387529 3.646719 -21.89733
0.5871975 -2.643317E-14 -0.999 4.940988 -21.97
0.5586337 0.1734745 -0.9387529 6.834148 -18.42784
0.5293893 0.3416781 -0.7652784 9.237336 -11.54157
0.4995 0.4995 -0.4995 11.995 -1.99
0.4690021 0.6421448 -0.1734745 14.89909 9.217213
0.4379328 0.7652784 0.1734745 17.70982 20.85702
0.4063299 0.8651594 0.4995 20.18074 31.63659
0.374232 0.9387529 0.7652784 22.08508 40.34588
0.3416781 0.9838229 0.9387529 23.24039 46.00082
0.308708 0.999 0.999 23.52854 47.96
0.2753617 0.9838229 0.9387529 22.9088 46.00082
0.24168 0.9387529 0.7652784 21.42232 40.34588
0.2077038 0.8651594 0.4995 19.18761 31.63659
0.1734745 0.7652784 0.1734745 16.38753 20.85702
0.1390339 0.6421448 -0.1734745 13.24924 9.217213
0.1044239 0.4995 -0.4995 10.01962 -1.99
0.06968672 0.3416781 -0.7652784 6.938823 -11.54157
0.0348646 0.1734745 -0.9387529 4.215303 -18.42784
-2.448117E-15 8.809703E-15 -0.999 2.005 -21.97
-0.0348646 -0.1734745 -0.9387529 0.3971667 -21.89733
-0.06968672 -0.3416781 -0.7652784 -0.5916067 -18.37513
-0.1044239 -0.4995 -0.4995 -1.01462 -11.98
-0.1390339 -0.6421448 -0.1734745 -0.9839901 -3.625683
-0.1734745 -0.7652784 0.1734745 -0.6527838 5.551451
-0.2077038 -0.8651594 0.4995 -0.1926128 14.33341
-0.24168 -0.9387529 0.7652784 0.2304628 21.57082
-0.2753617 -0.9838229 0.9387529 0.4787264 26.32436
-0.308708 -0.999 0.999 0.4614598 27.98
-0.3416781 -0.9838229 0.9387529 0.1471444 26.32436
-0.374232 -0.9387529 0.7652784 -0.4322974 21.57082
-0.4063299 -0.8651594 0.4995 -1.185743 14.33341
-0.4379328 -0.7652784 0.1734745 -1.975075 5.551451
-0.4690021 -0.6421448 -0.1734745 -2.633831 -3.625683
-0.4995 -0.4995 -0.4995 -2.99 -11.98
-0.5293893 -0.3416781 -0.7652784 -2.89012 -18.37513
-0.5586337 -0.1734745 -0.9387529 -2.221678 -21.89733
-0.5871975 -1.957952E-14 -0.999 -0.9309875 -21.97
-0.6150458 0.1734745 -0.9387529 0.9657516 -18.42784
-0.6421448 0.3416781 -0.7652784 3.379665 -11.54157
-0.6684615 0.4995 -0.4995 6.155193 -1.99
-0.6939637 0.6421448 -0.1734745 9.084257 9.217213
-0.7186205 0.7652784 0.1734745 11.92705 20.85702
-0.7424017 0.8651594 0.4995 14.43709 31.63659
-0.7652784 0.9387529 0.7652784 16.38753 40.34588
-0.7872227 0.9838229 0.9387529 17.59588 46.00082
-0.808208 0.999 0.999 17.94396 47.96
-0.8282085 0.9838229 0.9387529 17.39095 46.00082
-0.8472 0.9387529 0.7652784 15.97792 40.34588
-0.8651594 0.8651594 0.4995 13.8233 31.63659
-0.8820646 0.7652784 0.1734745 11.10983 20.85702
-0.8978953 0.6421448 -0.1734745 8.064599 9.217213
-0.9126319 0.4995 -0.4995 4.93434 -1.99
-0.9262567 0.3416781 -0.7652784 1.959106 -11.54157
-0.9387529 0.1734745 -0.9387529 -0.6527839 -18.42784
-0.9501055 1.956057E-15 -0.999 -2.745528 -21.97
-0.9603004 -0.1734745 -0.9387529 -4.230012 -21.89733
-0.9693254 -0.3416781 -0.7652784 -5.0898 -18.37513
-0.9771695 -0.4995 -0.4995 -5.378347 -11.98
-0.9838229 -0.6421448 -0.1734745 -5.207935 -3.625683
-0.9892778 -0.7652784 0.1734745 -4.731801 5.551451
-0.9935274 -0.8651594 0.4995 -4.121731 14.33341
-0.9965665 -0.9387529 0.7652784 -3.54397 21.57082
-0.9983914 -0.9838229 0.9387529 -3.136422 26.32436
-0.999 -0.999 0.999 -2.99 27.98
-0.9983914 -0.9838229 0.9387529 -3.136422 26.32436
-0.9965665 -0.9387529 0.7652784 -3.54397 21.57082
-0.9935274 -0.8651594 0.4995 -4.121731 14.33341
-0.9892778 -0.7652784 0.1734745 -4.731801 5.551451
-0.9838229 -0.6421448 -0.1734745 -5.207935 -3.625683
-0.9771695 -0.4995 -0.4995 -5.378347 -11.98
-0.9693254 -0.3416781 -0.7652784 -5.0898 -18.37513
-0.9603004 -0.1734745 -0.9387529 -4.230012 -21.89733
-0.9501055 -1.272588E-14 -0.999 -2.745528 -21.97
-0.9387529 0.1734745 -0.9387529 -0.6527839 -18.42784
-0.9262567 0.3416781 -0.7652784 1.959106 -11.54157
-0.9126319 0.4995 -0.4995 4.93434 -1.99
-0.8978953 0.6421448 -0.1734745 8.064599 9.217213
-0.8820646 0.7652784 0.1734745 11.10983 20.85702
-0.8651594 0.8651594 0.4995 13.8233 31.63659
-0.8472 0.9387529 0.7652784 15.97792 40.34588
-0.8282085 0.9838229 0.9387529 17.39095 46.00082
-0.808208 0.999 0.999 17.94396 47.96
-0.7872227 0.9838229 0.9387529 17.59588 46.00082
-0.7652784 0.9387529 0.7652784 16.38753 40.34588
-0.7424017 0.8651594 0.4995 14.43709 31.63659
-0.7186205 0.7652784 0.1734745 11.92705 20.85702
-0.6939637 0.6421448 -0.1734745 9.084257 9.217213
-0.6684615 0.4995 -0.4995 6.155193 -1.99
-0.6421448 0.3416781 -0.7652784 3.379665 -11.54157
-0.6150458 0.1734745 -0.9387529 0.9657516 -18.42784
-0.5871975 2.34957E-14 -0.999 -0.9309875 -21.97
-0.5586337 -0.1734745 -0.9387529 -2.221678 -21.89733
-0.5293893 -0.3416781 -0.7652784 -2.89012 -18.37513
-0.4995 -0.4995 -0.4995 -2.99 -11.98
-0.4690021 -0.6421448 -0.1734745 -2.633831 -3.625683
-0.4379328 -0.7652784 0.1734745 -1.975075 5.551451
-0.4063299 -0.8651594 0.4995 -1.185743 14.33341
-0.374232 -0.9387529 0.7652784 -0.4322974 21.57082
-0.3416781 -0.9838229 0.9387529 0.1471444 26.32436
-0.308708 -0.999 0.999 0.4614598 27.98
-0.2753617 -0.9838229 0.9387529 0.4787264 26.32436
-0.24168 -0.9387529 0.7652784 0.2304628 21.57082
-0.2077038 -0.8651594 0.4995 -0.1926128 14.33341
-0.1734745 -0.7652784 0.1734745 -0.6527838 5.551451
-0.1390339 -0.6421448 -0.1734745 -0.9839901 -3.625683
-0.1044239 -0.4995 -0.4995 -1.01462 -11.98
-0.06968672 -0.3416781 -0.7652784 -0.5916067 -18.37513
-0.0348646 -0.1734745 -0.9387529 0.3971667 -21.89733
-1.223382E-15 -5.872233E-15 -0.999 2.005 -21.97
0.0348646 0.1734745 -0.9387529 4.215303 -18.42784
0.06968672 0.3416781 -0.7652784 6.938823 -11.54157
0.1044239 0.4995 -0.4995 10.01962 -1.99
0.1390339 0.6421448 -0.1734745 13.24924 9.217213
0.1734745 0.7652784 0.1734745 16.38753 20.85702
0.2077038 0.8651594 0.4995 19.18761 31.63659
0.24168 0.9387529 0.7652784 21.42232 40.34588
0.2753617 0.9838229 0.9387529 22.9088 46.00082
0.308708 0.999 0.999 23.52854 47.96
0.3416781 0.9838229 0.9387529 23.24039 46.00082
0.374232 0.9387529 0.7652784 22.08508 40.34588
0.4063299 0.8651594 0.4995 20.18074 31.63659
0.4379328 0.7652784 0.1734745 17.70982 20.85702
0.4690021 0.6421448 -0.1734745 14.89909 9.217213
0.4995 0.4995 -0.4995 11.995 -1.99
0.5293893 0.3416781 -0.7652784 9.237336 -11.54157
0.5586337 0.1734745 -0.9387529 6.834148 -18.42784
0.5871975 1.664205E-14 -0.999 4.940988 -21.97
0.6150458 -0.1734745 -0.9387529 3.646719 -21.89733
0.6421448 -0.3416781 -0.7652784 2.967551 -18.37513
0.6684615 -0.4995 -0.4995 2.849807 -11.98
0.6939637 -0.6421448 -0.1734745 3.180998 -3.625683
0.7186205 -0.7652784 0.1734745 3.807691 5.551451
0.7424017 -0.8651594 0.4995 4.557915 14.33341
0.7652784 -0.9387529 0.7652784 5.265254 21.57082
0.7872227 -0.9838229 0.9387529 5.791649 26.32436
0.808208 -0.999 0.999 6.046041 27.98
0.8282085 -0.9838229 0.9387529 5.996578 26.32436
0.8472 -0.9387529 0.7652784 5.674862 21.57082
0.8651594 -0.8651594 0.4995 5.171703 14.33341
0.8820646 -0.7652784 0.1734745 4.624912 5.551451
0.8978953 -0.6421448 -0.1734745 4.200656 -3.625683
0.9126319 -0.4995 -0.4995 4.07066 -11.98
0.9262567 -0.3416781 -0.7652784 4.388109 -18.37513
0.9387529 -0.1734745 -0.9387529 5.265255 -21.89733
0.9501055 -2.741188E-14 -0.999 6.755527 -21.97
0.9603004 0.1734745 -0.9387529 8.842483 -18.42784
0.9693254 0.3416781 -0.7652784 11.43702 -11.54157
0.9771695 0.4995 -0.4995 14.38335 -1.99
0.9838229 0.6421448 -0.1734745 17.47319 9.217213
0.9892778 0.7652784 0.1734745 20.46655 20.85702
0.9935274 0.8651594 0.4995 23.11673 31.63659
0.9965665 0.9387529 0.7652784 25.19675 40.34588
0.9983914 0.9838229 0.9387529 26.52395 46.00082
0.999 0.999 0.999 26.98 47.96
0.9983914 0.9838229 0.9387529 26.52395 46.00082
0.9965665 0.9387529 0.7652784 25.19675 40.34588
0.9935274 0.8651594 0.4995 23.11673 31.63659
0.9892778 0.7652784 0.1734745 20.46655 20.85702
0.9838229 0.6421448 -0.1734745 17.47319 9.217213
0.9771695 0.4995 -0.4995 14.38335 -1.99
0.9693254 0.3416781 -0.7652784 11.43702 -11.54157
0.9603004 0.1734745 -0.9387529 8.842483 -18.42784
0.9501055 9.788408E-15 -0.999 6.755527 -21.97
0.9387529 -0.1734745 -0.9387529 5.265255 -21.89733
0.9262567 -0.3416781 -0.7652784 4.388109 -18.37513
0.9126319 -0.4995 -0.4995 4.07066 -11.98
0.8978953 -0.6421448 -0.1734745 4.200656 -3.625683
0.8820646 -0.7652784 0.1734745 4.624912 5.551451
0.8651594 -0.8651594 0.4995 5.171703 14.33341
0.8472 -0.9387529 0.7652784 5.674862 21.57082
0.8282085 -0.9838229 0.9387529 5.996578 26.32436
0.808208 -0.999 0.999 6.046041 27.98
0.7872227 -0.9838229 0.9387529 5.791649 26.32436
0.7652784 -0.9387529 0.7652784 5.265254 21.57082
0.7424017 -0.8651594 0.4995 4.557915 14.33341
0.7186205 -0.7652784 0.1734745 3.807691 5.551451
0.6939637 -0.6421448 -0.1734745 3.180998 -3.625683
0.6684615 -0.4995 -0.4995 2.849807 -11.98
0.6421448 -0.3416781 -0.7652784 2.967551 -18.37513
0.6150458 -0.1734745 -0.9387529 3.646719 -21.89733
0.5871975 -2.055823E-14 -0.999 4.940988 -21.97
0.5586337 0.1734745 -0.9387529 6.834148 -18.42784
0.5293893 0.3416781 -0.7652784 9.237336 -11.54157
0.4995 0.4995 -0.4995 11.995 -1.99
0.4690021 0.6421448 -0.1734745 14.89909 9.217213
0.4379328 0.7652784 0.1734745 17.70982 20.85702
0.4063299 0.8651594 0.4995 20.18074 31.63659
0.374232 0.9387529 0.7652784 22.08508 40.34588
0.3416781 0.9838229 0.9387529 23.24039 46.00082
0.308708 0.999 0.999 23.52854 47.96
0.2753617 0.9838229 0.9387529 22.9088 46.00082
0.24168 0.9387529 0.7652784 21.42232 40.34588
0.2077038 0.8651594 0.4995 19.18761 31.63659
0.1734745 0.7652784 0.1734745 16.38753 20.85702
0.1390339 0.6421448 -0.1734745 13.24924 9.217213
0.1044239 0.4995 -0.4995 10.01962 -1.99
0.06968672 0.3416781 -0.7652784 6.938823 -11.54157
0.0348646 0.1734745 -0.9387529 4.215303 -18.42784
-2.203441E-15 2.934762E-15 -0.999 2.005 -21.97
-0.0348646 -0.1734745 -0.9387529 0.3971667 -21.89733
-0.06968672 -0.3416781 -0.7652784 -0.5916067 -18.37513
-0.1044239 -0.4995 -0.4995 -1.01462 -11.98
-0.1390339 -0.6421448 -0.1734745 -0.9839901 -3.625683
-0.1734745 -0.7652784 0.1734745 -0.6527838 5.551451
-0.2077038 -0.8651594 0.4995 -0.1926128 14.33341
-0.24168 -0.9387529 0.7652784 0.2304628 21.57082
-0.2753617 -0.9838229 0.9387529 0.4787264 26.32436
-0.308708 -0.999 0.999 0.4614598 27.98
-0.3416781 -0.9838229 0.9387529 0.1471444 26.32436
-0.374232 -0.9387529 0.7652784 -0.4322974 21.57082
-0.4063299 -0.8651594 0.4995 -1.185743 14.33341
-0.4379328 -0.7652784 0.1734745 -1.975075 5.551451
-0.4690021 -0.6421448 -0.1734745 -2.633831 -3.625683
-0.4995 -0.4995 -0.4995 -2.99 -11.98
-0.5293893 -0.3416781 -0.7652784 -2.89012 -18.37513
-0.5586337 -0.1734745 -0.9387529 -2.221678 -21.89733
-0.5871975 -1.370458E-14 -0.999 -0.9309875 -21.97
-0.6150458 0.1734745 -0.9387529 0.9657516 -18.42784
-0.6421448 0.3416781 -0.7652784 3.379665 -11.54157
-0.6684615 0.4995 -0.4995 6.155193 -1.99
-0.6939637 0.6421448 -0.1734745 9.084257 9.217213
-0.7186205 0.7652784 0.1734745 11.92705 20.85702
-0.7424017 0.8651594 0.4995 14.43709 31.63659
-0.7652784 0.9387529 0.7652784 16.38753 40.34588
-0.7872227 0.9838229 0.9387529 17.59588 46.00082
-0.808208 0.999 0.999 17.94396 47.96
-0.8282085 0.9838229 0.9387529 17.39095 46.00082
-0.8472 0.9387529 0.7652784 15.97792 40.34588
-0.8651594 0.8651594 0.4995 13.8233 31.63659
-0.8820646 0.7652784 0.1734745 11.10983 20.85702
-0.8978953 0.6421448 -0.1734745 8.064599 9.217213
-0.9126319 0.4995 -0.4995 4.93434 -1.99
-0.9262567 0.3416781 -0.7652784 1.959106 -11.54157
-0.9387529 0.1734745 -0.9387529 -0.6527839 -18.42784
-0.9501055 2.44744E-14 -0.999 -2.745528 -21.97
-0.9603004 -0.1734745 -0.9387529 -4.230012 -21.89733
-0.9693254 -0.3416781 -0.7652784 -5.0898 -18.37513
-0.9771695 -0.4995 -0.4995 -5.378347 -11.98
-0.9838229 -0.6421448 -0.1734745 -5.207935 -3.625683
-0.9892778 -0.7652784 0.1734745 -4.731801 5.551451
-0.9935274 -0.8651594 0.4995 -4.121731 14.33341
-0.9965665 -0.9387529 0.7652784 -3.54397 21.57082
-0.9983914 -0.9838229 0.9387529 -3.136422 26.32436
-0.999 -0.999 0.999 -2.99 27.98
-0.9983914 -0.9838229 0.9387529 -3.136422 26.32436
-0.9965665 -0.9387529 0.7652784 -3.54397 21.57082
-0.9935274 -0.8651594 0.4995 -4.121731 14.33341
-0.9892778 -0.7652784 0.1734745 -4.731801 5.551451
-0.9838229 -0.6421448 -0.1734745 -5.207935 -3.625683
-0.9771695 -0.4995 -0.4995 -5.378347 -11.98
-0.9693254 -0.3416781 -0.7652784 -5.0898 -18.37513
-0.9603004 -0.1734745 -0.9387529 -4.230012 -21.89733
-0.9501055 -6.850938E-15 -0.999 -2.745528 -21.97
