# channels number
7
# samples number
500
# sampling rate
1
# start date
01-01-0001
# start time
00:00:00.000
# channels names
Model_8_1;Model_9_1;Model_9_2;Model_9_3;Model_9_4;Model_9_5;Model_9_6
40.70905 -80.00269 -80.00269 -80.00269 -80.00269 -80.00269 -80.00269
-15.00026 -79.72827 -81.22205 -83.95182 -79.95759 -49.64582 79.95759
-49.6038 -48.96257 -57.10183 -79.59352 -79.82245 -0.3704158 -79.82245
-15.58947 0.3693734 -15.29739 -67.39574 -79.59782 48.82478 79.59782
38.92686 49.22794 30.98668 -48.63264 -79.28457 79.05718 -79.28457
38.71661 78.88394 67.22163 -25.24605 -78.88394 78.88394 78.88394
-13.97446 78.17268 82.17425 0.3638034 -78.39753 48.67718 -78.39753
-45.23959 47.73872 71.43346 25.59482 -77.82723 0.361157 77.82723
-13.90749 -0.3581318 38.72294 47.91831 -77.17532 -47.33884 -77.17532
33.93311 -47.46445 -5.393801 65.14271 -76.44435 -76.22511 76.44435
32.93431 -75.63721 -46.9633 75.63721 -75.63721 -75.63721 -75.63721
-11.58075 -74.5427 -73.10731 78.49155 -74.7571 -46.41683 74.7571
-36.44701 -45.27303 -76.05767 73.5958 -73.80748 -0.3425034 -73.80748
-10.86416 0.3377915 -55.48266 61.63331 -72.7921 44.6502 72.7921
25.61774 44.52796 -18.40337 43.98949 -71.71496 71.50928 -71.71496
23.92818 70.58032 23.21155 22.58855 -70.58032 70.58032 70.58032
-8.053431 69.19364 56.34418 -0.3220164 -69.39266 43.08604 -69.39266
-24.08674 41.80685 71.03674 -22.41449 -68.15666 0.3162808 68.15666
-6.757363 -0.3103434 63.40302 -41.52419 -66.8772 -41.02204 -66.8772
14.79474 -40.70592 36.6264 -55.86695 -65.55933 -65.37132 65.55933
12.57979 -64.20826 -0.2979582 -64.20826 -64.20826 -64.20826 -64.20826
-3.737788 -62.64912 -35.59355 -65.96791 -62.82931 -39.01084 62.82931
-9.3687 -37.67949 -58.47957 -61.25175 -61.42793 -0.2850561 -61.42793
-1.989111 0.2784745 -62.47565 -50.81036 -60.00964 36.80952 60.00964
2.523519 36.37246 -47.2182 -35.93261 -58.58004 58.41203 -58.58004
-6.546597E-15 57.14478 -18.28864 -18.28864 -57.14478 57.14478 57.14478
0.9437361 55.54974 14.79688 0.2585198 -55.70952 34.59015 -55.70952
6.266417 33.29495 41.7174 17.85088 -54.27992 0.2518858 54.27992
2.97385 -0.2453042 54.56517 32.82189 -52.86163 -32.42498 -52.86163
-9.99472 -31.95177 50.14877 43.85229 -51.46025 -51.31266 51.46025
-12.57979 -50.0813 30.71954 50.0813 -50.0813 -50.0813 -50.0813
5.532881 -48.59046 2.98696 51.16451 -48.73022 -30.25669 48.73022
21.28813 -29.08243 -24.17489 47.27637 -47.41235 -0.2200169 -47.41235
7.645709 0.2140795 -42.54918 39.06088 -46.1329 28.29762 46.1329
-21.53461 27.87657 -47.0336 27.53946 -44.8969 44.76814 -44.8969
-23.92818 43.70924 -37.00876 13.98872 -43.70924 43.70924 43.70924
9.580428 42.4525 -16.27198 -0.1975673 -42.5746 26.43465 -42.5746
34.22602 25.45427 8.353445 -13.64715 -41.49746 0.1925688 41.49746
11.56915 -0.1878569 29.23316 -25.1354 -40.48208 -24.83144 -40.48208
-30.96653 -24.54578 40.24887 -33.68792 -39.53246 -39.41908 39.53246
-32.93431 -38.65234 38.54148 -38.65234 -38.65234 -38.65234 -38.65234
12.69018 -37.73667 25.1932 -39.73574 -37.84521 -23.49816 37.84521
43.81362 -22.76563 4.713148 -37.00779 -37.11424 -0.1722285 -37.11424
14.36013 0.1692033 -16.45354 -30.87277 -36.46232 22.36575 36.46232
-37.36724 22.28543 -31.90774 -22.01594 -35.89203 35.78909 -35.89203
-38.71661 35.40561 -37.17428 -11.33123 -35.40561 35.40561 35.40561
14.55772 34.9046 -30.94509 0.1624405 -35.00499 21.73467 -35.00499
49.11244 21.27969 -15.36324 11.40897 -34.69174 0.1609869 34.69174
15.74543 -0.1599445 4.694355 21.4007 -34.46711 -21.1419 -34.46711
-40.11018 -21.31679 23.09998 29.25628 -34.33197 -34.23351 34.33197
-40.70905 -34.28687 34.28687 34.28687 -34.28687 -34.28687 -34.28687
15.00026 -34.23351 34.8749 36.047 -34.33197 -21.31679 34.33197
49.6038 -21.1419 24.65641 34.36826 -34.46711 -0.1599445 -34.46711
15.58947 0.1609869 6.667182 29.37362 -34.69174 21.27969 34.69174
-38.92686 21.73467 -13.68095 21.47183 -35.00499 34.9046 -35.00499
-38.71661 35.40561 -30.1712 11.33123 -35.40561 35.40561 35.40561
13.97446 35.78909 -37.62109 -0.1665569 -35.89203 22.28543 -35.89203
45.23959 22.36575 -33.46682 -11.99126 -36.46232 0.1692033 36.46232
13.90749 -0.1722285 -18.62218 -23.0443 -37.11424 -22.76563 -37.11424
-33.93311 -23.49816 2.670302 -32.25012 -37.84521 -37.73667 37.84521
-32.93431 -38.65234 23.99931 -38.65234 -38.65234 -38.65234 -38.65234
11.58075 -39.41908 38.66002 -41.50728 -39.53246 -24.54578 39.53246
36.44701 -24.83144 41.71627 -40.36598 -40.48208 -0.1878569 -40.48208
10.86416 0.1925688 31.62966 -35.13604 -41.49746 25.45427 41.49746
-25.61774 26.43465 10.92542 -26.11498 -42.5746 42.4525 -42.5746
-23.92818 43.70924 -14.37453 -13.98872 -43.70924 43.70924 43.70924
8.053431 44.76814 -36.45456 0.2083439 -44.8969 27.87657 -44.8969
24.08674 28.29762 -48.08232 15.17159 -46.1329 0.2140795 46.1329
6.757363 -0.2200169 -44.94934 29.43842 -47.41235 -29.08243 -47.41235
-14.79474 -30.25669 -27.22439 41.52588 -48.73022 -48.59046 48.73022
-12.57979 -50.0813 0.2324021 50.0813 -50.0813 -50.0813 -50.0813
3.737788 -51.31266 29.15284 54.03091 -51.46025 -31.95177 51.46025
9.3687 -32.42498 50.32443 52.71003 -52.86163 -0.2453042 -52.86163
1.989111 0.2518858 56.51048 45.95899 -54.27992 33.29495 54.27992
-2.523519 34.59015 44.90443 34.17186 -55.70952 55.54974 -55.70952
-7.477884E-15 57.14478 18.28864 18.28864 -57.14478 57.14478 57.14478
-0.9437361 58.41203 -15.55931 -0.2718405 -58.58004 36.37246 -58.58004
-6.266417 36.80952 -46.12103 -19.7352 -60.00964 0.2784745 60.00964
-2.97385 -0.2850561 -63.40752 -38.14072 -61.42793 -37.67949 -61.42793
9.99472 -39.01084 -61.22808 -53.54054 -62.82931 -62.64912 62.82931
12.57979 -64.20826 -39.38493 -64.20826 -64.20826 -64.20826 -64.20826
-5.532881 -65.37132 -4.018515 -68.83432 -65.55933 -40.70592 65.55933
-21.28813 -41.02204 34.09974 -66.6854 -66.8772 -0.3103434 -66.8772
-7.645709 0.3162808 62.86209 -57.70847 -68.15666 41.80685 68.15666
21.53461 43.08604 72.69514 -42.56501 -69.39266 69.19364 -69.39266
23.92818 70.58032 59.7606 -22.58855 -70.58032 70.58032 70.58032
-9.580428 71.50928 27.40941 0.332793 -71.71496 44.52796 -71.71496
-34.22602 44.6502 -14.65306 23.93893 -72.7921 0.3377915 72.7921
-11.56915 -0.3425034 -53.2983 45.82721 -73.80748 -45.27303 -73.80748
30.96653 -46.41683 -76.11187 63.70491 -74.7571 -74.5427 74.7571
32.93431 -75.63721 -75.42029 75.63721 -75.63721 -75.63721 -75.63721
-12.69018 -76.22511 -50.88829 80.26308 -76.44435 -47.46445 76.44435
-43.81362 -47.33884 -9.800515 76.95398 -77.17532 -0.3581318 -77.17532
-14.36013 0.361157 35.11936 65.89658 -77.82723 47.73872 77.82723
37.36724 48.67718 69.6948 48.08853 -78.39753 78.17268 -78.39753
38.71661 78.88394 82.82455 25.24605 -78.88394 78.88394 78.88394
-14.55772 79.05718 70.08909 -0.3679198 -79.28457 49.22794 -79.28457
-49.11244 48.82478 35.24989 -26.1771 -79.59782 0.3693734 79.59782
-15.74543 -0.3704158 -10.87167 -49.56192 -79.82245 -48.96257 -79.82245
40.11018 -49.64582 -53.7988 -68.13654 -79.95759 -79.72827 79.95759
40.70905 -80.00269 -80.00269 -80.00269 -80.00269 -80.00269 -80.00269
-15.00026 -79.72827 -81.22205 -83.95182 -79.95759 -49.64582 79.95759
-49.6038 -48.96257 -57.10183 -79.59352 -79.82245 -0.3704158 -79.82245
-15.58947 0.3693734 -15.29739 -67.39574 -79.59782 48.82478 79.59782
38.92686 49.22794 30.98668 -48.63264 -79.28457 79.05718 -79.28457
38.71661 78.88394 67.22163 -25.24605 -78.88394 78.88394 78.88394
-13.97446 78.17268 82.17425 0.3638034 -78.39753 48.67718 -78.39753
-45.23959 47.73872 71.43346 25.59482 -77.82723 0.361157 77.82723
-13.90749 -0.3581318 38.72294 47.91831 -77.17532 -47.33884 -77.17532
33.93311 -47.46445 -5.393801 65.14271 -76.44435 -76.22511 76.44435
32.93431 -75.63721 -46.9633 75.63721 -75.63721 -75.63721 -75.63721
-11.58075 -74.5427 -73.10731 78.49155 -74.7571 -46.41683 74.7571
-36.44701 -45.27303 -76.05767 73.5958 -73.80748 -0.3425034 -73.80748
-10.86416 0.3377915 -55.48266 61.63331 -72.7921 44.6502 72.7921
25.61774 44.52796 -18.40337 43.98949 -71.71496 71.50928 -71.71496
23.92818 70.58032 23.21155 22.58855 -70.58032 70.58032 70.58032
-8.053431 69.19364 56.34418 -0.3220164 -69.39266 43.08604 -69.39266
-24.08674 41.80685 71.03674 -22.41449 -68.15666 0.3162808 68.15666
-6.757363 -0.3103434 63.40302 -41.52419 -66.8772 -41.02204 -66.8772
14.79474 -40.70592 36.6264 -55.86695 -65.55933 -65.37132 65.55933
12.57979 -64.20826 -0.2979582 -64.20826 -64.20826 -64.20826 -64.20826
-3.737788 -62.64912 -35.59355 -65.96791 -62.82931 -39.01084 62.82931
-9.3687 -37.67949 -58.47957 -61.25175 -61.42793 -0.2850561 -61.42793
-1.989111 0.2784745 -62.47565 -50.81036 -60.00964 36.80952 60.00964
2.523519 36.37246 -47.2182 -35.93261 -58.58004 58.41203 -58.58004
-2.369376E-14 57.14478 -18.28864 -18.28864 -57.14478 57.14478 57.14478
0.9437361 55.54974 14.79688 0.2585198 -55.70952 34.59015 -55.70952
6.266417 33.29495 41.7174 17.85088 -54.27992 0.2518858 54.27992
2.97385 -0.2453042 54.56517 32.82189 -52.86163 -32.42498 -52.86163
-9.99472 -31.95177 50.14877 43.85229 -51.46025 -51.31266 51.46025
-12.57979 -50.0813 30.71954 50.0813 -50.0813 -50.0813 -50.0813
5.532881 -48.59046 2.98696 51.16451 -48.73022 -30.25669 48.73022
21.28813 -29.08243 -24.17489 47.27637 -47.41235 -0.2200169 -47.41235
7.645709 0.2140795 -42.54918 39.06088 -46.1329 28.29762 46.1329
-21.53461 27.87657 -47.0336 27.53946 -44.8969 44.76814 -44.8969
-23.92818 43.70924 -37.00876 13.98872 -43.70924 43.70924 43.70924
9.580428 42.4525 -16.27198 -0.1975673 -42.5746 26.43465 -42.5746
34.22602 25.45427 8.353445 -13.64715 -41.49746 0.1925688 41.49746
11.56915 -0.1878569 29.23316 -25.1354 -40.48208 -24.83144 -40.48208
-30.96653 -24.54578 40.24887 -33.68792 -39.53246 -39.41908 39.53246
-32.93431 -38.65234 38.54148 -38.65234 -38.65234 -38.65234 -38.65234
12.69018 -37.73667 25.1932 -39.73574 -37.84521 -23.49816 37.84521
43.81362 -22.76563 4.713148 -37.00779 -37.11424 -0.1722285 -37.11424
14.36013 0.1692033 -16.45354 -30.87277 -36.46232 22.36575 36.46232
-37.36724 22.28543 -31.90774 -22.01594 -35.89203 35.78909 -35.89203
-38.71661 35.40561 -37.17428 -11.33123 -35.40561 35.40561 35.40561
14.55772 34.9046 -30.94509 0.1624405 -35.00499 21.73467 -35.00499
49.11244 21.27969 -15.36324 11.40897 -34.69174 0.1609869 34.69174
15.74543 -0.1599445 4.694355 21.4007 -34.46711 -21.1419 -34.46711
-40.11018 -21.31679 23.09998 29.25628 -34.33197 -34.23351 34.33197
-40.70905 -34.28687 34.28687 34.28687 -34.28687 -34.28687 -34.28687
15.00026 -34.23351 34.8749 36.047 -34.33197 -21.31679 34.33197
49.6038 -21.1419 24.65641 34.36826 -34.46711 -0.1599445 -34.46711
15.58947 0.1609869 6.667182 29.37362 -34.69174 21.27969 34.69174
-38.92686 21.73467 -13.68095 21.47183 -35.00499 34.9046 -35.00499
-38.71661 35.40561 -30.1712 11.33123 -35.40561 35.40561 35.40561
13.97446 35.78909 -37.62109 -0.1665569 -35.89203 22.28543 -35.89203
45.23959 22.36575 -33.46682 -11.99126 -36.46232 0.1692033 36.46232
13.90749 -0.1722285 -18.62218 -23.0443 -37.11424 -22.76563 -37.11424
-33.93311 -23.49816 2.670302 -32.25012 -37.84521 -37.73667 37.84521
-32.93431 -38.65234 23.99931 -38.65234 -38.65234 -38.65234 -38.65234
11.58075 -39.41908 38.66002 -41.50728 -39.53246 -24.54578 39.53246
36.44701 -24.83144 41.71627 -40.36598 -40.48208 -0.1878569 -40.48208
10.86416 0.1925688 31.62966 -35.13604 -41.49746 25.45427 41.49746
-25.61774 26.43465 10.92542 -26.11498 -42.5746 42.4525 -42.5746
-23.92818 43.70924 -14.37453 -13.98872 -43.70924 43.70924 43.70924
8.053431 44.76814 -36.45456 0.2083439 -44.8969 27.87657 -44.8969
24.08674 28.29762 -48.08232 15.17159 -46.1329 0.2140795 46.1329
6.757363 -0.2200169 -44.94934 29.43842 -47.41235 -29.08243 -47.41235
-14.79474 -30.25669 -27.22439 41.52588 -48.73022 -48.59046 48.73022
-12.57979 -50.0813 0.2324021 50.0813 -50.0813 -50.0813 -50.0813
3.737788 -51.31266 29.15284 54.03091 -51.46025 -31.95177 51.46025
9.3687 -32.42498 50.32443 52.71003 -52.86163 -0.2453042 -52.86163
1.989111 0.2518858 56.51048 45.95899 -54.27992 33.29495 54.27992
-2.523519 34.59015 44.90443 34.17186 -55.70952 55.54974 -55.70952
5.48654E-14 57.14478 18.28864 18.28864 -57.14478 57.14478 57.14478
-0.9437361 58.41203 -15.55931 -0.2718405 -58.58004 36.37246 -58.58004
-6.266417 36.80952 -46.12103 -19.7352 -60.00964 0.2784745 60.00964
-2.97385 -0.2850561 -63.40752 -38.14072 -61.42793 -37.67949 -61.42793
9.99472 -39.01084 -61.22808 -53.54054 -62.82931 -62.64912 62.82931
12.57979 -64.20826 -39.38493 -64.20826 -64.20826 -64.20826 -64.20826
-5.532881 -65.37132 -4.018515 -68.83432 -65.55933 -40.70592 65.55933
-21.28813 -41.02204 34.09974 -66.6854 -66.8772 -0.3103434 -66.8772
-7.645709 0.3162808 62.86209 -57.70847 -68.15666 41.80685 68.15666
21.53461 43.08604 72.69514 -42.56501 -69.39266 69.19364 -69.39266
23.92818 70.58032 59.7606 -22.58855 -70.58032 70.58032 70.58032
-9.580428 71.50928 27.40941 0.332793 -71.71496 44.52796 -71.71496
-34.22602 44.6502 -14.65306 23.93893 -72.7921 0.3377915 72.7921
-11.56915 -0.3425034 -53.2983 45.82721 -73.80748 -45.27303 -73.80748
30.96653 -46.41683 -76.11187 63.70491 -74.7571 -74.5427 74.7571
32.93431 -75.63721 -75.42029 75.63721 -75.63721 -75.63721 -75.63721
-12.69018 -76.22511 -50.88829 80.26308 -76.44435 -47.46445 76.44435
-43.81362 -47.33884 -9.800515 76.95398 -77.17532 -0.3581318 -77.17532
-14.36013 0.361157 35.11936 65.89658 -77.82723 47.73872 77.82723
37.36724 48.67718 69.6948 48.08853 -78.39753 78.17268 -78.39753
38.71661 78.88394 82.82455 25.24605 -78.88394 78.88394 78.88394
-14.55772 79.05718 70.08909 -0.3679198 -79.28457 49.22794 -79.28457
-49.11244 48.82478 35.24989 -26.1771 -79.59782 0.3693734 79.59782
-15.74543 -0.3704158 -10.87167 -49.56192 -79.82245 -48.96257 -79.82245
40.11018 -49.64582 -53.7988 -68.13654 -79.95759 -79.72827 79.95759
40.70905 -80.00269 -80.00269 -80.00269 -80.00269 -80.00269 -80.00269
-15.00026 -79.72827 -81.22205 -83.95182 -79.95759 -49.64582 79.95759
-49.6038 -48.96257 -57.10183 -79.59352 -79.82245 -0.3704158 -79.82245
-15.58947 0.3693734 -15.29739 -67.39574 -79.59782 48.82478 79.59782
38.92686 49.22794 30.98668 -48.63264 -79.28457 79.05718 -79.28457
38.71661 78.88394 67.22163 -25.24605 -78.88394 78.88394 78.88394
-13.97446 78.17268 82.17425 0.3638034 -78.39753 48.67718 -78.39753
-45.23959 47.73872 71.43346 25.59482 -77.82723 0.361157 77.82723
-13.90749 -0.3581318 38.72294 47.91831 -77.17532 -47.33884 -77.17532
33.93311 -47.46445 -5.393801 65.14271 -76.44435 -76.22511 76.44435
32.93431 -75.63721 -46.9633 75.63721 -75.63721 -75.63721 -75.63721
-11.58075 -74.5427 -73.10731 78.49155 -74.7571 -46.41683 74.7571
-36.44701 -45.27303 -76.05767 73.5958 -73.80748 -0.3425034 -73.80748
-10.86416 0.3377915 -55.48266 61.63331 -72.7921 44.6502 72.7921
25.61774 44.52796 -18.40337 43.98949 -71.71496 71.50928 -71.71496
23.92818 70.58032 23.21155 22.58855 -70.58032 70.58032 70.58032
-8.053431 69.19364 56.34418 -0.3220164 -69.39266 43.08604 -69.39266
-24.08674 41.80685 71.03674 -22.41449 -68.15666 0.3162808 68.15666
-6.757363 -0.3103434 63.40302 -41.52419 -66.8772 -41.02204 -66.8772
14.79474 -40.70592 36.6264 -55.86695 -65.55933 -65.37132 65.55933
12.57979 -64.20826 -0.2979582 -64.20826 -64.20826 -64.20826 -64.20826
-3.737788 -62.64912 -35.59355 -65.96791 -62.82931 -39.01084 62.82931
-9.3687 -37.67949 -58.47957 -61.25175 -61.42793 -0.2850561 -61.42793
-1.989111 0.2784745 -62.47565 -50.81036 -60.00964 36.80952 60.00964
2.523519 36.37246 -47.2182 -35.93261 -58.58004 58.41203 -58.58004
-4.988014E-14 57.14478 -18.28864 -18.28864 -57.14478 57.14478 57.14478
0.9437361 55.54974 14.79688 0.2585198 -55.70952 34.59015 -55.70952
6.266417 33.29495 41.7174 17.85088 -54.27992 0.2518858 54.27992
2.97385 -0.2453042 54.56517 32.82189 -52.86163 -32.42498 -52.86163
-9.99472 -31.95177 50.14877 43.85229 -51.46025 -51.31266 51.46025
-12.57979 -50.0813 30.71954 50.0813 -50.0813 -50.0813 -50.0813
5.532881 -48.59046 2.98696 51.16451 -48.73022 -30.25669 48.73022
21.28813 -29.08243 -24.17489 47.27637 -47.41235 -0.2200169 -47.41235
7.645709 0.2140795 -42.54918 39.06088 -46.1329 28.29762 46.1329
-21.53461 27.87657 -47.0336 27.53946 -44.8969 44.76814 -44.8969
-23.92818 43.70924 -37.00876 13.98872 -43.70924 43.70924 43.70924
9.580428 42.4525 -16.27198 -0.1975673 -42.5746 26.43465 -42.5746
34.22602 25.45427 8.353445 -13.64715 -41.49746 0.1925688 41.49746
11.56915 -0.1878569 29.23316 -25.1354 -40.48208 -24.83144 -40.48208
-30.96653 -24.54578 40.24887 -33.68792 -39.53246 -39.41908 39.53246
-32.93431 -38.65234 38.54148 -38.65234 -38.65234 -38.65234 -38.65234
12.69018 -37.73667 25.1932 -39.73574 -37.84521 -23.49816 37.84521
43.81362 -22.76563 4.713148 -37.00779 -37.11424 -0.1722285 -37.11424
14.36013 0.1692033 -16.45354 -30.87277 -36.46232 22.36575 36.46232
-37.36724 22.28543 -31.90774 -22.01594 -35.89203 35.78909 -35.89203
-38.71661 35.40561 -37.17428 -11.33123 -35.40561 35.40561 35.40561
14.55772 34.9046 -30.94509 0.1624405 -35.00499 21.73467 -35.00499
49.11244 21.27969 -15.36324 11.40897 -34.69174 0.1609869 34.69174
15.74543 -0.1599445 4.694355 21.4007 -34.46711 -21.1419 -34.46711
-40.11018 -21.31679 23.09998 29.25628 -34.33197 -34.23351 34.33197
-40.70905 -34.28687 34.28687 34.28687 -34.28687 -34.28687 -34.28687
15.00026 -34.23351 34.8749 36.047 -34.33197 -21.31679 34.33197
49.6038 -21.1419 24.65641 34.36826 -34.46711 -0.1599445 -34.46711
15.58947 0.1609869 6.667182 29.37362 -34.69174 21.27969 34.69174
-38.92686 21.73467 -13.68095 21.47183 -35.00499 34.9046 -35.00499
-38.71661 35.40561 -30.1712 11.33123 -35.40561 35.40561 35.40561
13.97446 35.78909 -37.62109 -0.1665569 -35.89203 22.28543 -35.89203
45.23959 22.36575 -33.46682 -11.99126 -36.46232 0.1692033 36.46232
13.90749 -0.1722285 -18.62218 -23.0443 -37.11424 -22.76563 -37.11424
-33.93311 -23.49816 2.670302 -32.25012 -37.84521 -37.73667 37.84521
-32.93431 -38.65234 23.99931 -38.65234 -38.65234 -38.65234 -38.65234
11.58075 -39.41908 38.66002 -41.50728 -39.53246 -24.54578 39.53246
36.44701 -24.83144 41.71627 -40.36598 -40.48208 -0.1878569 -40.48208
10.86416 0.1925688 31.62966 -35.13604 -41.49746 25.45427 41.49746
-25.61774 26.43465 10.92542 -26.11498 -42.5746 42.4525 -42.5746
-23.92818 43.70924 -14.37453 -13.98872 -43.70924 43.70924 43.70924
8.053431 44.76814 -36.45456 0.2083439 -44.8969 27.87657 -44.8969
24.08674 28.29762 -48.08232 15.17159 -46.1329 0.2140795 46.1329
6.757363 -0.2200169 -44.94934 29.43842 -47.41235 -29.08243 -47.41235
-14.79474 -30.25669 -27.22439 41.52588 -48.73022 -48.59046 48.73022
-12.57979 -50.0813 0.2324021 50.0813 -50.0813 -50.0813 -50.0813
3.737788 -51.31266 29.15284 54.03091 -51.46025 -31.95177 51.46025
9.3687 -32.42498 50.32443 52.71003 -52.86163 -0.2453042 -52.86163
1.989111 0.2518858 56.51048 45.95899 -54.27992 33.29495 54.27992
-2.523519 34.59015 44.90443 34.17186 -55.70952 55.54974 -55.70952
4.489489E-14 57.14478 18.28864 18.28864 -57.14478 57.14478 57.14478
-0.9437361 58.41203 -15.55931 -0.2718405 -58.58004 36.37246 -58.58004
-6.266417 36.80952 -46.12103 -19.7352 -60.00964 0.2784745 60.00964
-2.97385 -0.2850561 -63.40752 -38.14072 -61.42793 -37.67949 -61.42793
9.99472 -39.01084 -61.22808 -53.54054 -62.82931 -62.64912 62.82931
12.57979 -64.20826 -39.38493 -64.20826 -64.20826 -64.20826 -64.20826
-5.532881 -65.37132 -4.018515 -68.83432 -65.55933 -40.70592 65.55933
-21.28813 -41.02204 34.09974 -66.6854 -66.8772 -0.3103434 -66.8772
-7.645709 0.3162808 62.86209 -57.70847 -68.15666 41.80685 68.15666
21.53461 43.08604 72.69514 -42.56501 -69.39266 69.19364 -69.39266
23.92818 70.58032 59.7606 -22.58855 -70.58032 70.58032 70.58032
-9.580428 71.50928 27.40941 0.332793 -71.71496 44.52796 -71.71496
-34.22602 44.6502 -14.65306 23.93893 -72.7921 0.3377915 72.7921
-11.56915 -0.3425034 -53.2983 45.82721 -73.80748 -45.27303 -73.80748
30.96653 -46.41683 -76.11187 63.70491 -74.7571 -74.5427 74.7571
32.93431 -75.63721 -75.42029 75.63721 -75.63721 -75.63721 -75.63721
-12.69018 -76.22511 -50.88829 80.26308 -76.44435 -47.46445 76.44435
-43.81362 -47.33884 -9.800515 76.95398 -77.17532 -0.3581318 -77.17532
-14.36013 0.361157 35.11936 65.89658 -77.82723 47.73872 77.82723
37.36724 48.67718 69.6948 48.08853 -78.39753 78.17268 -78.39753
38.71661 78.88394 82.82455 25.24605 -78.88394 78.88394 78.88394
-14.55772 79.05718 70.08909 -0.3679198 -79.28457 49.22794 -79.28457
-49.11244 48.82478 35.24989 -26.1771 -79.59782 0.3693734 79.59782
-15.74543 -0.3704158 -10.87167 -49.56192 -79.82245 -48.96257 -79.82245
40.11018 -49.64582 -53.7988 -68.13654 -79.95759 -79.72827 79.95759
40.70905 -80.00269 -80.00269 -80.00269 -80.00269 -80.00269 -80.00269
-15.00026 -79.72827 -81.22205 -83.95182 -79.95759 -49.64582 79.95759
-49.6038 -48.96257 -57.10183 -79.59352 -79.82245 -0.3704158 -79.82245
-15.58947 0.3693734 -15.29739 -67.39574 -79.59782 48.82478 79.59782
38.92686 49.22794 30.98668 -48.63264 -79.28457 79.05718 -79.28457
38.71661 78.88394 67.22163 -25.24605 -78.88394 78.88394 78.88394
-13.97446 78.17268 82.17425 0.3638034 -78.39753 48.67718 -78.39753
-45.23959 47.73872 71.43346 25.59482 -77.82723 0.361157 77.82723
-13.90749 -0.3581318 38.72294 47.91831 -77.17532 -47.33884 -77.17532
33.93311 -47.46445 -5.393801 65.14271 -76.44435 -76.22511 76.44435
32.93431 -75.63721 -46.9633 75.63721 -75.63721 -75.63721 -75.63721
-11.58075 -74.5427 -73.10731 78.49155 -74.7571 -46.41683 74.7571
-36.44701 -45.27303 -76.05767 73.5958 -73.80748 -0.3425034 -73.80748
-10.86416 0.3377915 -55.48266 61.63331 -72.7921 44.6502 72.7921
25.61774 44.52796 -18.40337 43.98949 -71.71496 71.50928 -71.71496
23.92818 70.58032 23.21155 22.58855 -70.58032 70.58032 70.58032
-8.053431 69.19364 56.34418 -0.3220164 -69.39266 43.08604 -69.39266
-24.08674 41.80685 71.03674 -22.41449 -68.15666 0.3162808 68.15666
-6.757363 -0.3103434 63.40302 -41.52419 -66.8772 -41.02204 -66.8772
14.79474 -40.70592 36.6264 -55.86695 -65.55933 -65.37132 65.55933
12.57979 -64.20826 -0.2979582 -64.20826 -64.20826 -64.20826 -64.20826
-3.737788 -62.64912 -35.59355 -65.96791 -62.82931 -39.01084 62.82931
-9.3687 -37.67949 -58.47957 -61.25175 -61.42793 -0.2850561 -61.42793
-1.989111 0.2784745 -62.47565 -50.81036 -60.00964 36.80952 60.00964
2.523519 36.37246 -47.2182 -35.93261 -58.58004 58.41203 -58.58004
-3.990963E-14 57.14478 -18.28864 -18.28864 -57.14478 57.14478 57.14478
0.9437361 55.54974 14.79688 0.2585198 -55.70952 34.59015 -55.70952
6.266417 33.29495 41.7174 17.85088 -54.27992 0.2518858 54.27992
2.97385 -0.2453042 54.56517 32.82189 -52.86163 -32.42498 -52.86163
-9.99472 -31.95177 50.14877 43.85229 -51.46025 -51.31266 51.46025
-12.57979 -50.0813 30.71954 50.0813 -50.0813 -50.0813 -50.0813
5.532881 -48.59046 2.98696 51.16451 -48.73022 -30.25669 48.73022
21.28813 -29.08243 -24.17489 47.27637 -47.41235 -0.2200169 -47.41235
7.645709 0.2140795 -42.54918 39.06088 -46.1329 28.29762 46.1329
-21.53461 27.87657 -47.0336 27.53946 -44.8969 44.76814 -44.8969
-23.92818 43.70924 -37.00876 13.98872 -43.70924 43.70924 43.70924
9.580428 42.4525 -16.27198 -0.1975673 -42.5746 26.43465 -42.5746
34.22602 25.45427 8.353445 -13.64715 -41.49746 0.1925688 41.49746
11.56915 -0.1878569 29.23316 -25.1354 -40.48208 -24.83144 -40.48208
-30.96653 -24.54578 40.24887 -33.68792 -39.53246 -39.41908 39.53246
-32.93431 -38.65234 38.54148 -38.65234 -38.65234 -38.65234 -38.65234
12.69018 -37.73667 25.1932 -39.73574 -37.84521 -23.49816 37.84521
43.81362 -22.76563 4.713148 -37.00779 -37.11424 -0.1722285 -37.11424
14.36013 0.1692033 -16.45354 -30.87277 -36.46232 22.36575 36.46232
-37.36724 22.28543 -31.90774 -22.01594 -35.89203 35.78909 -35.89203
-38.71661 35.40561 -37.17428 -11.33123 -35.40561 35.40561 35.40561
14.55772 34.9046 -30.94509 0.1624405 -35.00499 21.73467 -35.00499
49.11244 21.27969 -15.36324 11.40897 -34.69174 0.1609869 34.69174
15.74543 -0.1599445 4.694355 21.4007 -34.46711 -21.1419 -34.46711
-40.11018 -21.31679 23.09998 29.25628 -34.33197 -34.23351 34.33197
-40.70905 -34.28687 34.28687 34.28687 -34.28687 -34.28687 -34.28687
15.00026 -34.23351 34.8749 36.047 -34.33197 -21.31679 34.33197
49.6038 -21.1419 24.65641 34.36826 -34.46711 -0.1599445 -34.46711
15.58947 0.1609869 6.667182 29.37362 -34.69174 21.27969 34.69174
-38.92686 21.73467 -13.68095 21.47183 -35.00499 34.9046 -35.00499
-38.71661 35.40561 -30.1712 11.33123 -35.40561 35.40561 35.40561
13.97446 35.78909 -37.62109 -0.1665569 -35.89203 22.28543 -35.89203
45.23959 22.36575 -33.46682 -11.99126 -36.46232 0.1692033 36.46232
13.90749 -0.1722285 -18.62218 -23.0443 -37.11424 -22.76563 -37.11424
-33.93311 -23.49816 2.670302 -32.25012 -37.84521 -37.73667 37.84521
-32.93431 -38.65234 23.99931 -38.65234 -38.65234 -38.65234 -38.65234
11.58075 -39.41908 38.66002 -41.50728 -39.53246 -24.54578 39.53246
36.44701 -24.83144 41.71627 -40.36598 -40.48208 -0.1878569 -40.48208
10.86416 0.1925688 31.62966 -35.13604 -41.49746 25.45427 41.49746
-25.61774 26.43465 10.92542 -26.11498 -42.5746 42.4525 -42.5746
-23.92818 43.70924 -14.37453 -13.98872 -43.70924 43.70924 43.70924
8.053431 44.76814 -36.45456 0.2083439 -44.8969 27.87657 -44.8969
24.08674 28.29762 -48.08232 15.17159 -46.1329 0.2140795 46.1329
6.757363 -0.2200169 -44.94934 29.43842 -47.41235 -29.08243 -47.41235
-14.79474 -30.25669 -27.22439 41.52588 -48.73022 -48.59046 48.73022
-12.57979 -50.0813 0.2324021 50.0813 -50.0813 -50.0813 -50.0813
3.737788 -51.31266 29.15284 54.03091 -51.46025 -31.95177 51.46025
9.3687 -32.42498 50.32443 52.71003 -52.86163 -0.2453042 -52.86163
1.989111 0.2518858 56.51048 45.95899 -54.27992 33.29495 54.27992
-2.523519 34.59015 44.90443 34.17186 -55.70952 55.54974 -55.70952
3.492438E-14 57.14478 18.28864 18.28864 -57.14478 57.14478 57.14478
-0.9437361 58.41203 -15.55931 -0.2718405 -58.58004 36.37246 -58.58004
-6.266417 36.80952 -46.12103 -19.7352 -60.00964 0.2784745 60.00964
-2.97385 -0.2850561 -63.40752 -38.14072 -61.42793 -37.67949 -61.42793
9.99472 -39.01084 -61.22808 -53.54054 -62.82931 -62.64912 62.82931
12.57979 -64.20826 -39.38493 -64.20826 -64.20826 -64.20826 -64.20826
-5.532881 -65.37132 -4.018515 -68.83432 -65.55933 -40.70592 65.55933
-21.28813 -41.02204 34.09974 -66.6854 -66.8772 -0.3103434 -66.8772
-7.645709 0.3162808 62.86209 -57.70847 -68.15666 41.80685 68.15666
21.53461 43.08604 72.69514 -42.56501 -69.39266 69.19364 -69.39266
23.92818 70.58032 59.7606 -22.58855 -70.58032 70.58032 70.58032
-9.580428 71.50928 27.40941 0.332793 -71.71496 44.52796 -71.71496
-34.22602 44.6502 -14.65306 23.93893 -72.7921 0.3377915 72.7921
-11.56915 -0.3425034 -53.2983 45.82721 -73.80748 -45.27303 -73.80748
30.96653 -46.41683 -76.11187 63.70491 -74.7571 -74.5427 74.7571
32.93431 -75.63721 -75.42029 75.63721 -75.63721 -75.63721 -75.63721
-12.69018 -76.22511 -50.88829 80.26308 -76.44435 -47.46445 76.44435
-43.81362 -47.33884 -9.800515 76.95398 -77.17532 -0.3581318 -77.17532
-14.36013 0.361157 35.11936 65.89658 -77.82723 47.73872 77.82723
37.36724 48.67718 69.6948 48.08853 -78.39753 78.17268 -78.39753
38.71661 78.88394 82.82455 25.24605 -78.88394 78.88394 78.88394
-14.55772 79.05718 70.08909 -0.3679198 -79.28457 49.22794 -79.28457
-49.11244 48.82478 35.24989 -26.1771 -79.59782 0.3693734 79.59782
-15.74543 -0.3704158 -10.87167 -49.56192 -79.82245 -48.96257 -79.82245
40.11018 -49.64582 -53.7988 -68.13654 -79.95759 -79.72827 79.95759
40.70905 -80.00269 -80.00269 -80.00269 -80.00269 -80.00269 -80.00269
-15.00026 -79.72827 -81.22205 -83.95182 -79.95759 -49.64582 79.95759
-49.6038 -48.96257 -57.10183 -79.59352 -79.82245 -0.3704158 -79.82245
-15.58947 0.3693734 -15.29739 -67.39574 -79.59782 48.82478 79.59782
38.92686 49.22794 30.98668 -48.63264 -79.28457 79.05718 -79.28457
38.71661 78.88394 67.22163 -25.24605 -78.88394 78.88394 78.88394
-13.97446 78.17268 82.17425 0.3638034 -78.39753 48.67718 -78.39753
-45.23959 47.73872 71.43346 25.59482 -77.82723 0.361157 77.82723
-13.90749 -0.3581318 38.72294 47.91831 -77.17532 -47.33884 -77.17532
33.93311 -47.46445 -5.393801 65.14271 -76.44435 -76.22511 76.44435
32.93431 -75.63721 -46.9633 75.63721 -75.63721 -75.63721 -75.63721
-11.58075 -74.5427 -73.10731 78.49155 -74.7571 -46.41683 74.7571
-36.44701 -45.27303 -76.05767 73.5958 -73.80748 -0.3425034 -73.80748
-10.86416 0.3377915 -55.48266 61.63331 -72.7921 44.6502 72.7921
25.61774 44.52796 -18.40337 43.98949 -71.71496 71.50928 -71.71496
23.92818 70.58032 23.21155 22.58855 -70.58032 70.58032 70.58032
-8.053431 69.19364 56.34418 -0.3220164 -69.39266 43.08604 -69.39266
-24.08674 41.80685 71.03674 -22.41449 -68.15666 0.3162808 68.15666
-6.757363 -0.3103434 63.40302 -41.52419 -66.8772 -41.02204 -66.8772
14.79474 -40.70592 36.6264 -55.86695 -65.55933 -65.37132 65.55933
12.57979 -64.20826 -0.2979582 -64.20826 -64.20826 -64.20826 -64.20826
-3.737788 -62.64912 -35.59355 -65.96791 -62.82931 -39.01084 62.82931
-9.3687 -37.67949 -58.47957 -61.25175 -61.42793 -0.2850561 -61.42793
-1.989111 0.2784745 -62.47565 -50.81036 -60.00964 36.80952 60.00964
2.523519 36.37246 -47.2182 -35.93261 -58.58004 58.41203 -58.58004
-2.993912E-14 57.14478 -18.28864 -18.28864 -57.14478 57.14478 57.14478
0.9437361 55.54974 14.79688 0.2585198 -55.70952 34.59015 -55.70952
6.266417 33.29495 41.7174 17.85088 -54.27992 0.2518858 54.27992
2.97385 -0.2453042 54.56517 32.82189 -52.86163 -32.42498 -52.86163
-9.99472 -31.95177 50.14877 43.85229 -51.46025 -51.31266 51.46025
-12.57979 -50.0813 30.71954 50.0813 -50.0813 -50.0813 -50.0813
5.532881 -48.59046 2.98696 51.16451 -48.73022 -30.25669 48.73022
21.28813 -29.08243 -24.17489 47.27637 -47.41235 -0.2200169 -47.41235
7.645709 0.2140795 -42.54918 39.06088 -46.1329 28.29762 46.1329
-21.53461 27.87657 -47.0336 27.53946 -44.8969 44.76814 -44.8969
-23.92818 43.70924 -37.00876 13.98872 -43.70924 43.70924 43.70924
9.580428 42.4525 -16.27198 -0.1975673 -42.5746 26.43465 -42.5746
34.22602 25.45427 8.353445 -13.64715 -41.49746 0.1925688 41.49746
11.56915 -0.1878569 29.23316 -25.1354 -40.48208 -24.83144 -40.48208
-30.96653 -24.54578 40.24887 -33.68792 -39.53246 -39.41908 39.53246
-32.93431 -38.65234 38.54148 -38.65234 -38.65234 -38.65234 -38.65234
12.69018 -37.73667 25.1932 -39.73574 -37.84521 -23.49816 37.84521
43.81362 -22.76563 4.713148 -37.00779 -37.11424 -0.1722285 -37.11424
14.36013 0.1692033 -16.45354 -30.87277 -36.46232 22.36575 36.46232
-37.36724 22.28543 -31.90774 -22.01594 -35.89203 35.78909 -35.89203
-38.71661 35.40561 -37.17428 -11.33123 -35.40561 35.40561 35.40561
14.55772 34.9046 -30.94509 0.1624405 -35.00499 21.73467 -35.00499
49.11244 21.27969 -15.36324 11.40897 -34.69174 0.1609869 34.69174
15.74543 -0.1599445 4.694355 21.4007 -34.46711 -21.1419 -34.46711
-40.11018 -21.31679 23.09998 29.25628 -34.33197 -34.23351 34.33197
-40.70905 -34.28687 34.28687 34.28687 -34.28687 -34.28687 -34.28687
15.00026 -34.23351 34.8749 36.047 -34.33197 -21.31679 34.33197
49.6038 -21.1419 24.65641 34.36826 -34.46711 -0.1599445 -34.46711
15.58947 0.1609869 6.667182 29.37362 -34.69174 21.27969 34.69174
-38.92686 21.73467 -13.68095 21.47183 -35.00499 34.9046 -35.00499
-38.71661 35.40561 -30.1712 11.33123 -35.40561 35.40561 35.40561
13.97446 35.78909 -37.62109 -0.1665569 -35.89203 22.28543 -35.89203
45.23959 22.36575 -33.46682 -11.99126 -36.46232 0.1692033 36.46232
13.90749 -0.1722285 -18.62218 -23.0443 -37.11424 -22.76563 -37.11424
-33.93311 -23.49816 2.670302 -32.25012 -37.84521 -37.73667 37.84521
-32.93431 -38.65234 23.99931 -38.65234 -38.65234 -38.65234 -38.65234
11.58075 -39.41908 38.66002 -41.50728 -39.53246 -24.54578 39.53246
36.44701 -24.83144 41.71627 -40.36598 -40.48208 -0.1878569 -40.48208
10.86416 0.1925688 31.62966 -35.13604 -41.49746 25.45427 41.49746
-25.61774 26.43465 10.92542 -26.11498 -42.5746 42.4525 -42.5746
-23.92818 43.70924 -14.37453 -13.98872 -43.70924 43.70924 43.70924
8.053431 44.76814 -36.45456 0.2083439 -44.8969 27.87657 -44.8969
24.08674 28.29762 -48.08232 15.17159 -46.1329 0.2140795 46.1329
6.757363 -0.2200169 -44.94934 29.43842 -47.41235 -29.08243 -47.41235
-14.79474 -30.25669 -27.22439 41.52588 -48.73022 -48.59046 48.73022
-12.57979 -50.0813 0.2324021 50.0813 -50.0813 -50.0813 -50.0813
3.737788 -51.31266 29.15284 54.03091 -51.46025 -31.95177 51.46025
9.3687 -32.42498 50.32443 52.71003 -52.86163 -0.2453042 -52.86163
1.989111 0.2518858 56.51048 45.95899 -54.27992 33.29495 54.27992
-2.523519 34.59015 44.90443 34.17186 -55.70952 55.54974 -55.70952
2.495387E-14 57.14478 18.28864 18.28864 -57.14478 57.14478 57.14478
-0.9437361 58.41203 -15.55931 -0.2718405 -58.58004 36.37246 -58.58004
-6.266417 36.80952 -46.12103 -19.7352 -60.00964 0.2784745 60.00964
-2.97385 -0.2850561 -63.40752 -38.14072 -61.42793 -37.67949 -61.42793
9.99472 -39.01084 -61.22808 -53.54054 -62.82931 -62.64912 62.82931
12.57979 -64.20826 -39.38493 -64.20826 -64.20826 -64.20826 -64.20826
-5.532881 -65.37132 -4.018515 -68.83432 -65.55933 -40.70592 65.55933
-21.28813 -41.02204 34.09974 -66.6854 -66.8772 -0.3103434 -66.8772
-7.645709 0.3162808 62.86209 -57.70847 -68.15666 41.80685 68.15666
21.53461 43.08604 72.69514 -42.56501 -69.39266 69.19364 -69.39266
23.92818 70.58032 59.7606 -22.58855 -70.58032 70.58032 70.58032
-9.580428 71.50928 27.40941 0.332793 -71.71496 44.52796 -71.71496
-34.22602 44.6502 -14.65306 23.93893 -72.7921 0.3377915 72.7921
-11.56915 -0.3425034 -53.2983 45.82721 -73.80748 -45.27303 -73.80748
30.96653 -46.41683 -76.11187 63.70491 -74.7571 -74.5427 74.7571
32.93431 -75.63721 -75.42029 75.63721 -75.63721 -75.63721 -75.63721
-12.69018 -76.22511 -50.88829 80.26308 -76.44435 -47.46445 76.44435
-43.81362 -47.33884 -9.800515 76.95398 -77.17532 -0.3581318 -77.17532
-14.36013 0.361157 35.11936 65.89658 -77.82723 47.73872 77.82723
37.36724 48.67718 69.6948 48.08853 -78.39753 78.17268 -78.39753
38.71661 78.88394 82.82455 25.24605 -78.88394 78.88394 78.88394
-14.55772 79.05718 70.08909 -0.3679198 -79.28457 49.22794 -79.28457
-49.11244 48.82478 35.24989 -26.1771 -79.59782 0.3693734 79.59782
-15.74543 -0.3704158 -10.87167 -49.56192 -79.82245 -48.96257 -79.82245
40.11018 -49.64582 -53.7988 -68.13654 -79.95759 -79.72827 79.95759
