# channels number
5
# samples number
       501
# sampling rate
         1
# start date
20-07-2014
# start time
18:32:41.000
# channels names
BHN;BHE;BHZ;HH1;HH2
228874 -476747 133.636 -209.939 -43.2837 
228908 -476727 168.689 -349.048 97.963 
228873 -476748 153.345 245.764 -211.178 
228877 -476714 155.14 -52.2003 352.209 
228858 -476731 140.055 278.31 -74.9181 
228895 -476717 161.601 -117.684 -442.07 
228889 -476691 127.797 44.3296 219.164 
228914 -476685 161.012 -47.8224 49.4033 
228840 -476728 145.403 -247.305 -38.7669 
228874 -476671 175.853 78.0232 -193.683 
228867 -476680 120.618 217.729 -12.8847 
228943 -476696 175.696 50.9769 167.194 
228865 -476703 142.266 -151.613 349.176 
228902 -476722 142.336 -178.655 -441.768 
228880 -476656 172.143 -63.0483 45.9524 
228873 -476760 155.852 48.8948 -255.361 
228878 -476661 158.102 10.7486 -57.6773 
228905 -476760 144.727 61.4689 -8.95011 
228883 -476684 143.423 174.171 -122.941 
228829 -476746 154.694 107.723 32.5348 
228865 -476712 169.903 -230.04 -276.859 
228832 -476769 141.608 -246.659 -308.384 
228817 -476706 133.551 375.729 234.707 
228792 -476713 178.002 -679.766 -79.9309 
228783 -476690 133.491 337.053 -324.057 
228748 -476719 180.46 208.428 6.82483 
228831 -476707 143.565 -159.225 -138.997 
228727 -476683 140.728 35.0854 49.5148 
228748 -476689 137.845 99.8673 -178.343 
228763 -476697 171.319 -566.161 -284.599 
228797 -476629 145.752 -122.968 -683.361 
228740 -476648 177.091 356.605 191.927 
228771 -476635 115.708 26.9634 77.6037 
228832 -476597 169.991 92.1477 -473.513 
228763 -476615 137.003 142.437 -211.253 
228781 -476542 183.297 -553.619 -42.2632 
228811 -476661 144.216 357.089 -350.703 
228750 -476511 147.15 -415.9 -377.284 
228840 -476613 167.783 404.037 -16.5304 
228804 -476527 132.535 -7.38422 -350.097 
228772 -476558 174.206 -358.949 -83.9671 
228784 -476556 133.366 179.631 27.9951 
228815 -476526 141.907 -129.497 -430.643 
228750 -476547 161.007 -183.375 -359.756 
228840 -476505 155.94 218.379 -551.67 
228772 -476566 164.304 121.974 -101.636 
228772 -476549 117.116 56.0782 -30.9974 
228731 -476537 150.576 -35.6306 -190.088 
228784 -476563 151.621 122.27 -477.635 
228728 -476552 167.465 -103.002 -187.078 
228737 -476574 170.179 -28.2243 -312.08 
228747 -476575 141.938 234.503 -98.1185 
228668 -476550 128.424 -282.915 -271.204 
228712 -476606 152.823 249.546 -313.329 
228681 -476529 153.442 -319.365 -3.38503 
228610 -476569 169.676 457.838 -571.834 
228644 -476556 141.108 -62.2996 -419.688 
228648 -476551 151.54 178.693 49.7818 
228614 -476512 146.518 -395.407 -343.728 
228682 -476551 160.624 249.83 -346.199 
228618 -476486 153.737 51.2985 -376.181 
228721 -476483 151.115 -92.1967 -237.377 
228616 -476495 155.944 104.209 19.0806 
228712 -476486 153.019 23.3844 -284.102 
228585 -476530 155.894 411.851 -373.981 
228688 -476451 144.381 4.39326 -242.985 
228678 -476472 165.815 22.1357 80.7146 
228639 -476396 127.353 -91.8326 -396.937 
228669 -476499 160.919 110.076 -430.931 
228695 -476401 157.34 8.67551 38.5446 
228657 -476466 142.805 578.638 -557.807 
228695 -476441 161.774 -439.255 66.7476 
228648 -476418 135.449 131.487 -138.389 
228728 -476458 172.721 160.409 -287.495 
228700 -476423 158.439 -163.042 -236.744 
228735 -476459 136.465 229.94 -469.277 
228668 -476490 156.775 170.561 29.1313 
228735 -476427 160.278 -292.281 -152.792 
228740 -476547 146.531 532.559 -195.641 
228667 -476493 155.246 260.764 -124.735 
228749 -476497 152.835 -374.66 -11.7417 
228699 -476533 140.083 13.3999 -428.877 
228698 -476550 166.87 -36.8503 -125.7 
228723 -476528 162.09 141.73 -88.6369 
228643 -476525 123.831 377.892 -68.9862 
228653 -476545 155.286 400.831 -27.3984 
228654 -476524 149.508 -412.145 -315.488 
228668 -476582 168.71 431.854 -345.037 
228623 -476543 150.566 -173.165 140.416 
228594 -476476 153.045 -175.193 238.34 
228577 -476571 158.316 597.151 -276.749 
228569 -476499 154.705 -555.817 29.0972 
228563 -476544 143.629 181.308 -132.856 
228592 -476503 139.659 383.836 -640.335 
228510 -476568 167.001 23.7037 542.598 
228580 -476497 155.047 -464.347 -1.44902 
228521 -476524 178.544 308.917 -199.059 
228550 -476494 109.511 82.4274 -384.358 
228585 -476514 189.421 -309.475 27.8895 
228550 -476510 133.15 493.332 140.653 
228518 -476477 169.941 114.543 14.6304 
228596 -476498 139.253 -327.003 -63.902 
228538 -476434 160.815 153.389 -126.888 
228567 -476470 156.408 86.5303 56.7471 
228547 -476440 140.445 68.6594 34.1418 
228563 -476507 163.445 101.512 3.82544 
228564 -476387 135.329 9.83319 -239.471 
228545 -476411 149.329 219.538 158.137 
228571 -476405 165.231 -425.731 40.9432 
228533 -476448 167.925 465.631 99.3401 
228546 -476380 129.888 -334.076 -242.66 
228518 -476357 176.413 -362.098 -234.624 
228529 -476325 132.354 250.201 369.143 
228525 -476322 140.697 51.9764 -39.1059 
228472 -476331 172.183 466.871 -64.3235 
228530 -476311 147.523 -82.4336 -226.508 
228518 -476320 177.075 -315.461 304.272 
228383 -476331 124.033 -86.714 -267.831 
228509 -476308 172.376 239.949 250.357 
228444 -476267 135.644 195.097 -151.754 
228470 -476357 182.203 -126.647 104.088 
228430 -476194 145.911 289.207 95.7747 
228437 -476299 136.676 -429.318 -49.6846 
228438 -476267 156.973 209.501 -194.405 
228450 -476223 189.948 175.458 59.7256 
228456 -476290 127.356 -340.4 231.953 
228430 -476287 154.582 346.318 54.0647 
228474 -476269 147.732 -261.068 -224.335 
228387 -476238 157.245 -176.301 -182.242 
228476 -476300 155.152 69.1068 315.135 
228383 -476214 179.513 302.43 150.496 
228395 -476335 118.837 -176.022 -149.67 
228375 -476262 137.746 -154.669 74.2428 
228353 -476289 170.972 -144.551 -255.955 
228294 -476270 155.32 340.853 341.61 
228234 -476308 162.975 160.85 -190.828 
228220 -476249 139.653 -76.8428 -19.749 
228186 -476292 156.644 -152.721 313.821 
228255 -476234 161.059 -75.5443 -165.185 
228165 -476229 161.346 293.783 126.396 
228183 -476271 150.64 -31.9977 -92.2651 
228133 -476232 157.263 -377.157 42.7538 
228166 -476194 137.348 28.0809 55.3996 
228142 -476252 166.647 -11.8728 104.925 
228108 -476227 151.34 371.874 -128.368 
228124 -476203 162.89 -322.021 211.66 
228111 -476207 143.885 53.6177 155.476 
228148 -476203 155.637 -335.806 -317.297 
228081 -476231 157.907 310.512 140.769 
228132 -476205 173.431 -165.871 152.376 
228127 -476222 140.948 84.8032 -308.402 
228131 -476142 162.019 239.74 -73.6612 
228125 -476197 140.647 -408.625 487.96 
228143 -476189 173.469 652.708 -381.12 
228112 -476193 131.386 -121.41 237.944 
228112 -476178 162.26 -242.512 -331.232 
228127 -476159 160.787 -123.365 -78.5744 
228151 -476113 158.357 126.648 571.356 
228150 -476156 145.623 4.32802 2.71003 
228104 -476120 163.375 64.6089 -198.611 
228102 -476090 151.442 54.2004 0.359905 
228121 -476032 150.204 191.363 -92.2613 
228095 -476102 136.391 -203.392 -14.192 
228190 -476044 175.297 340.097 261.472 
228019 -476039 146.494 -232.397 -58.9777 
228138 -476010 155.607 -38.9003 -550.239 
228035 -475965 145.869 323.517 222.031 
228148 -476013 155.233 8.62576 -34.4908 
227988 -475977 169.607 -63.3702 37.3604 
228068 -475987 142.931 298.826 -167.486 
228048 -475900 163.244 80.1624 16.797 
228029 -475966 131.227 -86.9067 -3.07623 
228021 -475938 165.682 -166.644 -257.526 
227972 -475912 154.982 -137.437 285.774 
228024 -475938 158.398 628.57 27.7017 
228020 -475871 139.861 41.5417 89.5594 
227996 -475953 155.512 -297.799 -153.968 
228071 -475845 147.794 174.839 -408.393 
227991 -475908 150.844 228.897 87.3485 
228039 -475830 158.477 -187.744 216.165 
228038 -475906 168.816 50.9264 -81.745 
227966 -475812 120.574 -60.977 -257.169 
228095 -475927 191.413 66.7831 98.4994 
228004 -475731 121.672 713.081 -305.982 
228052 -475935 187.412 -76.2778 173.517 
228026 -475716 87.0352 -205.909 -390.157 
228065 -475989 232.121 -252.766 70.4893 
228217 -474604 -393.801 125.842 313.474 
227907 -476165 456.76 481.68 -405.712 
227814 -477544 725.997 -163.304 41.6413 
228120 -474200 -456.669 -134.488 -79.1783 
228373 -474474 -203.665 246.059 -32.1013 
227771 -476315 397.478 28.5802 513.18 
228181 -475263 -323.273 167.425 -638.713 
227995 -476590 888.129 -40.0333 -13.3905 
227501 -478889 1368.79 -152.383 140.064 
227336 -477164 605.694 -19.641 -26.3061 
228279 -474136 -481.65 642.083 347.042 
227030 -476603 780.632 -420.282 5150.12 
227975 -475615 -721.747 448.407 -13727.2 
228438 -475983 -212.058 -2289.36 -9263.25 
228642 -469965 -2195.54 -2731.87 13445.7 
228941 -466602 -2815.13 2883.18 13503.9 
229302 -475114 163.043 3018.4 16919.5 
227209 -484833 4004.61 1677.98 8497.79 
227937 -478546 1334.69 1322.07 -36527.5 
228691 -470096 67.4568 -5761.07 -23493.7 
227047 -474118 -812.377 -6845.36 -32279.9 
227961 -474776 -1542.32 670.817 4375.18 
228502 -475545 -279.467 -6330.1 39680.7 
229104 -472779 99.725 13281.6 -11336.3 
228678 -474461 327.738 3122.56 -2663.55 
226947 -481290 2646.68 -326.414 45270.5 
225794 -483506 2868.74 2166.19 135763 
227586 -476667 135.309 19084.7 98369.5 
228486 -470910 -888.209 22555.7 -69918.8 
226772 -476514 -634.255 -21557.6 -175021 
227641 -475014 -1491.89 -38134.9 -8932.86 
228209 -476586 576.243 7023.66 93035.5 
228122 -483665 3233.24 14714.3 22323.6 
227749 -475754 690.838 4937.05 -12361.8 
226754 -472958 -361.634 20908 88942.4 
227282 -478183 752.102 13232.6 11170.4 
227946 -476600 -1501.22 -19659.3 -221360 
229148 -475507 504.715 -46526.9 -53152 
227182 -476178 1584.37 -14220.8 80186.8 
226985 -474503 -532.174 14895.6 -31647.5 
228908 -476793 -555.832 6889 59611.3 
226834 -476793 368.486 8366.6 -22151.8 
227150 -477698 1010.51 16239.2 -77089.1 
227538 -477227 738.78 -26582.2 -36681.5 
228973 -472445 -1988.16 3559.81 66372.7 
227885 -473031 -929.551 16342.4 99262.8 
226708 -477172 1424 -19205.3 -68433.6 
227879 -475267 654.821 17768.6 -9536.26 
227553 -476949 -1103.14 -268.879 -37848.2 
226855 -477488 613.876 -7303.27 -54738.7 
227594 -474481 413.006 -7745.59 83928.7 
229028 -474424 144.115 10135.1 -23263.4 
229156 -475154 -587.14 12523 -57207.6 
226457 -475481 -680.004 -12924 -54707.3 
227136 -474844 432.422 -18444.3 24726.4 
227558 -473676 -434.552 12858 49755 
228199 -476529 283.495 -4751.84 9938.43 
227373 -473052 667.243 24491.4 -1631.74 
228183 -475374 42.2739 -8811.12 -24491.6 
229355 -474913 -207.371 -17570.4 -47780.3 
226254 -475122 -9.44254 -15751 -27749.3 
226709 -475079 77.1465 -1540.35 36970.2 
229135 -476154 680.802 11751.4 38625.4 
227439 -476282 -245.429 22451.3 47665.2 
226734 -475685 666.125 -11931.2 -4652.47 
227687 -471427 368.787 5986.65 4906.99 
228978 -476856 -446.4 2610.65 12842.7 
227326 -478155 90.2699 -5713.24 -10630.4 
226650 -474061 176.32 18403.4 26526.3 
227054 -476029 1085.15 -12862.4 -8208.88 
229442 -474223 -529.413 -3126.52 -16315.7 
227974 -476357 -528.93 5939.45 62879.6 
226092 -477614 740.721 -7133.6 29457.4 
225732 -476954 1003.65 -1470.72 1302.46 
228374 -474896 14.7005 7731.75 -32470.9 
230063 -475339 243.377 9199.49 -4663.81 
226787 -476583 60.4648 -16951.1 -1217.13 
227081 -475030 -409.287 9619.56 28824.4 
227935 -475810 -23.0413 14132.2 49552 
227568 -476282 674.995 -7081.37 -10921.8 
225964 -476063 567.55 5270.05 -57973.4 
228668 -474758 698.414 -23188.2 -14824.5 
227804 -475148 -479.039 -11630.7 28931.2 
227163 -473525 -1106.69 12757.3 50534 
227663 -477004 -124.425 26449 -7793.02 
226852 -476249 467.448 6607.97 -38105.4 
226532 -476365 566.622 -6055.73 -1507.88 
227919 -474683 137.276 -22703.1 -1109.48 
228339 -473941 183.607 3743.83 -30550.8 
229371 -473881 -388.28 10697.8 12084.5 
226482 -477084 -64.1112 -17675.3 -19008.7 
225584 -477510 -16.1491 -1933.92 4831.65 
228594 -474762 381.798 21267.2 11963 
228325 -476459 820.918 -16972.5 -24062.4 
226101 -475057 -44.9837 -14111.3 -1920.59 
228490 -476139 41.9703 19301.3 13283.7 
229324 -476405 -217.884 16239.5 16466.6 
225628 -474711 806.714 5033.78 -28336.4 
226231 -475764 626.008 -23023.6 -10857.7 
228185 -475270 210.299 659.638 6962.33 
229733 -476233 70.8782 -16161.7 -14633.9 
227286 -475379 94.8641 2666.11 4886.52 
226028 -476116 -226.343 -13503.8 41240.8 
227276 -476451 108.745 33371.2 -12227.4 
227425 -474297 -15.5162 16617 4403.59 
227498 -476790 763.117 -26136.3 -19977.3 
227905 -475352 797.502 -4694.55 -29648.6 
227796 -476083 500.679 1091.34 2992.15 
228144 -475431 -217.366 -7869.57 56419.5 
226502 -474746 -486.012 -13489.3 3087.25 
226809 -476303 601.189 20430.8 -19480.8 
229391 -475719 402.208 3927.87 11709.1 
227490 -474706 -143.143 3293.7 -21995.3 
225605 -476271 39.2788 9177.72 -10612.7 
227818 -474462 369.999 -12968.1 19007.8 
227499 -473107 -271.968 -1452.21 1388.1 
227639 -476709 249.47 19976.8 -31859.6 
227663 -476123 200.966 -11696.4 19311.8 
228061 -474999 602.542 215.81 -332.586 
227648 -473003 472.444 -10790.3 -30988.6 
227304 -474723 -586.727 -907.421 29583.4 
226318 -475135 -281.114 22201.9 9455.55 
226988 -473861 583.891 -8058.25 -5390.69 
229221 -475540 -201.459 -6648.99 -15512.7 
227900 -475191 -404.221 11283.7 -6713.09 
225948 -475388 269.8 12125.6 2207.65 
227851 -475130 1076.71 -20674.1 12225.1 
229134 -474589 238.558 -26875 24463.4 
227310 -475706 -22.7026 31217.9 -1893.51 
225421 -474575 295.942 -6573.88 -11857.4 
227840 -475917 279.762 5100.4 22217.3 
229030 -476288 -569.236 -9690.09 -16458.9 
227026 -475297 121.297 7360 -24912.2 
226423 -475542 196.115 -9065.09 38396.2 
227366 -476224 214.708 3715.45 8478.31 
228396 -473725 515.453 24889.6 -27617.6 
227795 -474631 126.302 -17093.4 18947.9 
225918 -475562 685.207 15718.1 3100.2 
227824 -476171 410.78 -10124.3 -14376.6 
228603 -475332 285.547 1749.33 -4725.78 
229201 -472983 -230.358 -15838.2 -7083.76 
229768 -474235 -777.335 -6849.53 -789.011 
231639 -474873 -228.553 19037.3 -7010.06 
227586 -474009 179.05 1747.31 3909.85 
223670 -473867 -205.847 9930.24 6346.38 
223848 -474089 -771.664 -20326.4 -20541.7 
223599 -474890 562.96 -113.388 -6582.61 
223717 -476533 453.69 -3590.2 15127.8 
224197 -474557 178.294 -6990.1 21476.6 
229072 -474275 -568.449 2459.62 -3743.47 
229744 -477459 -501.818 6461.14 -17585.3 
227941 -477399 993.154 2891.87 5568.83 
227319 -475841 694.986 944.539 20283 
224509 -475042 212.04 1889.93 4020.78 
224385 -475691 79.5768 14627.2 -6004.6 
226642 -477352 749.643 -12523.2 -12055 
225708 -475686 827.705 -1363.8 -8005.31 
225488 -473863 -21.2455 -7631.87 17943.7 
226340 -473792 -50.2533 1316.95 5773.68 
228258 -475968 -164.768 10459.9 10197.3 
227399 -475914 182.105 8823.41 -2418.08 
225272 -474965 771.954 19611.8 8895.76 
227456 -474678 1030.63 56939.1 -7658.23 
230823 -471196 1220.34 55670 -27800.9 
231419 -471569 1000.06 13230.6 -6957.52 
222992 -472069 399.268 -50344.6 18582.9 
219733 -474685 -509.79 -57784.3 2715.65 
224609 -475882 -1796.45 -26340.1 -1673.02 
231223 -475983 -1858.54 -27527.8 12654.1 
235707 -476201 -976.712 -41071.9 6111.72 
232520 -475141 -1776.92 -26289.4 -24033.1 
229298 -475528 -1439.88 7072.68 -12240.6 
227831 -477435 1034.1 13552.8 -2227.52 
225544 -479426 1938.4 13677 -24041.5 
225705 -481699 2170.21 32148.8 -22461.4 
229310 -476095 698.331 7849.73 8838.8 
229749 -471101 620.071 15703.4 -10012.3 
230284 -473348 1899.81 27146.6 -6744.4 
232450 -473607 2448.1 -30043.8 -17541.6 
233138 -474093 428.987 -64140.5 7075.11 
232535 -473444 -1422.19 -52963 -18802.2 
229405 -473680 -2113.5 -28588.6 -27561.4 
226079 -476520 -596.558 -27984.3 50516.3 
224686 -474109 145.97 -48095.9 50942.7 
223765 -474880 -248.292 -13087.6 30069.7 
221602 -475858 -763.66 46742.4 43382.7 
219742 -476154 -773.417 59711.3 42652.6 
222768 -474992 1184.19 12971.2 -28137.6 
225090 -473164 648.248 -22695 -30315.7 
223036 -474273 -506.949 48414.2 -10633.9 
223678 -477272 -656.351 14396.3 -10861 
227504 -476357 -729.382 -25256 -1000.83 
229076 -473921 337.626 -5335.57 1038.68 
229811 -474018 576.371 2707.85 10942.7 
233219 -474553 147.517 15521.6 -10885.5 
236595 -473115 -398.746 59606.5 -49253.2 
233953 -474578 -241.431 26921.4 -45095.7 
230580 -475728 238.861 -36760.4 9432.79 
229124 -477041 193.36 -17506.7 33719.6 
226370 -477663 -205.142 15456.3 32119.2 
223353 -478012 -768.848 -8876.73 27814.5 
218160 -478469 412.8 -19356 33901.6 
215296 -479470 754.966 34281.6 -14668.9 
220786 -477085 683.774 56298.9 -22108.2 
222989 -477534 812.432 79084.3 -27987 
223260 -480208 719.105 78206.1 -67662.6 
224814 -475701 2238.83 -4644.65 4131.97 
227678 -473492 2212.54 -48990.6 85019.4 
227932 -475960 1165.84 -52841.6 84259.8 
226890 -475041 2169.78 -63740.9 40939.7 
228075 -475198 2876.93 16218.4 -31429.4 
229532 -472879 1866.89 83521.9 -79763.1 
228073 -472461 1713.32 45058.1 -20856.1 
225981 -472289 2262.64 -12525.6 27249.1 
226007 -471634 2272.33 -18964.1 -34089.4 
224632 -471167 1523.69 14561.4 32974.7 
223218 -470718 660.672 63427.7 33552.3 
227726 -468180 624.767 8082.84 -15201.3 
231088 -471351 789.994 -73483 -33215.8 
229491 -471684 -320.076 -43590.7 -46594.4 
229009 -469120 -1222.85 23042.3 -40129.2 
231509 -469926 -1407.41 50868.8 -41968.9 
230497 -471339 -853.593 3875.86 -36651.7 
232362 -471676 -1399 -29067.4 4013.2 
231115 -471987 -2223.56 -39375.5 12264.5 
227482 -471976 -3351.71 -105837 -7233.65 
225083 -473574 -4457.85 -123368 -6698.1 
224964 -474989 -4070.04 -100284 -44619.8 
225289 -476924 -3363.07 -58272.1 -37360.9 
226000 -477639 -3408.76 17560.2 -912.347 
228356 -477088 -2692.2 104381 -22413 
226859 -478551 -1473.91 74072 -30091.7 
225725 -480435 -1361.75 23964.6 -2889.21 
226087 -480267 -2439.84 4728.64 17355.6 
225246 -481876 -835.932 2615.18 -6381.53 
222528 -481501 875.157 -44970.1 30626.6 
223403 -481101 1606.99 -73978 50430.5 
225770 -480512 2911.33 -17266 29486.1 
226247 -480430 2214.64 31616.3 22415.6 
226423 -478492 2792.46 39075.9 32500.2 
225955 -476371 3801.22 -33215.8 50181.7 
224740 -474352 3281.3 -75106.1 41162.1 
226009 -474473 3682.33 -40327.4 32220.8 
227317 -472522 3830.99 27438 51867.7 
228651 -470463 2397.27 69720.3 85736.2 
225381 -472197 1709.95 67267.8 90425.3 
224516 -470402 1856.24 63053.1 59518.1 
225522 -468080 1856.55 100669 40029.5 
226607 -468829 774.831 89647.6 48516.6 
226984 -469424 -759.941 42381.6 35853.6 
227813 -471466 -1569.84 16730.5 15174.8 
227837 -470369 -1204.21 -5758.3 -12215.6 
227906 -470570 -1584.14 -19246.9 -32433.7 
228437 -472294 -2398.25 -3481.73 -16154 
228678 -475135 -2625.25 -3263.99 -21592.6 
228683 -476281 -3167.45 -40208.6 -41554.2 
228877 -476623 -2454.37 -35261.5 -86558.7 
228999 -477403 -1610.77 -29570.5 -106132 
229149 -478516 -233.439 -13033.7 -72505.7 
225800 -477840 -457.364 -16948 -54451.3 
225368 -478230 -716.39 -39972.7 -58642.5 
224663 -478803 670.262 -52693.6 -66683.2 
223345 -477929 836.277 -51366.9 -50771.2 
222553 -476544 1422.47 -21826.7 -47414 
224400 -477655 2247.51 -21853 -58773.1 
225566 -477653 2518.74 -36822.3 -42715.2 
224269 -476222 3798.49 -39625.3 1789.15 
223808 -473424 3600.41 9330.03 13257.5 
224306 -468947 2180.07 50094.8 -276.756 
225515 -466948 1538.13 51859.7 16057.6 
228949 -467524 -34.6341 27897.3 45392.1 
229749 -469581 -1419.22 37796.4 35224.7 
229423 -469932 -1642.32 34115.6 19024.3 
230151 -473799 -2139.56 19711.4 28021.4 
230092 -475359 -2486.16 26631.3 57854.3 
228194 -476320 -1953.9 36811.9 104616 
226398 -477677 -759.933 42945.8 83440.2 
225257 -476834 -248.082 25816.4 68477 
226446 -475775 -573.218 -2328.47 45234.1 
225899 -475598 -817.289 -39017.7 41394.7 
224931 -476435 -560.67 -55225.9 12092.8 
225126 -478337 177.023 -39723.7 -19551.3 
222655 -478614 1043.51 -10710.5 -28243.4 
224106 -477076 1926.57 -12436.9 -12672.9 
226488 -474372 2163.75 3585.09 -15709.8 
226859 -473627 2240.77 -6010.84 -31428.1 
227225 -473530 1350 -12177.3 -25715.1 
226684 -472716 586.96 8715.79 -31356.2 
225803 -472189 957.61 -10466.4 -61681.1 
226667 -471309 901.363 -29666.5 -94954.4 
227220 -470967 -548.644 -2456.49 -109041 
226191 -472490 -1274.56 14860.3 -83316.1 
226732 -475342 -740.517 26688.1 -62314.6 
228237 -476264 -682.662 18980.1 5327.33 
227448 -477659 -1232.85 10496.9 71002.7 
226047 -476906 -743.715 25762.2 80237.7 
224825 -473728 486.467 16901.5 72647.5 
225038 -472450 798.575 -6777.78 50635.8 
224808 -474184 702.882 -7216.64 82609.5 
225458 -474838 110.322 -30289.3 59393.8 
225352 -474895 -379.452 -65542.2 31251.4 
225766 -475228 -606.797 -39573.8 34947.7 
226109 -475891 -367.981 3353.31 16988.2 
225719 -475228 338.653 16313.4 -13033.8 
226394 -474273 1108.39 11561.4 -31421.9 
226426 -474455 976.723 7623.24 -29927.2 
226271 -474318 1157.73 28726.1 -25777.9 
228496 -474943 665.701 33432.1 -56137.1 
228178 -475484 -198.117 49670.6 -63940.3 
226086 -475185 -382.271 43300.8 -26419.7 
222938 -473764 -1039.56 -5746.94 -27542.1 
223689 -472957 -532.379 -28886.7 -23408.3 
225477 -475028 237.587 -8884.91 3704.59 
226006 -475813 398.382 -27319.9 -6594.64 
